206000.000	0.300000

1

25

3	3

9	9

5	5

0	1	2	3	4	5	6	7	8	9	10	11	12	13	14	15	16	17	18	19	20	21	22	23	24	

18	0	0

0.00000	0.00000	0.00000	0.00000	0.50000	1.00000	1.00000	1.00000	1.00000	
0.00000	0.00000	0.00000	0.00000	0.50000	1.00000	1.00000	1.00000	1.00000	

0	1.0000000000	0.0000000000	1.0000000000	
1	1.2083333333	0.0000000000	1.0000000000	
2	1.6250000000	0.0000000000	1.0000000000	
3	2.0416666667	0.0000000000	1.0000000000	
4	2.2500000000	0.0000000000	1.0000000000	
5	1.0000000000	0.2612038750	0.9023689271	
6	1.2083333333	0.3156213489	0.9023689271	
7	1.6250000000	0.4244562968	0.9023689271	
8	2.0416666667	0.5332912447	0.9023689271	
9	2.2500000000	0.5877087187	0.9023689271	
10	0.7928932188	0.7928932188	0.8047378541	
11	0.9580793061	0.9580793061	0.8047378541	
12	1.2884514806	1.2884514806	0.8047378541	
13	1.6188236551	1.6188236551	0.8047378541	
14	1.7840097423	1.7840097423	0.8047378541	
15	0.2612038750	1.0000000000	0.9023689271	
16	0.3156213489	1.2083333333	0.9023689271	
17	0.4244562968	1.6250000000	0.9023689271	
18	0.5332912447	2.0416666667	0.9023689271	
19	0.5877087187	2.2500000000	0.9023689271	
20	0.0000000000	1.0000000000	1.0000000000	
21	0.0000000000	1.2083333333	1.0000000000	
22	0.0000000000	1.6250000000	1.0000000000	
23	0.0000000000	2.0416666667	1.0000000000	
24	0.0000000000	2.2500000000	1.0000000000	

0	1	0.0000000000
1	1	0.0000000000
2	1	0.0000000000
3	1	0.0000000000
4	1	0.0000000000
9	1	0.0000000000
14	1	0.0000000000
19	1	0.0000000000
24	1	0.0000000000
4	0	0.0000000000
9	0	0.0000000000
14	0	0.0000000000
19	0	0.0000000000
20	0	0.0000000000
21	0	0.0000000000
22	0	0.0000000000
23	0	0.0000000000
24	0	0.0000000000


