2

206000  0.3

1

900

3	3

34	34

30	30

0   1   2   3   4   5   6   7   8   9   10   11   12   13   14   15   16   17   18   19   20   21   22   23   24   25   26   27   28   29   30   31   32   33   34   35   36   37   38   39   40   41   42   43   44   45   46   47   48   49   50   51   52   53   54   55   56   57   58   59   60   61   62   63   64   65   66   67   68   69   70   71   72   73   74   75   76   77   78   79   80   81   82   83   84   85   86   87   88   89   90   91   92   93   94   95   96   97   98   99   100   101   102   103   104   105   106   107   108   109   110   111   112   113   114   115   116   117   118   119   120   121   122   123   124   125   126   127   128   129   130   131   132   133   134   135   136   137   138   139   140   141   142   143   144   145   146   147   148   149   150   151   152   153   154   155   156   157   158   159   160   161   162   163   164   165   166   167   168   169   170   171   172   173   174   175   176   177   178   179   180   181   182   183   184   185   186   187   188   189   190   191   192   193   194   195   196   197   198   199   200   201   202   203   204   205   206   207   208   209   210   211   212   213   214   215   216   217   218   219   220   221   222   223   224   225   226   227   228   229   230   231   232   233   234   235   236   237   238   239   240   241   242   243   244   245   246   247   248   249   250   251   252   253   254   255   256   257   258   259   260   261   262   263   264   265   266   267   268   269   270   271   272   273   274   275   276   277   278   279   280   281   282   283   284   285   286   287   288   289   290   291   292   293   294   295   296   297   298   299   300   301   302   303   304   305   306   307   308   309   310   311   312   313   314   315   316   317   318   319   320   321   322   323   324   325   326   327   328   329   330   331   332   333   334   335   336   337   338   339   340   341   342   343   344   345   346   347   348   349   350   351   352   353   354   355   356   357   358   359   360   361   362   363   364   365   366   367   368   369   370   371   372   373   374   375   376   377   378   379   380   381   382   383   384   385   386   387   388   389   390   391   392   393   394   395   396   397   398   399   400   401   402   403   404   405   406   407   408   409   410   411   412   413   414   415   416   417   418   419   420   421   422   423   424   425   426   427   428   429   430   431   432   433   434   435   436   437   438   439   440   441   442   443   444   445   446   447   448   449   450   451   452   453   454   455   456   457   458   459   460   461   462   463   464   465   466   467   468   469   470   471   472   473   474   475   476   477   478   479   480   481   482   483   484   485   486   487   488   489   490   491   492   493   494   495   496   497   498   499   500   501   502   503   504   505   506   507   508   509   510   511   512   513   514   515   516   517   518   519   520   521   522   523   524   525   526   527   528   529   530   531   532   533   534   535   536   537   538   539   540   541   542   543   544   545   546   547   548   549   550   551   552   553   554   555   556   557   558   559   560   561   562   563   564   565   566   567   568   569   570   571   572   573   574   575   576   577   578   579   580   581   582   583   584   585   586   587   588   589   590   591   592   593   594   595   596   597   598   599   600   601   602   603   604   605   606   607   608   609   610   611   612   613   614   615   616   617   618   619   620   621   622   623   624   625   626   627   628   629   630   631   632   633   634   635   636   637   638   639   640   641   642   643   644   645   646   647   648   649   650   651   652   653   654   655   656   657   658   659   660   661   662   663   664   665   666   667   668   669   670   671   672   673   674   675   676   677   678   679   680   681   682   683   684   685   686   687   688   689   690   691   692   693   694   695   696   697   698   699   700   701   702   703   704   705   706   707   708   709   710   711   712   713   714   715   716   717   718   719   720   721   722   723   724   725   726   727   728   729   730   731   732   733   734   735   736   737   738   739   740   741   742   743   744   745   746   747   748   749   750   751   752   753   754   755   756   757   758   759   760   761   762   763   764   765   766   767   768   769   770   771   772   773   774   775   776   777   778   779   780   781   782   783   784   785   786   787   788   789   790   791   792   793   794   795   796   797   798   799   800   801   802   803   804   805   806   807   808   809   810   811   812   813   814   815   816   817   818   819   820   821   822   823   824   825   826   827   828   829   830   831   832   833   834   835   836   837   838   839   840   841   842   843   844   845   846   847   848   849   850   851   852   853   854   855   856   857   858   859   860   861   862   863   864   865   866   867   868   869   870   871   872   873   874   875   876   877   878   879   880   881   882   883   884   885   886   887   888   889   890   891   892   893   894   895   896   897   898   899

118 0   0

0.0000000000000000e+00	0.0000000000000000e+00	0.0000000000000000e+00	0.0000000000000000e+00	3.7037037037037035e-02	7.4074074074074070e-02	1.1111111111111110e-01	1.4814814814814814e-01	1.8518518518518517e-01	2.2222222222222221e-01	2.5925925925925924e-01	2.9629629629629628e-01	3.3333333333333331e-01	3.7037037037037035e-01	4.0740740740740738e-01	4.4444444444444442e-01	4.8148148148148145e-01	5.1851851851851849e-01	5.5555555555555558e-01	5.9259259259259256e-01	6.2962962962962965e-01	6.6666666666666663e-01	7.0370370370370372e-01	7.4074074074074070e-01	7.7777777777777779e-01	8.1481481481481477e-01	8.5185185185185186e-01	8.8888888888888884e-01	9.2592592592592593e-01	9.6296296296296291e-01	1.0000000000000000e+00	1.0000000000000000e+00	1.0000000000000000e+00	1.0000000000000000e+00
0.0000000000000000e+00	0.0000000000000000e+00	0.0000000000000000e+00	0.0000000000000000e+00	3.7037037037037035e-02	7.4074074074074070e-02	1.1111111111111110e-01	1.4814814814814814e-01	1.8518518518518517e-01	2.2222222222222221e-01	2.5925925925925924e-01	2.9629629629629628e-01	3.3333333333333331e-01	3.7037037037037035e-01	4.0740740740740738e-01	4.4444444444444442e-01	4.8148148148148145e-01	5.1851851851851849e-01	5.5555555555555558e-01	5.9259259259259256e-01	6.2962962962962965e-01	6.6666666666666663e-01	7.0370370370370372e-01	7.4074074074074070e-01	7.7777777777777779e-01	8.1481481481481477e-01	8.5185185185185186e-01	8.8888888888888884e-01	9.2592592592592593e-01	9.6296296296296291e-01	1.0000000000000000e+00	1.0000000000000000e+00	1.0000000000000000e+00	1.0000000000000000e+00

0	1.0000000000000000e+00	0.0000000000000000e+00	1.0000000000000000e+00
1	1.0123456790123457e+00	0.0000000000000000e+00	1.0000000000000000e+00
2	1.0370370370370372e+00	0.0000000000000000e+00	1.0000000000000000e+00
3	1.0740740740740740e+00	0.0000000000000000e+00	1.0000000000000000e+00
4	1.1111111111111112e+00	0.0000000000000000e+00	9.9999999999999989e-01
5	1.1481481481481481e+00	0.0000000000000000e+00	1.0000000000000000e+00
6	1.1851851851851851e+00	0.0000000000000000e+00	1.0000000000000000e+00
7	1.2222222222222223e+00	0.0000000000000000e+00	1.0000000000000000e+00
8	1.2592592592592593e+00	0.0000000000000000e+00	9.9999999999999989e-01
9	1.2962962962962965e+00	0.0000000000000000e+00	1.0000000000000000e+00
10	1.3333333333333335e+00	0.0000000000000000e+00	1.0000000000000000e+00
11	1.3703703703703702e+00	0.0000000000000000e+00	1.0000000000000002e+00
12	1.4074074074074074e+00	0.0000000000000000e+00	9.9999999999999989e-01
13	1.4444444444444444e+00	0.0000000000000000e+00	1.0000000000000000e+00
14	1.4814814814814816e+00	0.0000000000000000e+00	1.0000000000000000e+00
15	1.5185185185185186e+00	0.0000000000000000e+00	1.0000000000000000e+00
16	1.5555555555555558e+00	0.0000000000000000e+00	9.9999999999999989e-01
17	1.5925925925925926e+00	0.0000000000000000e+00	1.0000000000000000e+00
18	1.6296296296296298e+00	0.0000000000000000e+00	9.9999999999999989e-01
19	1.6666666666666665e+00	0.0000000000000000e+00	1.0000000000000000e+00
20	1.7037037037037037e+00	0.0000000000000000e+00	1.0000000000000000e+00
21	1.7407407407407407e+00	0.0000000000000000e+00	1.0000000000000000e+00
22	1.7777777777777777e+00	0.0000000000000000e+00	1.0000000000000000e+00
23	1.8148148148148149e+00	0.0000000000000000e+00	1.0000000000000000e+00
24	1.8518518518518521e+00	0.0000000000000000e+00	1.0000000000000000e+00
25	1.8888888888888891e+00	0.0000000000000000e+00	1.0000000000000000e+00
26	1.9259259259259258e+00	0.0000000000000000e+00	1.0000000000000000e+00
27	1.9629629629629630e+00	0.0000000000000000e+00	1.0000000000000000e+00
28	1.9876543209876543e+00	0.0000000000000000e+00	1.0000000000000000e+00
29	2.0000000000000000e+00	0.0000000000000000e+00	1.0000000000000000e+00
30	1.0000000000000000e+00	1.7586611865278816e-02	9.9276806867127287e-01
31	1.0123456790123457e+00	1.7803730530282256e-02	9.9276806867127287e-01
32	1.0370370370370372e+00	1.8237967860289143e-02	9.9276806867127287e-01
33	1.0740740740740740e+00	1.8889323855299470e-02	9.9276806867127287e-01
34	1.1111111111111107e+00	1.9540679850309793e-02	9.9276806867127276e-01
35	1.1481481481481481e+00	2.0192035845320120e-02	9.9276806867127287e-01
36	1.1851851851851851e+00	2.0843391840330447e-02	9.9276806867127287e-01
37	1.2222222222222223e+00	2.1494747835340774e-02	9.9276806867127287e-01
38	1.2592592592592593e+00	2.2146103830351101e-02	9.9276806867127276e-01
39	1.2962962962962965e+00	2.2797459825361428e-02	9.9276806867127287e-01
40	1.3333333333333335e+00	2.3448815820371754e-02	9.9276806867127287e-01
41	1.3703703703703700e+00	2.4100171815382078e-02	9.9276806867127310e-01
42	1.4074074074074074e+00	2.4751527810392405e-02	9.9276806867127276e-01
43	1.4444444444444444e+00	2.5402883805402732e-02	9.9276806867127287e-01
44	1.4814814814814816e+00	2.6054239800413059e-02	9.9276806867127287e-01
45	1.5185185185185184e+00	2.6705595795423386e-02	9.9276806867127287e-01
46	1.5555555555555556e+00	2.7356951790433712e-02	9.9276806867127276e-01
47	1.5925925925925926e+00	2.8008307785444039e-02	9.9276806867127287e-01
48	1.6296296296296298e+00	2.8659663780454363e-02	9.9276806867127276e-01
49	1.6666666666666665e+00	2.9311019775464693e-02	9.9276806867127287e-01
50	1.7037037037037035e+00	2.9962375770475013e-02	9.9276806867127287e-01
51	1.7407407407407405e+00	3.0613731765485340e-02	9.9276806867127287e-01
52	1.7777777777777775e+00	3.1265087760495663e-02	9.9276806867127287e-01
53	1.8148148148148147e+00	3.1916443755505994e-02	9.9276806867127287e-01
54	1.8518518518518519e+00	3.2567799750516324e-02	9.9276806867127287e-01
55	1.8888888888888893e+00	3.3219155745526648e-02	9.9276806867127287e-01
56	1.9259259259259258e+00	3.3870511740536971e-02	9.9276806867127287e-01
57	1.9629629629629630e+00	3.4521867735547301e-02	9.9276806867127287e-01
58	1.9876543209876540e+00	3.4956105065554181e-02	9.9276806867127287e-01
59	2.0000000000000000e+00	3.5173223730557632e-02	9.9276806867127287e-01
60	9.9906573614609617e-01	5.3123584068423560e-02	9.7883990463076120e-01
61	1.0113998810367888e+00	5.3779430785317675e-02	9.7883990463076120e-01
62	1.0360681708181740e+00	5.5091124219105919e-02	9.7883990463076120e-01
63	1.0730706054902512e+00	5.7058664369788271e-02	9.7883990463076120e-01
64	1.1100730401623289e+00	5.9026204520470617e-02	9.7883990463076109e-01
65	1.1470754748344067e+00	6.0993744671152976e-02	9.7883990463076120e-01
66	1.1840779095064842e+00	6.2961284821835328e-02	9.7883990463076120e-01
67	1.2210803441785620e+00	6.4928824972517687e-02	9.7883990463076120e-01
68	1.2580827788506395e+00	6.6896365123200047e-02	9.7883990463076109e-01
69	1.2950852135227173e+00	6.8863905273882392e-02	9.7883990463076120e-01
70	1.3320876481947952e+00	7.0831445424564765e-02	9.7883990463076120e-01
71	1.3690900828668722e+00	7.2798985575247097e-02	9.7883990463076143e-01
72	1.4060925175389500e+00	7.4766525725929470e-02	9.7883990463076109e-01
73	1.4430949522110279e+00	7.6734065876611801e-02	9.7883990463076120e-01
74	1.4800973868831053e+00	7.8701606027294160e-02	9.7883990463076120e-01
75	1.5170998215551832e+00	8.0669146177976520e-02	9.7883990463076120e-01
76	1.5541022562272608e+00	8.2636686328658865e-02	9.7883990463076109e-01
77	1.5911046908993380e+00	8.4604226479341238e-02	9.7883990463076120e-01
78	1.6281071255714161e+00	8.6571766630023583e-02	9.7883990463076109e-01
79	1.6651095602434933e+00	8.8539306780705929e-02	9.7883990463076120e-01
80	1.7021119949155712e+00	9.0506846931388288e-02	9.7883990463076120e-01
81	1.7391144295876488e+00	9.2474387082070633e-02	9.7883990463076120e-01
82	1.7761168642597263e+00	9.4441927232752965e-02	9.7883990463076120e-01
83	1.8131192989318041e+00	9.6409467383435338e-02	9.7883990463076120e-01
84	1.8501217336038818e+00	9.8377007534117697e-02	9.7883990463076120e-01
85	1.8871241682759596e+00	1.0034454768480007e-01	9.7883990463076120e-01
86	1.9241266029480368e+00	1.0231208783548240e-01	9.7883990463076120e-01
87	1.9611290376201145e+00	1.0427962798616476e-01	9.7883990463076120e-01
88	1.9857973274014995e+00	1.0559132141995300e-01	9.7883990463076120e-01
89	1.9981314722921923e+00	1.0624716813684712e-01	9.7883990463076120e-01
90	9.9475827611094525e-01	1.0700085744647139e-01	9.5955475442082172e-01
91	1.0070392424826853e+00	1.0832185568655124e-01	9.5955475442082183e-01
92	1.0316011752261656e+00	1.1096385216671105e-01	9.5955475442082183e-01
93	1.0684440743413854e+00	1.1492684688695075e-01	9.5955475442082172e-01
94	1.1052869734566058e+00	1.1888984160719042e-01	9.5955475442082172e-01
95	1.1421298725718259e+00	1.2285283632743010e-01	9.5955475442082172e-01
96	1.1789727716870462e+00	1.2681583104766977e-01	9.5955475442082183e-01
97	1.2158156708022665e+00	1.3077882576790945e-01	9.5955475442082183e-01
98	1.2526585699174866e+00	1.3474182048814914e-01	9.5955475442082172e-01
99	1.2895014690327067e+00	1.3870481520838882e-01	9.5955475442082172e-01
100	1.3263443681479270e+00	1.4266780992862854e-01	9.5955475442082183e-01
101	1.3631872672631471e+00	1.4663080464886821e-01	9.5955475442082194e-01
102	1.4000301663783676e+00	1.5059379936910786e-01	9.5955475442082172e-01
103	1.4368730654935873e+00	1.5455679408934755e-01	9.5955475442082183e-01
104	1.4737159646088078e+00	1.5851978880958723e-01	9.5955475442082183e-01
105	1.5105588637240279e+00	1.6248278352982690e-01	9.5955475442082183e-01
106	1.5474017628392482e+00	1.6644577825006657e-01	9.5955475442082172e-01
107	1.5842446619544683e+00	1.7040877297030632e-01	9.5955475442082172e-01
108	1.6210875610696884e+00	1.7437176769054596e-01	9.5955475442082172e-01
109	1.6579304601849085e+00	1.7833476241078566e-01	9.5955475442082172e-01
110	1.6947733593001291e+00	1.8229775713102531e-01	9.5955475442082172e-01
111	1.7316162584153489e+00	1.8626075185126498e-01	9.5955475442082172e-01
112	1.7684591575305690e+00	1.9022374657150465e-01	9.5955475442082172e-01
113	1.8053020566457896e+00	1.9418674129174437e-01	9.5955475442082172e-01
114	1.8421449557610099e+00	1.9814973601198407e-01	9.5955475442082172e-01
115	1.8789878548762302e+00	2.0211273073222374e-01	9.5955475442082183e-01
116	1.9158307539914499e+00	2.0607572545246336e-01	9.5955475442082172e-01
117	1.9526736531066704e+00	2.1003872017270309e-01	9.5955475442082172e-01
118	1.9772355858501505e+00	2.1268071665286289e-01	9.5955475442082172e-01
119	1.9895165522218905e+00	2.1400171489294278e-01	9.5955475442082172e-01
120	9.8737793212132841e-01	1.6160341436670247e-01	9.4187670006171087e-01
121	9.9956778313517203e-01	1.6359851824777291e-01	9.4187670006171087e-01
122	1.0239474851628592e+00	1.6758872600991373e-01	9.4187670006171087e-01
123	1.0605170382043896e+00	1.7357403765312493e-01	9.4187670006171087e-01
124	1.0970865912459207e+00	1.7955934929633613e-01	9.4187670006171065e-01
125	1.1336561442874511e+00	1.8554466093954730e-01	9.4187670006171087e-01
126	1.1702256973289817e+00	1.9152997258275853e-01	9.4187670006171087e-01
127	1.2067952503705124e+00	1.9751528422596970e-01	9.4187670006171087e-01
128	1.2433648034120433e+00	2.0350059586918093e-01	9.4187670006171065e-01
129	1.2799343564535741e+00	2.0948590751239213e-01	9.4187670006171087e-01
130	1.3165039094951045e+00	2.1547121915560338e-01	9.4187670006171087e-01
131	1.3530734625366352e+00	2.2145653079881458e-01	9.4187670006171087e-01
132	1.3896430155781663e+00	2.2744184244202578e-01	9.4187670006171065e-01
133	1.4262125686196967e+00	2.3342715408523695e-01	9.4187670006171087e-01
134	1.4627821216612271e+00	2.3941246572844815e-01	9.4187670006171087e-01
135	1.4993516747027578e+00	2.4539777737165935e-01	9.4187670006171087e-01
136	1.5359212277442891e+00	2.5138308901487061e-01	9.4187670006171065e-01
137	1.5724907807858193e+00	2.5736840065808181e-01	9.4187670006171087e-01
138	1.6090603338273501e+00	2.6335371230129301e-01	9.4187670006171065e-01
139	1.6456298868688806e+00	2.6933902394450421e-01	9.4187670006171087e-01
140	1.6821994399104112e+00	2.7532433558771535e-01	9.4187670006171087e-01
141	1.7187689929519421e+00	2.8130964723092655e-01	9.4187670006171087e-01
142	1.7553385459934725e+00	2.8729495887413770e-01	9.4187670006171087e-01
143	1.7919080990350031e+00	2.9328027051734901e-01	9.4187670006171087e-01
144	1.8284776520765342e+00	2.9926558216056026e-01	9.4187670006171087e-01
145	1.8650472051180649e+00	3.0525089380377141e-01	9.4187670006171087e-01
146	1.9016167581595951e+00	3.1123620544698255e-01	9.4187670006171087e-01
147	1.9381863112011259e+00	3.1722151709019381e-01	9.4187670006171087e-01
148	1.9625660132288130e+00	3.2121172485233457e-01	9.4187670006171087e-01
149	1.9747558642426568e+00	3.2320682873340495e-01	9.4187670006171087e-01
150	9.7678711044409983e-01	2.1668845030515416e-01	9.2580574155342810e-01
151	9.8884621057303934e-01	2.1936361635830418e-01	9.2580574155342821e-01
152	1.0129644108309186e+00	2.2471394846460430e-01	9.2580574155342821e-01
153	1.0491417112177368e+00	2.3273944662405446e-01	9.2580574155342810e-01
154	1.0853190116045552e+00	2.4076494478350460e-01	9.2580574155342810e-01
155	1.1214963119913737e+00	2.4879044294295480e-01	9.2580574155342810e-01
156	1.1576736123781923e+00	2.5681594110240491e-01	9.2580574155342832e-01
157	1.1938509127650108e+00	2.6484143926185505e-01	9.2580574155342821e-01
158	1.2300282131518292e+00	2.7286693742130524e-01	9.2580574155342810e-01
159	1.2662055135386483e+00	2.8089243558075538e-01	9.2580574155342810e-01
160	1.3023828139254663e+00	2.8891793374020558e-01	9.2580574155342821e-01
161	1.3385601143122849e+00	2.9694343189965566e-01	9.2580574155342832e-01
162	1.3747374146991036e+00	3.0496893005910591e-01	9.2580574155342810e-01
163	1.4109147150859220e+00	3.1299442821855600e-01	9.2580574155342821e-01
164	1.4470920154727405e+00	3.2101992637800614e-01	9.2580574155342821e-01
165	1.4832693158595589e+00	3.2904542453745622e-01	9.2580574155342821e-01
166	1.5194466162463773e+00	3.3707092269690647e-01	9.2580574155342810e-01
167	1.5556239166331962e+00	3.4509642085635667e-01	9.2580574155342810e-01
168	1.5918012170200146e+00	3.5312191901580675e-01	9.2580574155342810e-01
169	1.6279785174068329e+00	3.6114741717525700e-01	9.2580574155342810e-01
170	1.6641558177936517e+00	3.6917291533470703e-01	9.2580574155342810e-01
171	1.7003331181804704e+00	3.7719841349415723e-01	9.2580574155342810e-01
172	1.7365104185672886e+00	3.8522391165360736e-01	9.2580574155342810e-01
173	1.7726877189541075e+00	3.9324940981305750e-01	9.2580574155342810e-01
174	1.8088650193409259e+00	4.0127490797250770e-01	9.2580574155342810e-01
175	1.8450423197277444e+00	4.0930040613195784e-01	9.2580574155342821e-01
176	1.8812196201145628e+00	4.1732590429140792e-01	9.2580574155342810e-01
177	1.9173969205013814e+00	4.2535140245085817e-01	9.2580574155342810e-01
178	1.9415151207592602e+00	4.3070173455715821e-01	9.2580574155342810e-01
179	1.9535742208881997e+00	4.3337690061030831e-01	9.2580574155342810e-01
180	9.6287199543355340e-01	2.7199007262278407e-01	9.1134187889597384e-01
181	9.7475930401915289e-01	2.7534797475392953e-01	9.1134187889597384e-01
182	9.9853392119035178e-01	2.8206377901622048e-01	9.1134187889597384e-01
183	1.0341958469471499e+00	2.9213748540965689e-01	9.1134187889597384e-01
184	1.0698577727039482e+00	3.0221119180309336e-01	9.1134187889597373e-01
185	1.1055196984607463e+00	3.1228489819652983e-01	9.1134187889597384e-01
186	1.1411816242175448e+00	3.2235860458996629e-01	9.1134187889597396e-01
187	1.1768435499743430e+00	3.3243231098340270e-01	9.1134187889597384e-01
188	1.2125054757311411e+00	3.4250601737683917e-01	9.1134187889597373e-01
189	1.2481674014879398e+00	3.5257972377027563e-01	9.1134187889597384e-01
190	1.2838293272447383e+00	3.6265343016371210e-01	9.1134187889597384e-01
191	1.3194912530015359e+00	3.7272713655714856e-01	9.1134187889597396e-01
192	1.3551531787583346e+00	3.8280084295058497e-01	9.1134187889597373e-01
193	1.3908151045151329e+00	3.9287454934402138e-01	9.1134187889597384e-01
194	1.4264770302719310e+00	4.0294825573745785e-01	9.1134187889597384e-01
195	1.4621389560287295e+00	4.1302196213089432e-01	9.1134187889597384e-01
196	1.4978008817855277e+00	4.2309566852433073e-01	9.1134187889597373e-01
197	1.5334628075423256e+00	4.3316937491776725e-01	9.1134187889597384e-01
198	1.5691247332991243e+00	4.4324308131120366e-01	9.1134187889597373e-01
199	1.6047866590559223e+00	4.5331678770464012e-01	9.1134187889597384e-01
200	1.6404485848127206e+00	4.6339049409807653e-01	9.1134187889597384e-01
201	1.6761105105695191e+00	4.7346420049151283e-01	9.1134187889597384e-01
202	1.7117724363263169e+00	4.8353790688494930e-01	9.1134187889597384e-01
203	1.7474343620831152e+00	4.9361161327838587e-01	9.1134187889597384e-01
204	1.7830962878399139e+00	5.0368531967182228e-01	9.1134187889597384e-01
205	1.8187582135967122e+00	5.1375902606525869e-01	9.1134187889597384e-01
206	1.8544201393535098e+00	5.2383273245869511e-01	9.1134187889597384e-01
207	1.8900820651103085e+00	5.3390643885213163e-01	9.1134187889597384e-01
208	1.9138566822815071e+00	5.4062224311442253e-01	9.1134187889597384e-01
209	1.9257439908671068e+00	5.4398014524556815e-01	9.1134187889597384e-01
210	9.4554671188175476e-01	3.2722199166055899e-01	8.9848511208934767e-01
211	9.5722012807782575e-01	3.3126176933538060e-01	8.9848511208934767e-01
212	9.8056696046996783e-01	3.3934132468502409e-01	8.9848511208934767e-01
213	1.0155872090581808e+00	3.5146065770948920e-01	8.9848511208934767e-01
214	1.0506074576463940e+00	3.6357999073395436e-01	8.9848511208934756e-01
215	1.0856277062346071e+00	3.7569932375841952e-01	8.9848511208934767e-01
216	1.1206479548228203e+00	3.8781865678288463e-01	8.9848511208934767e-01
217	1.1556682034110335e+00	3.9993798980734979e-01	8.9848511208934767e-01
218	1.1906884519992469e+00	4.1205732283181495e-01	8.9848511208934756e-01
219	1.2257087005874596e+00	4.2417665585628017e-01	8.9848511208934767e-01
220	1.2607289491756730e+00	4.3629598888074533e-01	8.9848511208934767e-01
221	1.2957491977638862e+00	4.4841532190521050e-01	8.9848511208934767e-01
222	1.3307694463520992e+00	4.6053465492967560e-01	8.9848511208934756e-01
223	1.3657896949403123e+00	4.7265398795414071e-01	8.9848511208934767e-01
224	1.4008099435285257e+00	4.8477332097860593e-01	8.9848511208934767e-01
225	1.4358301921167385e+00	4.9689265400307103e-01	8.9848511208934767e-01
226	1.4708504407049516e+00	5.0901198702753614e-01	8.9848511208934756e-01
227	1.5058706892931648e+00	5.2113132005200125e-01	8.9848511208934767e-01
228	1.5408909378813780e+00	5.3325065307646646e-01	8.9848511208934756e-01
229	1.5759111864695909e+00	5.4536998610093157e-01	8.9848511208934767e-01
230	1.6109314350578043e+00	5.5748931912539668e-01	8.9848511208934767e-01
231	1.6459516836460173e+00	5.6960865214986189e-01	8.9848511208934767e-01
232	1.6809719322342305e+00	5.8172798517432678e-01	8.9848511208934767e-01
233	1.7159921808224439e+00	5.9384731819879222e-01	8.9848511208934767e-01
234	1.7510124294106570e+00	6.0596665122325744e-01	8.9848511208934767e-01
235	1.7860326779988700e+00	6.1808598424772243e-01	8.9848511208934767e-01
236	1.8210529265870830e+00	6.3020531727218754e-01	8.9848511208934767e-01
237	1.8560731751752964e+00	6.4232465029665275e-01	8.9848511208934767e-01
238	1.8794200075674381e+00	6.5040420564629620e-01	8.9848511208934767e-01
239	1.8910934237635095e+00	6.5444398332111797e-01	8.9848511208934767e-01
240	9.2475715796977109e-01	3.8208104387503750e-01	8.8723544113354946e-01
241	9.3617391300643493e-01	3.8679809379942059e-01	8.8723544113354957e-01
242	9.5900742307976250e-01	3.9623219364818701e-01	8.8723544113354957e-01
243	9.9325768818975402e-01	4.1038334342133659e-01	8.8723544113354946e-01
244	1.0275079532997455e+00	4.2453449319448605e-01	8.8723544113354946e-01
245	1.0617582184097372e+00	4.3868564296763563e-01	8.8723544113354946e-01
246	1.0960084835197283e+00	4.5283679274078503e-01	8.8723544113354980e-01
247	1.1302587486297202e+00	4.6698794251393466e-01	8.8723544113354957e-01
248	1.1645090137397116e+00	4.8113909228708424e-01	8.8723544113354946e-01
249	1.1987592788497032e+00	4.9529024206023381e-01	8.8723544113354946e-01
250	1.2330095439596946e+00	5.0944139183338333e-01	8.8723544113354957e-01
251	1.2672598090696863e+00	5.2359254160653279e-01	8.8723544113354968e-01
252	1.3015100741796781e+00	5.3774369137968248e-01	8.8723544113354946e-01
253	1.3357603392896691e+00	5.5189484115283194e-01	8.8723544113354957e-01
254	1.3700106043996609e+00	5.6604599092598140e-01	8.8723544113354957e-01
255	1.4042608695096526e+00	5.8019714069913098e-01	8.8723544113354957e-01
256	1.4385111346196442e+00	5.9434829047228055e-01	8.8723544113354946e-01
257	1.4727613997296356e+00	6.0849944024543012e-01	8.8723544113354946e-01
258	1.5070116648396272e+00	6.2265059001857959e-01	8.8723544113354946e-01
259	1.5412619299496189e+00	6.3680173979172927e-01	8.8723544113354946e-01
260	1.5755121950596100e+00	6.5095288956487862e-01	8.8723544113354946e-01
261	1.6097624601696015e+00	6.6510403933802831e-01	8.8723544113354946e-01
262	1.6440127252795931e+00	6.7925518911117766e-01	8.8723544113354946e-01
263	1.6782629903895847e+00	6.9340633888432746e-01	8.8723544113354946e-01
264	1.7125132554995763e+00	7.0755748865747681e-01	8.8723544113354946e-01
265	1.7467635206095677e+00	7.2170863843062638e-01	8.8723544113354957e-01
266	1.7810137857195592e+00	7.3585978820377584e-01	8.8723544113354946e-01
267	1.8152640508295508e+00	7.5001093797692553e-01	8.8723544113354946e-01
268	1.8380975609028785e+00	7.5944503782569173e-01	8.8723544113354946e-01
269	1.8495143159395422e+00	7.6416208775007499e-01	8.8723544113354946e-01
270	9.0048432341605789e-01	4.3625150751923902e-01	8.7759286602858011e-01
271	9.1160141382860171e-01	4.4163732859972343e-01	8.7759286602858022e-01
272	9.3383559465368948e-01	4.5240897076069231e-01	8.7759286602858022e-01
273	9.6718686589132119e-01	4.6856643400214559e-01	8.7759286602858011e-01
274	1.0005381371289530e+00	4.8472389724359888e-01	8.7759286602858000e-01
275	1.0338894083665850e+00	5.0088136048505216e-01	8.7759286602858011e-01
276	1.0672406796042164e+00	5.1703882372650545e-01	8.7759286602858022e-01
277	1.1005919508418485e+00	5.3319628696795873e-01	8.7759286602858022e-01
278	1.1339432220794803e+00	5.4935375020941213e-01	8.7759286602858000e-01
279	1.1672944933171121e+00	5.6551121345086541e-01	8.7759286602858011e-01
280	1.2006457645547437e+00	5.8166867669231881e-01	8.7759286602858022e-01
281	1.2339970357923757e+00	5.9782613993377209e-01	8.7759286602858011e-01
282	1.2673483070300076e+00	6.1398360317522549e-01	8.7759286602858000e-01
283	1.3006995782676389e+00	6.3014106641667855e-01	8.7759286602858022e-01
284	1.3340508495052705e+00	6.4629852965813184e-01	8.7759286602858022e-01
285	1.3674021207429023e+00	6.6245599289958512e-01	8.7759286602858022e-01
286	1.4007533919805346e+00	6.7861345614103852e-01	8.7759286602858000e-01
287	1.4341046632181662e+00	6.9477091938249191e-01	8.7759286602858011e-01
288	1.4674559344557980e+00	7.1092838262394520e-01	8.7759286602858000e-01
289	1.5008072056934298e+00	7.2708584586539848e-01	8.7759286602858011e-01
290	1.5341584769310617e+00	7.4324330910685166e-01	8.7759286602858011e-01
291	1.5675097481686933e+00	7.5940077234830494e-01	8.7759286602858011e-01
292	1.6008610194063249e+00	7.7555823558975823e-01	8.7759286602858011e-01
293	1.6342122906439569e+00	7.9171569883121151e-01	8.7759286602858011e-01
294	1.6675635618815887e+00	8.0787316207266491e-01	8.7759286602858011e-01
295	1.7009148331192203e+00	8.2403062531411819e-01	8.7759286602858022e-01
296	1.7342661043568519e+00	8.4018808855557137e-01	8.7759286602858011e-01
297	1.7676173755944840e+00	8.5634555179702465e-01	8.7759286602858011e-01
298	1.7898515564195716e+00	8.6711719395799369e-01	8.7759286602858011e-01
299	1.8009686468321158e+00	8.7250301503847805e-01	8.7759286602858011e-01
300	8.7274691075795907e-01	4.8941012539660456e-01	8.6955738677443883e-01
301	8.8352156397719317e-01	4.9545222571014286e-01	8.6955738677443883e-01
302	9.0507087041566125e-01	5.0753642633721952e-01	8.6955738677443883e-01
303	9.3739483007336344e-01	5.2566272727783458e-01	8.6955738677443883e-01
304	9.6971878973106551e-01	5.4378902821844954e-01	8.6955738677443872e-01
305	1.0020427493887678e+00	5.6191532915906450e-01	8.6955738677443883e-01
306	1.0343667090464699e+00	5.8004163009967946e-01	8.6955738677443883e-01
307	1.0666906687041724e+00	5.9816793104029453e-01	8.6955738677443883e-01
308	1.0990146283618742e+00	6.1629423198090949e-01	8.6955738677443872e-01
309	1.1313385880195765e+00	6.3442053292152434e-01	8.6955738677443883e-01
310	1.1636625476772791e+00	6.5254683386213963e-01	8.6955738677443883e-01
311	1.1959865073349811e+00	6.7067313480275448e-01	8.6955738677443883e-01
312	1.2283104669926832e+00	6.8879943574336944e-01	8.6955738677443872e-01
313	1.2606344266503855e+00	7.0692573668398440e-01	8.6955738677443883e-01
314	1.2929583863080876e+00	7.2505203762459935e-01	8.6955738677443883e-01
315	1.3252823459657896e+00	7.4317833856521442e-01	8.6955738677443883e-01
316	1.3576063056234919e+00	7.6130463950582938e-01	8.6955738677443872e-01
317	1.3899302652811940e+00	7.7943094044644423e-01	8.6955738677443883e-01
318	1.4222542249388963e+00	7.9755724138705941e-01	8.6955738677443872e-01
319	1.4545781845965986e+00	8.1568354232767426e-01	8.6955738677443883e-01
320	1.4869021442543009e+00	8.3380984326828922e-01	8.6955738677443883e-01
321	1.5192261039120027e+00	8.5193614420890418e-01	8.6955738677443883e-01
322	1.5515500635697048e+00	8.7006244514951914e-01	8.6955738677443883e-01
323	1.5838740232274076e+00	8.8818874609013421e-01	8.6955738677443883e-01
324	1.6161979828851094e+00	9.0631504703074928e-01	8.6955738677443883e-01
325	1.6485219425428115e+00	9.2444134797136435e-01	8.6955738677443883e-01
326	1.6808459022005136e+00	9.4256764891197908e-01	8.6955738677443883e-01
327	1.7131698618582158e+00	9.6069394985259415e-01	8.6955738677443883e-01
328	1.7347191682966840e+00	9.7277815047967087e-01	8.6955738677443883e-01
329	1.7454938215159181e+00	9.7882025079320911e-01	8.6955738677443883e-01
330	8.4160309369343189e-01	5.4123170280438793e-01	8.6312900337112564e-01
331	8.5199325534396797e-01	5.4791357567851617e-01	8.6312900337112575e-01
332	8.7277357864504057e-01	5.6127732142677267e-01	8.6312900337112575e-01
333	9.0394406359664892e-01	5.8132294004915741e-01	8.6312900337112564e-01
334	9.3511454854825748e-01	6.0136855867154204e-01	8.6312900337112564e-01
335	9.6628503349986616e-01	6.2141417729392689e-01	8.6312900337112564e-01
336	9.9745551845147473e-01	6.4145979591631153e-01	8.6312900337112586e-01
337	1.0286260034030834e+00	6.6150541453869627e-01	8.6312900337112575e-01
338	1.0597964883546920e+00	6.8155103316108112e-01	8.6312900337112564e-01
339	1.0909669733063008e+00	7.0159665178346586e-01	8.6312900337112564e-01
340	1.1221374582579093e+00	7.2164227040585083e-01	8.6312900337112575e-01
341	1.1533079432095177e+00	7.4168788902823524e-01	8.6312900337112586e-01
342	1.1844784281611265e+00	7.6173350765062020e-01	8.6312900337112564e-01
343	1.2156489131127353e+00	7.8177912627300483e-01	8.6312900337112575e-01
344	1.2468193980643436e+00	8.0182474489538968e-01	8.6312900337112575e-01
345	1.2779898830159522e+00	8.2187036351777432e-01	8.6312900337112575e-01
346	1.3091603679675607e+00	8.4191598214015895e-01	8.6312900337112564e-01
347	1.3403308529191693e+00	8.6196160076254380e-01	8.6312900337112564e-01
348	1.3715013378707779e+00	8.8200721938492854e-01	8.6312900337112564e-01
349	1.4026718228223864e+00	9.0205283800731328e-01	8.6312900337112564e-01
350	1.4338423077739955e+00	9.2209845662969814e-01	8.6312900337112564e-01
351	1.4650127927256038e+00	9.4214407525208266e-01	8.6312900337112564e-01
352	1.4961832776772124e+00	9.6218969387446740e-01	8.6312900337112564e-01
353	1.5273537626288209e+00	9.8223531249685225e-01	8.6312900337112564e-01
354	1.5585242475804295e+00	1.0022809311192369e+00	8.6312900337112564e-01
355	1.5896947325320381e+00	1.0223265497416216e+00	8.6312900337112575e-01
356	1.6208652174836466e+00	1.0423721683640064e+00	8.6312900337112564e-01
357	1.6520357024352554e+00	1.0624177869863913e+00	8.6312900337112564e-01
358	1.6728160257363276e+00	1.0757815327346478e+00	8.6312900337112564e-01
359	1.6832061873868638e+00	1.0824634056087759e+00	8.6312900337112564e-01
360	8.0715127548198295e-01	5.9139510578641119e-01	8.5830771581864063e-01
361	8.1711610604348905e-01	5.9869627993192243e-01	8.5830771581864074e-01
362	8.3704576716650081e-01	6.1329862822294490e-01	8.5830771581864074e-01
363	8.6694025885101866e-01	6.3520215065947871e-01	8.5830771581864063e-01
364	8.9683475053553652e-01	6.5710567309601242e-01	8.5830771581864063e-01
365	9.2672924222005459e-01	6.7900919553254613e-01	8.5830771581864063e-01
366	9.5662373390457223e-01	7.0091271796907983e-01	8.5830771581864085e-01
367	9.8651822558909019e-01	7.2281624040561365e-01	8.5830771581864074e-01
368	1.0164127172736079e+00	7.4471976284214747e-01	8.5830771581864063e-01
369	1.0463072089581260e+00	7.6662328527868129e-01	8.5830771581864063e-01
370	1.0762017006426441e+00	7.8852680771521499e-01	8.5830771581864074e-01
371	1.1060961923271617e+00	8.1043033015174859e-01	8.5830771581864074e-01
372	1.1359906840116798e+00	8.3233385258828263e-01	8.5830771581864063e-01
373	1.1658851756961974e+00	8.5423737502481611e-01	8.5830771581864074e-01
374	1.1957796673807153e+00	8.7614089746134993e-01	8.5830771581864074e-01
375	1.2256741590652334e+00	8.9804441989788364e-01	8.5830771581864074e-01
376	1.2555686507497510e+00	9.1994794233441757e-01	8.5830771581864063e-01
377	1.2854631424342691e+00	9.4185146477095116e-01	8.5830771581864063e-01
378	1.3153576341187871e+00	9.6375498720748498e-01	8.5830771581864063e-01
379	1.3452521258033048e+00	9.8565850964401891e-01	8.5830771581864063e-01
380	1.3751466174878231e+00	1.0075620320805525e+00	8.5830771581864063e-01
381	1.4050411091723407e+00	1.0294655545170861e+00	8.5830771581864063e-01
382	1.4349356008568583e+00	1.0513690769536199e+00	8.5830771581864063e-01
383	1.4648300925413766e+00	1.0732725993901537e+00	8.5830771581864063e-01
384	1.4947245842258945e+00	1.0951761218266876e+00	8.5830771581864063e-01
385	1.5246190759104126e+00	1.1170796442632211e+00	8.5830771581864074e-01
386	1.5545135675949300e+00	1.1389831666997550e+00	8.5830771581864063e-01
387	1.5844080592794483e+00	1.1608866891362888e+00	8.5830771581864063e-01
388	1.6043377204024600e+00	1.1754890374273113e+00	8.5830771581864063e-01
389	1.6143025509639659e+00	1.1827902115728224e+00	8.5830771581864063e-01
390	7.6952975169562643e-01	6.3958944928736006e-01	8.5509352411698425e-01
391	7.7903011900051078e-01	6.4748561532794469e-01	8.5509352411698425e-01
392	7.9803085361027926e-01	6.6327794740911405e-01	8.5509352411698425e-01
393	8.2653195552493208e-01	6.8696644553086816e-01	8.5509352411698425e-01
394	8.5503305743958480e-01	7.1065494365262216e-01	8.5509352411698425e-01
395	8.8353415935423774e-01	7.3434344177437649e-01	8.5509352411698425e-01
396	9.1203526126889056e-01	7.5803193989613038e-01	8.5509352411698436e-01
397	9.4053636318354350e-01	7.8172043801788449e-01	8.5509352411698425e-01
398	9.6903746509819599e-01	8.0540893613963849e-01	8.5509352411698425e-01
399	9.9753856701284915e-01	8.2909743426139260e-01	8.5509352411698425e-01
400	1.0260396689275022e+00	8.5278593238314693e-01	8.5509352411698425e-01
401	1.0545407708421548e+00	8.7647443050490081e-01	8.5509352411698436e-01
402	1.0830418727568076e+00	9.0016292862665492e-01	8.5509352411698425e-01
403	1.1115429746714605e+00	9.2385142674840892e-01	8.5509352411698425e-01
404	1.1400440765861133e+00	9.4753992487016314e-01	8.5509352411698425e-01
405	1.1685451785007661e+00	9.7122842299191714e-01	8.5509352411698425e-01
406	1.1970462804154189e+00	9.9491692111367125e-01	8.5509352411698425e-01
407	1.2255473823300718e+00	1.0186054192354252e+00	8.5509352411698425e-01
408	1.2540484842447246e+00	1.0422939173571795e+00	8.5509352411698425e-01
409	1.2825495861593774e+00	1.0659824154789335e+00	8.5509352411698425e-01
410	1.3110506880740302e+00	1.0896709136006875e+00	8.5509352411698425e-01
411	1.3395517899886831e+00	1.1133594117224415e+00	8.5509352411698425e-01
412	1.3680528919033357e+00	1.1370479098441955e+00	8.5509352411698425e-01
413	1.3965539938179889e+00	1.1607364079659499e+00	8.5509352411698425e-01
414	1.4250550957326416e+00	1.1844249060877039e+00	8.5509352411698425e-01
415	1.4535561976472944e+00	1.2081134042094579e+00	8.5509352411698425e-01
416	1.4820572995619472e+00	1.2318019023312119e+00	8.5509352411698425e-01
417	1.5105584014766000e+00	1.2554904004529661e+00	8.5509352411698425e-01
418	1.5295591360863687e+00	1.2712827325341354e+00	8.5509352411698425e-01
419	1.5390595033912529e+00	1.2791788985747201e+00	8.5509352411698425e-01
420	7.2891523288918225e-01	6.8552024052559279e-01	8.5348642826615606e-01
421	7.3791418638164141e-01	6.9398345337158784e-01	8.5348642826615606e-01
422	7.5591209336655929e-01	7.1090987906357772e-01	8.5348642826615606e-01
423	7.8290895384393644e-01	7.3629951760156265e-01	8.5348642826615606e-01
424	8.0990581432131348e-01	7.6168915613954746e-01	8.5348642826615606e-01
425	8.3690267479869074e-01	7.8707879467753239e-01	8.5348642826615606e-01
426	8.6389953527606766e-01	8.1246843321551709e-01	8.5348642826615628e-01
427	8.9089639575344504e-01	8.3785807175350224e-01	8.5348642826615606e-01
428	9.1789325623082207e-01	8.6324771029148717e-01	8.5348642826615606e-01
429	9.4489011670819922e-01	8.8863734882947210e-01	8.5348642826615606e-01
430	9.7188697718557648e-01	9.1402698736745713e-01	8.5348642826615606e-01
431	9.9888383766295341e-01	9.3941662590544195e-01	8.5348642826615606e-01
432	1.0258806981403308e+00	9.6480626444342688e-01	8.5348642826615606e-01
433	1.0528775586177079e+00	9.9019590298141202e-01	8.5348642826615606e-01
434	1.0798744190950849e+00	1.0155855415193968e+00	8.5348642826615606e-01
435	1.1068712795724620e+00	1.0409751800573817e+00	8.5348642826615606e-01
436	1.1338681400498389e+00	1.0663648185953667e+00	8.5348642826615606e-01
437	1.1608650005272159e+00	1.0917544571333515e+00	8.5348642826615606e-01
438	1.1878618610045932e+00	1.1171440956713363e+00	8.5348642826615606e-01
439	1.2148587214819706e+00	1.1425337342093214e+00	8.5348642826615606e-01
440	1.2418555819593475e+00	1.1679233727473062e+00	8.5348642826615606e-01
441	1.2688524424367249e+00	1.1933130112852912e+00	8.5348642826615606e-01
442	1.2958493029141014e+00	1.2187026498232758e+00	8.5348642826615606e-01
443	1.3228461633914792e+00	1.2440922883612611e+00	8.5348642826615606e-01
444	1.3498430238688559e+00	1.2694819268992461e+00	8.5348642826615606e-01
445	1.3768398843462335e+00	1.2948715654372309e+00	8.5348642826615606e-01
446	1.4038367448236100e+00	1.3202612039752155e+00	8.5348642826615606e-01
447	1.4308336053009876e+00	1.3456508425132008e+00	8.5348642826615606e-01
448	1.4488315122859055e+00	1.3625772682051907e+00	8.5348642826615606e-01
449	1.4578304657783645e+00	1.3710404810511856e+00	8.5348642826615606e-01
450	6.8552024052559279e-01	7.2891523288918225e-01	8.5348642826615595e-01
451	6.9398345337158784e-01	7.3791418638164130e-01	8.5348642826615595e-01
452	7.1090987906357772e-01	7.5591209336655940e-01	8.5348642826615595e-01
453	7.3629951760156265e-01	7.8290895384393644e-01	8.5348642826615595e-01
454	7.6168915613954757e-01	8.0990581432131348e-01	8.5348642826615595e-01
455	7.8707879467753250e-01	8.3690267479869085e-01	8.5348642826615595e-01
456	8.1246843321551721e-01	8.6389953527606766e-01	8.5348642826615617e-01
457	8.3785807175350224e-01	8.9089639575344504e-01	8.5348642826615595e-01
458	8.6324771029148706e-01	9.1789325623082196e-01	8.5348642826615595e-01
459	8.8863734882947210e-01	9.4489011670819933e-01	8.5348642826615595e-01
460	9.1402698736745724e-01	9.7188697718557648e-01	8.5348642826615595e-01
461	9.3941662590544228e-01	9.9888383766295363e-01	8.5348642826615595e-01
462	9.6480626444342699e-01	1.0258806981403308e+00	8.5348642826615595e-01
463	9.9019590298141202e-01	1.0528775586177077e+00	8.5348642826615595e-01
464	1.0155855415193968e+00	1.0798744190950851e+00	8.5348642826615595e-01
465	1.0409751800573817e+00	1.1068712795724620e+00	8.5348642826615595e-01
466	1.0663648185953665e+00	1.1338681400498392e+00	8.5348642826615595e-01
467	1.0917544571333513e+00	1.1608650005272161e+00	8.5348642826615595e-01
468	1.1171440956713363e+00	1.1878618610045932e+00	8.5348642826615595e-01
469	1.1425337342093214e+00	1.2148587214819706e+00	8.5348642826615595e-01
470	1.1679233727473062e+00	1.2418555819593475e+00	8.5348642826615595e-01
471	1.1933130112852914e+00	1.2688524424367245e+00	8.5348642826615595e-01
472	1.2187026498232758e+00	1.2958493029141016e+00	8.5348642826615595e-01
473	1.2440922883612613e+00	1.3228461633914790e+00	8.5348642826615595e-01
474	1.2694819268992461e+00	1.3498430238688561e+00	8.5348642826615595e-01
475	1.2948715654372311e+00	1.3768398843462333e+00	8.5348642826615595e-01
476	1.3202612039752155e+00	1.4038367448236102e+00	8.5348642826615595e-01
477	1.3456508425132008e+00	1.4308336053009876e+00	8.5348642826615595e-01
478	1.3625772682051907e+00	1.4488315122859055e+00	8.5348642826615595e-01
479	1.3710404810511856e+00	1.4578304657783645e+00	8.5348642826615595e-01
480	6.3958944928736006e-01	7.6952975169562632e-01	8.5509352411698425e-01
481	6.4748561532794469e-01	7.7903011900051056e-01	8.5509352411698425e-01
482	6.6327794740911394e-01	7.9803085361027926e-01	8.5509352411698425e-01
483	6.8696644553086805e-01	8.2653195552493175e-01	8.5509352411698425e-01
484	7.1065494365262216e-01	8.5503305743958480e-01	8.5509352411698414e-01
485	7.3434344177437627e-01	8.8353415935423762e-01	8.5509352411698425e-01
486	7.5803193989613027e-01	9.1203526126889045e-01	8.5509352411698436e-01
487	7.8172043801788449e-01	9.4053636318354328e-01	8.5509352411698425e-01
488	8.0540893613963849e-01	9.6903746509819622e-01	8.5509352411698414e-01
489	8.2909743426139249e-01	9.9753856701284893e-01	8.5509352411698425e-01
490	8.5278593238314682e-01	1.0260396689275020e+00	8.5509352411698425e-01
491	8.7647443050490070e-01	1.0545407708421548e+00	8.5509352411698425e-01
492	9.0016292862665492e-01	1.0830418727568076e+00	8.5509352411698414e-01
493	9.2385142674840892e-01	1.1115429746714602e+00	8.5509352411698425e-01
494	9.4753992487016314e-01	1.1400440765861133e+00	8.5509352411698425e-01
495	9.7122842299191703e-01	1.1685451785007659e+00	8.5509352411698425e-01
496	9.9491692111367114e-01	1.1970462804154189e+00	8.5509352411698414e-01
497	1.0186054192354252e+00	1.2255473823300715e+00	8.5509352411698425e-01
498	1.0422939173571795e+00	1.2540484842447244e+00	8.5509352411698414e-01
499	1.0659824154789332e+00	1.2825495861593774e+00	8.5509352411698425e-01
500	1.0896709136006875e+00	1.3110506880740300e+00	8.5509352411698425e-01
501	1.1133594117224415e+00	1.3395517899886826e+00	8.5509352411698425e-01
502	1.1370479098441955e+00	1.3680528919033355e+00	8.5509352411698425e-01
503	1.1607364079659497e+00	1.3965539938179885e+00	8.5509352411698425e-01
504	1.1844249060877039e+00	1.4250550957326413e+00	8.5509352411698425e-01
505	1.2081134042094577e+00	1.4535561976472942e+00	8.5509352411698425e-01
506	1.2318019023312117e+00	1.4820572995619468e+00	8.5509352411698425e-01
507	1.2554904004529661e+00	1.5105584014765998e+00	8.5509352411698425e-01
508	1.2712827325341354e+00	1.5295591360863685e+00	8.5509352411698425e-01
509	1.2791788985747201e+00	1.5390595033912526e+00	8.5509352411698425e-01
510	5.9139510578641108e-01	8.0715127548198284e-01	8.5830771581864074e-01
511	5.9869627993192243e-01	8.1711610604348883e-01	8.5830771581864074e-01
512	6.1329862822294490e-01	8.3704576716650092e-01	8.5830771581864074e-01
513	6.3520215065947849e-01	8.6694025885101844e-01	8.5830771581864074e-01
514	6.5710567309601231e-01	8.9683475053553652e-01	8.5830771581864074e-01
515	6.7900919553254613e-01	9.2672924222005437e-01	8.5830771581864074e-01
516	7.0091271796907972e-01	9.5662373390457212e-01	8.5830771581864096e-01
517	7.2281624040561365e-01	9.8651822558909019e-01	8.5830771581864074e-01
518	7.4471976284214714e-01	1.0164127172736082e+00	8.5830771581864074e-01
519	7.6662328527868107e-01	1.0463072089581260e+00	8.5830771581864074e-01
520	7.8852680771521499e-01	1.0762017006426441e+00	8.5830771581864074e-01
521	8.1043033015174848e-01	1.1060961923271617e+00	8.5830771581864085e-01
522	8.3233385258828252e-01	1.1359906840116798e+00	8.5830771581864074e-01
523	8.5423737502481611e-01	1.1658851756961974e+00	8.5830771581864074e-01
524	8.7614089746134993e-01	1.1957796673807153e+00	8.5830771581864074e-01
525	8.9804441989788364e-01	1.2256741590652334e+00	8.5830771581864074e-01
526	9.1994794233441723e-01	1.2555686507497512e+00	8.5830771581864074e-01
527	9.4185146477095094e-01	1.2854631424342691e+00	8.5830771581864074e-01
528	9.6375498720748487e-01	1.3153576341187869e+00	8.5830771581864074e-01
529	9.8565850964401858e-01	1.3452521258033050e+00	8.5830771581864074e-01
530	1.0075620320805523e+00	1.3751466174878226e+00	8.5830771581864074e-01
531	1.0294655545170861e+00	1.4050411091723407e+00	8.5830771581864074e-01
532	1.0513690769536197e+00	1.4349356008568581e+00	8.5830771581864074e-01
533	1.0732725993901535e+00	1.4648300925413764e+00	8.5830771581864074e-01
534	1.0951761218266873e+00	1.4947245842258945e+00	8.5830771581864074e-01
535	1.1170796442632211e+00	1.5246190759104126e+00	8.5830771581864074e-01
536	1.1389831666997547e+00	1.5545135675949300e+00	8.5830771581864074e-01
537	1.1608866891362888e+00	1.5844080592794478e+00	8.5830771581864074e-01
538	1.1754890374273110e+00	1.6043377204024598e+00	8.5830771581864074e-01
539	1.1827902115728222e+00	1.6143025509639657e+00	8.5830771581864074e-01
540	5.4123170280438804e-01	8.4160309369343189e-01	8.6312900337112552e-01
541	5.4791357567851628e-01	8.5199325534396808e-01	8.6312900337112564e-01
542	5.6127732142677267e-01	8.7277357864504057e-01	8.6312900337112564e-01
543	5.8132294004915741e-01	9.0394406359664903e-01	8.6312900337112552e-01
544	6.0136855867154226e-01	9.3511454854825760e-01	8.6312900337112552e-01
545	6.2141417729392701e-01	9.6628503349986627e-01	8.6312900337112552e-01
546	6.4145979591631164e-01	9.9745551845147462e-01	8.6312900337112575e-01
547	6.6150541453869638e-01	1.0286260034030834e+00	8.6312900337112564e-01
548	6.8155103316108112e-01	1.0597964883546918e+00	8.6312900337112552e-01
549	7.0159665178346597e-01	1.0909669733063008e+00	8.6312900337112552e-01
550	7.2164227040585072e-01	1.1221374582579091e+00	8.6312900337112564e-01
551	7.4168788902823546e-01	1.1533079432095179e+00	8.6312900337112564e-01
552	7.6173350765062031e-01	1.1844784281611267e+00	8.6312900337112552e-01
553	7.8177912627300483e-01	1.2156489131127348e+00	8.6312900337112564e-01
554	8.0182474489538968e-01	1.2468193980643436e+00	8.6312900337112564e-01
555	8.2187036351777421e-01	1.2779898830159520e+00	8.6312900337112564e-01
556	8.4191598214015906e-01	1.3091603679675607e+00	8.6312900337112552e-01
557	8.6196160076254380e-01	1.3403308529191695e+00	8.6312900337112552e-01
558	8.8200721938492854e-01	1.3715013378707779e+00	8.6312900337112552e-01
559	9.0205283800731328e-01	1.4026718228223867e+00	8.6312900337112552e-01
560	9.2209845662969803e-01	1.4338423077739950e+00	8.6312900337112552e-01
561	9.4214407525208277e-01	1.4650127927256036e+00	8.6312900337112552e-01
562	9.6218969387446751e-01	1.4961832776772124e+00	8.6312900337112552e-01
563	9.8223531249685248e-01	1.5273537626288209e+00	8.6312900337112552e-01
564	1.0022809311192371e+00	1.5585242475804295e+00	8.6312900337112552e-01
565	1.0223265497416216e+00	1.5896947325320383e+00	8.6312900337112564e-01
566	1.0423721683640064e+00	1.6208652174836464e+00	8.6312900337112552e-01
567	1.0624177869863916e+00	1.6520357024352554e+00	8.6312900337112552e-01
568	1.0757815327346478e+00	1.6728160257363276e+00	8.6312900337112552e-01
569	1.0824634056087761e+00	1.6832061873868638e+00	8.6312900337112552e-01
570	4.8941012539660461e-01	8.7274691075795918e-01	8.6955738677443861e-01
571	4.9545222571014302e-01	8.8352156397719328e-01	8.6955738677443861e-01
572	5.0753642633721952e-01	9.0507087041566137e-01	8.6955738677443861e-01
573	5.2566272727783447e-01	9.3739483007336355e-01	8.6955738677443861e-01
574	5.4378902821844954e-01	9.6971878973106551e-01	8.6955738677443861e-01
575	5.6191532915906450e-01	1.0020427493887680e+00	8.6955738677443861e-01
576	5.8004163009967946e-01	1.0343667090464699e+00	8.6955738677443883e-01
577	5.9816793104029453e-01	1.0666906687041724e+00	8.6955738677443861e-01
578	6.1629423198090938e-01	1.0990146283618745e+00	8.6955738677443861e-01
579	6.3442053292152456e-01	1.1313385880195768e+00	8.6955738677443861e-01
580	6.5254683386213963e-01	1.1636625476772791e+00	8.6955738677443861e-01
581	6.7067313480275448e-01	1.1959865073349811e+00	8.6955738677443872e-01
582	6.8879943574336944e-01	1.2283104669926834e+00	8.6955738677443861e-01
583	7.0692573668398440e-01	1.2606344266503855e+00	8.6955738677443861e-01
584	7.2505203762459947e-01	1.2929583863080878e+00	8.6955738677443861e-01
585	7.4317833856521442e-01	1.3252823459657899e+00	8.6955738677443861e-01
586	7.6130463950582927e-01	1.3576063056234919e+00	8.6955738677443861e-01
587	7.7943094044644434e-01	1.3899302652811940e+00	8.6955738677443861e-01
588	7.9755724138705930e-01	1.4222542249388965e+00	8.6955738677443861e-01
589	8.1568354232767437e-01	1.4545781845965988e+00	8.6955738677443861e-01
590	8.3380984326828933e-01	1.4869021442543007e+00	8.6955738677443861e-01
591	8.5193614420890440e-01	1.5192261039120030e+00	8.6955738677443861e-01
592	8.7006244514951925e-01	1.5515500635697050e+00	8.6955738677443861e-01
593	8.8818874609013432e-01	1.5838740232274076e+00	8.6955738677443861e-01
594	9.0631504703074928e-01	1.6161979828851099e+00	8.6955738677443861e-01
595	9.2444134797136435e-01	1.6485219425428119e+00	8.6955738677443861e-01
596	9.4256764891197919e-01	1.6808459022005140e+00	8.6955738677443861e-01
597	9.6069394985259438e-01	1.7131698618582161e+00	8.6955738677443861e-01
598	9.7277815047967087e-01	1.7347191682966845e+00	8.6955738677443861e-01
599	9.7882025079320922e-01	1.7454938215159184e+00	8.6955738677443861e-01
600	4.3625150751923913e-01	9.0048432341605789e-01	8.7759286602858000e-01
601	4.4163732859972360e-01	9.1160141382860183e-01	8.7759286602858011e-01
602	4.5240897076069236e-01	9.3383559465368959e-01	8.7759286602858011e-01
603	4.6856643400214570e-01	9.6718686589132130e-01	8.7759286602858000e-01
604	4.8472389724359899e-01	1.0005381371289532e+00	8.7759286602857989e-01
605	5.0088136048505238e-01	1.0338894083665850e+00	8.7759286602858000e-01
606	5.1703882372650556e-01	1.0672406796042166e+00	8.7759286602858011e-01
607	5.3319628696795884e-01	1.1005919508418485e+00	8.7759286602858011e-01
608	5.4935375020941224e-01	1.1339432220794803e+00	8.7759286602857989e-01
609	5.6551121345086552e-01	1.1672944933171123e+00	8.7759286602858000e-01
610	5.8166867669231892e-01	1.2006457645547439e+00	8.7759286602858011e-01
611	5.9782613993377209e-01	1.2339970357923757e+00	8.7759286602858011e-01
612	6.1398360317522560e-01	1.2673483070300076e+00	8.7759286602857989e-01
613	6.3014106641667866e-01	1.3006995782676392e+00	8.7759286602858011e-01
614	6.4629852965813195e-01	1.3340508495052710e+00	8.7759286602858011e-01
615	6.6245599289958523e-01	1.3674021207429026e+00	8.7759286602858011e-01
616	6.7861345614103863e-01	1.4007533919805348e+00	8.7759286602857989e-01
617	6.9477091938249180e-01	1.4341046632181664e+00	8.7759286602858000e-01
618	7.1092838262394531e-01	1.4674559344557985e+00	8.7759286602857989e-01
619	7.2708584586539848e-01	1.5008072056934301e+00	8.7759286602858000e-01
620	7.4324330910685188e-01	1.5341584769310619e+00	8.7759286602858000e-01
621	7.5940077234830516e-01	1.5675097481686935e+00	8.7759286602858000e-01
622	7.7555823558975845e-01	1.6008610194063251e+00	8.7759286602858000e-01
623	7.9171569883121184e-01	1.6342122906439569e+00	8.7759286602858000e-01
624	8.0787316207266491e-01	1.6675635618815887e+00	8.7759286602858000e-01
625	8.2403062531411819e-01	1.7009148331192203e+00	8.7759286602858011e-01
626	8.4018808855557148e-01	1.7342661043568524e+00	8.7759286602858000e-01
627	8.5634555179702498e-01	1.7676173755944842e+00	8.7759286602858000e-01
628	8.6711719395799380e-01	1.7898515564195718e+00	8.7759286602858000e-01
629	8.7250301503847827e-01	1.8009686468321158e+00	8.7759286602858000e-01
630	3.8208104387503738e-01	9.2475715796977109e-01	8.8723544113354968e-01
631	3.8679809379942059e-01	9.3617391300643493e-01	8.8723544113354968e-01
632	3.9623219364818696e-01	9.5900742307976261e-01	8.8723544113354968e-01
633	4.1038334342133648e-01	9.9325768818975380e-01	8.8723544113354968e-01
634	4.2453449319448605e-01	1.0275079532997455e+00	8.8723544113354957e-01
635	4.3868564296763551e-01	1.0617582184097369e+00	8.8723544113354968e-01
636	4.5283679274078509e-01	1.0960084835197286e+00	8.8723544113354980e-01
637	4.6698794251393455e-01	1.1302587486297202e+00	8.8723544113354968e-01
638	4.8113909228708418e-01	1.1645090137397116e+00	8.8723544113354957e-01
639	4.9529024206023370e-01	1.1987592788497032e+00	8.8723544113354968e-01
640	5.0944139183338322e-01	1.2330095439596949e+00	8.8723544113354968e-01
641	5.2359254160653279e-01	1.2672598090696863e+00	8.8723544113354968e-01
642	5.3774369137968236e-01	1.3015100741796779e+00	8.8723544113354957e-01
643	5.5189484115283183e-01	1.3357603392896695e+00	8.8723544113354968e-01
644	5.6604599092598140e-01	1.3700106043996612e+00	8.8723544113354968e-01
645	5.8019714069913086e-01	1.4042608695096521e+00	8.8723544113354968e-01
646	5.9434829047228033e-01	1.4385111346196440e+00	8.8723544113354957e-01
647	6.0849944024542990e-01	1.4727613997296354e+00	8.8723544113354968e-01
648	6.2265059001857948e-01	1.5070116648396272e+00	8.8723544113354957e-01
649	6.3680173979172905e-01	1.5412619299496182e+00	8.8723544113354968e-01
650	6.5095288956487840e-01	1.5755121950596098e+00	8.8723544113354968e-01
651	6.6510403933802809e-01	1.6097624601696015e+00	8.8723544113354968e-01
652	6.7925518911117755e-01	1.6440127252795929e+00	8.8723544113354968e-01
653	6.9340633888432723e-01	1.6782629903895845e+00	8.8723544113354968e-01
654	7.0755748865747659e-01	1.7125132554995761e+00	8.8723544113354968e-01
655	7.2170863843062616e-01	1.7467635206095675e+00	8.8723544113354968e-01
656	7.3585978820377562e-01	1.7810137857195589e+00	8.8723544113354968e-01
657	7.5001093797692542e-01	1.8152640508295506e+00	8.8723544113354968e-01
658	7.5944503782569162e-01	1.8380975609028780e+00	8.8723544113354968e-01
659	7.6416208775007477e-01	1.8495143159395422e+00	8.8723544113354968e-01
660	3.2722199166055910e-01	9.4554671188175476e-01	8.9848511208934745e-01
661	3.3126176933538076e-01	9.5722012807782575e-01	8.9848511208934756e-01
662	3.3934132468502420e-01	9.8056696046996783e-01	8.9848511208934756e-01
663	3.5146065770948937e-01	1.0155872090581810e+00	8.9848511208934745e-01
664	3.6357999073395453e-01	1.0506074576463942e+00	8.9848511208934734e-01
665	3.7569932375841969e-01	1.0856277062346074e+00	8.9848511208934745e-01
666	3.8781865678288485e-01	1.1206479548228205e+00	8.9848511208934756e-01
667	3.9993798980734990e-01	1.1556682034110337e+00	8.9848511208934756e-01
668	4.1205732283181512e-01	1.1906884519992469e+00	8.9848511208934734e-01
669	4.2417665585628028e-01	1.2257087005874598e+00	8.9848511208934745e-01
670	4.3629598888074544e-01	1.2607289491756732e+00	8.9848511208934756e-01
671	4.4841532190521061e-01	1.2957491977638862e+00	8.9848511208934756e-01
672	4.6053465492967577e-01	1.3307694463520994e+00	8.9848511208934734e-01
673	4.7265398795414082e-01	1.3657896949403125e+00	8.9848511208934756e-01
674	4.8477332097860598e-01	1.4008099435285255e+00	8.9848511208934756e-01
675	4.9689265400307109e-01	1.4358301921167387e+00	8.9848511208934756e-01
676	5.0901198702753636e-01	1.4708504407049523e+00	8.9848511208934734e-01
677	5.2113132005200136e-01	1.5058706892931650e+00	8.9848511208934745e-01
678	5.3325065307646657e-01	1.5408909378813784e+00	8.9848511208934734e-01
679	5.4536998610093168e-01	1.5759111864695914e+00	8.9848511208934745e-01
680	5.5748931912539690e-01	1.6109314350578043e+00	8.9848511208934745e-01
681	5.6960865214986212e-01	1.6459516836460177e+00	8.9848511208934745e-01
682	5.8172798517432722e-01	1.6809719322342309e+00	8.9848511208934745e-01
683	5.9384731819879255e-01	1.7159921808224441e+00	8.9848511208934745e-01
684	6.0596665122325755e-01	1.7510124294106573e+00	8.9848511208934745e-01
685	6.1808598424772254e-01	1.7860326779988700e+00	8.9848511208934756e-01
686	6.3020531727218765e-01	1.8210529265870832e+00	8.9848511208934745e-01
687	6.4232465029665298e-01	1.8560731751752966e+00	8.9848511208934745e-01
688	6.5040420564629642e-01	1.8794200075674385e+00	8.9848511208934745e-01
689	6.5444398332111819e-01	1.8910934237635095e+00	8.9848511208934745e-01
690	2.7199007262278413e-01	9.6287199543355340e-01	9.1134187889597373e-01
691	2.7534797475392958e-01	9.7475930401915278e-01	9.1134187889597384e-01
692	2.8206377901622048e-01	9.9853392119035167e-01	9.1134187889597384e-01
693	2.9213748540965701e-01	1.0341958469471499e+00	9.1134187889597373e-01
694	3.0221119180309342e-01	1.0698577727039482e+00	9.1134187889597362e-01
695	3.1228489819652988e-01	1.1055196984607465e+00	9.1134187889597373e-01
696	3.2235860458996629e-01	1.1411816242175445e+00	9.1134187889597384e-01
697	3.3243231098340270e-01	1.1768435499743430e+00	9.1134187889597384e-01
698	3.4250601737683922e-01	1.2125054757311413e+00	9.1134187889597362e-01
699	3.5257972377027569e-01	1.2481674014879396e+00	9.1134187889597373e-01
700	3.6265343016371215e-01	1.2838293272447381e+00	9.1134187889597384e-01
701	3.7272713655714856e-01	1.3194912530015361e+00	9.1134187889597384e-01
702	3.8280084295058509e-01	1.3551531787583346e+00	9.1134187889597362e-01
703	3.9287454934402144e-01	1.3908151045151327e+00	9.1134187889597384e-01
704	4.0294825573745791e-01	1.4264770302719312e+00	9.1134187889597384e-01
705	4.1302196213089426e-01	1.4621389560287292e+00	9.1134187889597384e-01
706	4.2309566852433084e-01	1.4978008817855277e+00	9.1134187889597362e-01
707	4.3316937491776725e-01	1.5334628075423258e+00	9.1134187889597373e-01
708	4.4324308131120377e-01	1.5691247332991245e+00	9.1134187889597362e-01
709	4.5331678770464012e-01	1.6047866590559223e+00	9.1134187889597373e-01
710	4.6339049409807659e-01	1.6404485848127208e+00	9.1134187889597373e-01
711	4.7346420049151305e-01	1.6761105105695189e+00	9.1134187889597373e-01
712	4.8353790688494946e-01	1.7117724363263171e+00	9.1134187889597373e-01
713	4.9361161327838599e-01	1.7474343620831156e+00	9.1134187889597373e-01
714	5.0368531967182240e-01	1.7830962878399139e+00	9.1134187889597373e-01
715	5.1375902606525881e-01	1.8187582135967122e+00	9.1134187889597384e-01
716	5.2383273245869522e-01	1.8544201393535100e+00	9.1134187889597373e-01
717	5.3390643885213185e-01	1.8900820651103085e+00	9.1134187889597373e-01
718	5.4062224311442275e-01	1.9138566822815073e+00	9.1134187889597373e-01
719	5.4398014524556826e-01	1.9257439908671068e+00	9.1134187889597373e-01
720	2.1668845030515421e-01	9.7678711044409972e-01	9.2580574155342821e-01
721	2.1936361635830429e-01	9.8884621057303945e-01	9.2580574155342821e-01
722	2.2471394846460435e-01	1.0129644108309186e+00	9.2580574155342821e-01
723	2.3273944662405452e-01	1.0491417112177366e+00	9.2580574155342821e-01
724	2.4076494478350469e-01	1.0853190116045552e+00	9.2580574155342810e-01
725	2.4879044294295483e-01	1.1214963119913739e+00	9.2580574155342821e-01
726	2.5681594110240502e-01	1.1576736123781923e+00	9.2580574155342821e-01
727	2.6484143926185510e-01	1.1938509127650108e+00	9.2580574155342821e-01
728	2.7286693742130530e-01	1.2300282131518292e+00	9.2580574155342810e-01
729	2.8089243558075544e-01	1.2662055135386479e+00	9.2580574155342821e-01
730	2.8891793374020563e-01	1.3023828139254665e+00	9.2580574155342821e-01
731	2.9694343189965577e-01	1.3385601143122847e+00	9.2580574155342832e-01
732	3.0496893005910591e-01	1.3747374146991036e+00	9.2580574155342810e-01
733	3.1299442821855605e-01	1.4109147150859220e+00	9.2580574155342821e-01
734	3.2101992637800625e-01	1.4470920154727405e+00	9.2580574155342821e-01
735	3.2904542453745639e-01	1.4832693158595591e+00	9.2580574155342821e-01
736	3.3707092269690653e-01	1.5194466162463776e+00	9.2580574155342810e-01
737	3.4509642085635667e-01	1.5556239166331960e+00	9.2580574155342821e-01
738	3.5312191901580686e-01	1.5918012170200146e+00	9.2580574155342810e-01
739	3.6114741717525695e-01	1.6279785174068331e+00	9.2580574155342821e-01
740	3.6917291533470720e-01	1.6641558177936515e+00	9.2580574155342821e-01
741	3.7719841349415728e-01	1.7003331181804699e+00	9.2580574155342821e-01
742	3.8522391165360748e-01	1.7365104185672882e+00	9.2580574155342821e-01
743	3.9324940981305767e-01	1.7726877189541073e+00	9.2580574155342821e-01
744	4.0127490797250776e-01	1.8088650193409257e+00	9.2580574155342821e-01
745	4.0930040613195795e-01	1.8450423197277444e+00	9.2580574155342821e-01
746	4.1732590429140803e-01	1.8812196201145623e+00	9.2580574155342821e-01
747	4.2535140245085823e-01	1.9173969205013812e+00	9.2580574155342821e-01
748	4.3070173455715832e-01	1.9415151207592598e+00	9.2580574155342821e-01
749	4.3337690061030842e-01	1.9535742208881994e+00	9.2580574155342821e-01
750	1.6160341436670250e-01	9.8737793212132841e-01	9.4187670006171098e-01
751	1.6359851824777291e-01	9.9956778313517214e-01	9.4187670006171098e-01
752	1.6758872600991370e-01	1.0239474851628594e+00	9.4187670006171098e-01
753	1.7357403765312490e-01	1.0605170382043896e+00	9.4187670006171098e-01
754	1.7955934929633616e-01	1.0970865912459205e+00	9.4187670006171076e-01
755	1.8554466093954730e-01	1.1336561442874513e+00	9.4187670006171098e-01
756	1.9152997258275853e-01	1.1702256973289817e+00	9.4187670006171098e-01
757	1.9751528422596970e-01	1.2067952503705126e+00	9.4187670006171098e-01
758	2.0350059586918096e-01	1.2433648034120435e+00	9.4187670006171076e-01
759	2.0948590751239210e-01	1.2799343564535741e+00	9.4187670006171098e-01
760	2.1547121915560336e-01	1.3165039094951045e+00	9.4187670006171098e-01
761	2.2145653079881458e-01	1.3530734625366354e+00	9.4187670006171098e-01
762	2.2744184244202581e-01	1.3896430155781661e+00	9.4187670006171076e-01
763	2.3342715408523693e-01	1.4262125686196967e+00	9.4187670006171098e-01
764	2.3941246572844818e-01	1.4627821216612276e+00	9.4187670006171098e-01
765	2.4539777737165933e-01	1.4993516747027580e+00	9.4187670006171098e-01
766	2.5138308901487055e-01	1.5359212277442891e+00	9.4187670006171076e-01
767	2.5736840065808170e-01	1.5724907807858195e+00	9.4187670006171098e-01
768	2.6335371230129301e-01	1.6090603338273506e+00	9.4187670006171076e-01
769	2.6933902394450415e-01	1.6456298868688806e+00	9.4187670006171098e-01
770	2.7532433558771535e-01	1.6821994399104114e+00	9.4187670006171098e-01
771	2.8130964723092661e-01	1.7187689929519421e+00	9.4187670006171098e-01
772	2.8729495887413775e-01	1.7553385459934727e+00	9.4187670006171098e-01
773	2.9328027051734901e-01	1.7919080990350036e+00	9.4187670006171098e-01
774	2.9926558216056015e-01	1.8284776520765342e+00	9.4187670006171098e-01
775	3.0525089380377135e-01	1.8650472051180649e+00	9.4187670006171098e-01
776	3.1123620544698255e-01	1.9016167581595955e+00	9.4187670006171098e-01
777	3.1722151709019386e-01	1.9381863112011262e+00	9.4187670006171098e-01
778	3.2121172485233462e-01	1.9625660132288132e+00	9.4187670006171098e-01
779	3.2320682873340500e-01	1.9747558642426568e+00	9.4187670006171098e-01
780	1.0700085744647139e-01	9.9475827611094503e-01	9.5955475442082183e-01
781	1.0832185568655130e-01	1.0070392424826851e+00	9.5955475442082183e-01
782	1.1096385216671108e-01	1.0316011752261653e+00	9.5955475442082183e-01
783	1.1492684688695078e-01	1.0684440743413854e+00	9.5955475442082183e-01
784	1.1888984160719047e-01	1.1052869734566058e+00	9.5955475442082161e-01
785	1.2285283632743012e-01	1.1421298725718259e+00	9.5955475442082183e-01
786	1.2681583104766983e-01	1.1789727716870462e+00	9.5955475442082183e-01
787	1.3077882576790945e-01	1.2158156708022663e+00	9.5955475442082183e-01
788	1.3474182048814917e-01	1.2526585699174866e+00	9.5955475442082161e-01
789	1.3870481520838884e-01	1.2895014690327067e+00	9.5955475442082183e-01
790	1.4266780992862857e-01	1.3263443681479270e+00	9.5955475442082183e-01
791	1.4663080464886821e-01	1.3631872672631467e+00	9.5955475442082205e-01
792	1.5059379936910794e-01	1.4000301663783674e+00	9.5955475442082161e-01
793	1.5455679408934758e-01	1.4368730654935873e+00	9.5955475442082183e-01
794	1.5851978880958725e-01	1.4737159646088076e+00	9.5955475442082183e-01
795	1.6248278352982692e-01	1.5105588637240277e+00	9.5955475442082183e-01
796	1.6644577825006662e-01	1.5474017628392482e+00	9.5955475442082161e-01
797	1.7040877297030627e-01	1.5842446619544681e+00	9.5955475442082183e-01
798	1.7437176769054599e-01	1.6210875610696887e+00	9.5955475442082161e-01
799	1.7833476241078569e-01	1.6579304601849083e+00	9.5955475442082183e-01
800	1.8229775713102533e-01	1.6947733593001286e+00	9.5955475442082183e-01
801	1.8626075185126503e-01	1.7316162584153487e+00	9.5955475442082183e-01
802	1.9022374657150468e-01	1.7684591575305690e+00	9.5955475442082183e-01
803	1.9418674129174440e-01	1.8053020566457894e+00	9.5955475442082183e-01
804	1.9814973601198405e-01	1.8421449557610095e+00	9.5955475442082183e-01
805	2.0211273073222374e-01	1.8789878548762300e+00	9.5955475442082183e-01
806	2.0607572545246339e-01	1.9158307539914496e+00	9.5955475442082183e-01
807	2.1003872017270314e-01	1.9526736531066700e+00	9.5955475442082183e-01
808	2.1268071665286289e-01	1.9772355858501500e+00	9.5955475442082183e-01
809	2.1400171489294278e-01	1.9895165522218901e+00	9.5955475442082183e-01
810	5.3123584068423581e-02	9.9906573614609606e-01	9.7883990463076109e-01
811	5.3779430785317696e-02	1.0113998810367888e+00	9.7883990463076109e-01
812	5.5091124219105933e-02	1.0360681708181738e+00	9.7883990463076109e-01
813	5.7058664369788285e-02	1.0730706054902515e+00	9.7883990463076109e-01
814	5.9026204520470638e-02	1.1100730401623291e+00	9.7883990463076098e-01
815	6.0993744671152997e-02	1.1470754748344067e+00	9.7883990463076109e-01
816	6.2961284821835356e-02	1.1840779095064844e+00	9.7883990463076109e-01
817	6.4928824972517687e-02	1.2210803441785618e+00	9.7883990463076109e-01
818	6.6896365123200061e-02	1.2580827788506395e+00	9.7883990463076098e-01
819	6.8863905273882420e-02	1.2950852135227173e+00	9.7883990463076109e-01
820	7.0831445424564779e-02	1.3320876481947950e+00	9.7883990463076109e-01
821	7.2798985575247124e-02	1.3690900828668722e+00	9.7883990463076131e-01
822	7.4766525725929484e-02	1.4060925175389500e+00	9.7883990463076098e-01
823	7.6734065876611829e-02	1.4430949522110279e+00	9.7883990463076109e-01
824	7.8701606027294188e-02	1.4800973868831055e+00	9.7883990463076109e-01
825	8.0669146177976533e-02	1.5170998215551830e+00	9.7883990463076109e-01
826	8.2636686328658893e-02	1.5541022562272608e+00	9.7883990463076098e-01
827	8.4604226479341252e-02	1.5911046908993383e+00	9.7883990463076109e-01
828	8.6571766630023625e-02	1.6281071255714159e+00	9.7883990463076098e-01
829	8.8539306780705956e-02	1.6651095602434935e+00	9.7883990463076109e-01
830	9.0506846931388302e-02	1.7021119949155712e+00	9.7883990463076109e-01
831	9.2474387082070689e-02	1.7391144295876488e+00	9.7883990463076109e-01
832	9.4441927232753020e-02	1.7761168642597263e+00	9.7883990463076109e-01
833	9.6409467383435393e-02	1.8131192989318041e+00	9.7883990463076109e-01
834	9.8377007534117725e-02	1.8501217336038820e+00	9.7883990463076109e-01
835	1.0034454768480010e-01	1.8871241682759596e+00	9.7883990463076109e-01
836	1.0231208783548244e-01	1.9241266029480368e+00	9.7883990463076109e-01
837	1.0427962798616482e-01	1.9611290376201147e+00	9.7883990463076109e-01
838	1.0559132141995303e-01	1.9857973274014997e+00	9.7883990463076109e-01
839	1.0624716813684716e-01	1.9981314722921921e+00	9.7883990463076109e-01
840	1.7586611865278840e-02	1.0000000000000000e+00	9.9276806867127276e-01
841	1.7803730530282284e-02	1.0123456790123457e+00	9.9276806867127276e-01
842	1.8237967860289164e-02	1.0370370370370372e+00	9.9276806867127276e-01
843	1.8889323855299497e-02	1.0740740740740740e+00	9.9276806867127276e-01
844	1.9540679850309821e-02	1.1111111111111112e+00	9.9276806867127265e-01
845	2.0192035845320148e-02	1.1481481481481484e+00	9.9276806867127276e-01
846	2.0843391840330478e-02	1.1851851851851851e+00	9.9276806867127276e-01
847	2.1494747835340802e-02	1.2222222222222223e+00	9.9276806867127276e-01
848	2.2146103830351128e-02	1.2592592592592593e+00	9.9276806867127265e-01
849	2.2797459825361459e-02	1.2962962962962965e+00	9.9276806867127276e-01
850	2.3448815820371789e-02	1.3333333333333335e+00	9.9276806867127276e-01
851	2.4100171815382113e-02	1.3703703703703700e+00	9.9276806867127299e-01
852	2.4751527810392443e-02	1.4074074074074072e+00	9.9276806867127265e-01
853	2.5402883805402766e-02	1.4444444444444444e+00	9.9276806867127276e-01
854	2.6054239800413097e-02	1.4814814814814816e+00	9.9276806867127276e-01
855	2.6705595795423420e-02	1.5185185185185186e+00	9.9276806867127276e-01
856	2.7356951790433751e-02	1.5555555555555556e+00	9.9276806867127265e-01
857	2.8008307785444071e-02	1.5925925925925923e+00	9.9276806867127276e-01
858	2.8659663780454404e-02	1.6296296296296295e+00	9.9276806867127265e-01
859	2.9311019775464731e-02	1.6666666666666667e+00	9.9276806867127276e-01
860	2.9962375770475058e-02	1.7037037037037039e+00	9.9276806867127276e-01
861	3.0613731765485389e-02	1.7407407407407407e+00	9.9276806867127276e-01
862	3.1265087760495712e-02	1.7777777777777777e+00	9.9276806867127276e-01
863	3.1916443755506042e-02	1.8148148148148149e+00	9.9276806867127276e-01
864	3.2567799750516373e-02	1.8518518518518521e+00	9.9276806867127276e-01
865	3.3219155745526689e-02	1.8888888888888893e+00	9.9276806867127276e-01
866	3.3870511740537020e-02	1.9259259259259258e+00	9.9276806867127276e-01
867	3.4521867735547357e-02	1.9629629629629630e+00	9.9276806867127276e-01
868	3.4956105065554237e-02	1.9876543209876540e+00	9.9276806867127276e-01
869	3.5173223730557680e-02	2.0000000000000000e+00	9.9276806867127276e-01
870	0.0000000000000000e+00	1.0000000000000000e+00	1.0000000000000000e+00
871	0.0000000000000000e+00	1.0123456790123457e+00	1.0000000000000000e+00
872	0.0000000000000000e+00	1.0370370370370372e+00	1.0000000000000000e+00
873	0.0000000000000000e+00	1.0740740740740740e+00	1.0000000000000000e+00
874	0.0000000000000000e+00	1.1111111111111112e+00	9.9999999999999989e-01
875	0.0000000000000000e+00	1.1481481481481481e+00	1.0000000000000000e+00
876	0.0000000000000000e+00	1.1851851851851851e+00	1.0000000000000000e+00
877	0.0000000000000000e+00	1.2222222222222223e+00	1.0000000000000000e+00
878	0.0000000000000000e+00	1.2592592592592593e+00	9.9999999999999989e-01
879	0.0000000000000000e+00	1.2962962962962965e+00	1.0000000000000000e+00
880	0.0000000000000000e+00	1.3333333333333335e+00	1.0000000000000000e+00
881	0.0000000000000000e+00	1.3703703703703702e+00	1.0000000000000002e+00
882	0.0000000000000000e+00	1.4074074074074074e+00	9.9999999999999989e-01
883	0.0000000000000000e+00	1.4444444444444444e+00	1.0000000000000000e+00
884	0.0000000000000000e+00	1.4814814814814816e+00	1.0000000000000000e+00
885	0.0000000000000000e+00	1.5185185185185186e+00	1.0000000000000000e+00
886	0.0000000000000000e+00	1.5555555555555558e+00	9.9999999999999989e-01
887	0.0000000000000000e+00	1.5925925925925926e+00	1.0000000000000000e+00
888	0.0000000000000000e+00	1.6296296296296298e+00	9.9999999999999989e-01
889	0.0000000000000000e+00	1.6666666666666665e+00	1.0000000000000000e+00
890	0.0000000000000000e+00	1.7037037037037037e+00	1.0000000000000000e+00
891	0.0000000000000000e+00	1.7407407407407407e+00	1.0000000000000000e+00
892	0.0000000000000000e+00	1.7777777777777777e+00	1.0000000000000000e+00
893	0.0000000000000000e+00	1.8148148148148149e+00	1.0000000000000000e+00
894	0.0000000000000000e+00	1.8518518518518521e+00	1.0000000000000000e+00
895	0.0000000000000000e+00	1.8888888888888891e+00	1.0000000000000000e+00
896	0.0000000000000000e+00	1.9259259259259258e+00	1.0000000000000000e+00
897	0.0000000000000000e+00	1.9629629629629630e+00	1.0000000000000000e+00
898	0.0000000000000000e+00	1.9876543209876543e+00	1.0000000000000000e+00
899	0.0000000000000000e+00	2.0000000000000000e+00	1.0000000000000000e+00

0   1   0.0
1   1   0.0
2   1   0.0
3   1   0.0
4   1   0.0
5   1   0.0
6   1   0.0
7   1   0.0
8   1   0.0
9   1   0.0
10  1   0.0
11  1   0.0
12  1   0.0
13  1   0.0
14  1   0.0
15  1   0.0
16  1   0.0
17  1   0.0
18  1   0.0
19  1   0.0
20  1   0.0
21  1   0.0
22  1   0.0
23  1   0.0
24  1   0.0
25  1   0.0
26  1   0.0
27  1   0.0
28  1   0.0
29  1   0.0
59  1   0.0
89  1   0.0
119 1   0.0
149 1   0.0
179 1   0.0
209 1   0.0
239 1   0.0
269 1   0.0
299 1   0.0
329 1   0.0
359 1   0.0
389 1   0.0
419 1   0.0
449 1   0.0
479 1   0.0
509 1   0.0
539 1   0.0
569 1   0.0
599 1   0.0
629 1   0.0
659 1   0.0
689 1   0.0
719 1   0.0
749 1   0.0
779 1   0.0
809 1   0.0
839 1   0.0
869 1   0.0
899 1   0.0
29  0   0.0
59  0   0.0
89  0   0.0
119 0   0.0
149 0   0.0
179 0   0.0
209 0   0.0
239 0   0.0
269 0   0.0
299 0   0.0
329 0   0.0
359 0   0.0
389 0   0.0
419 0   0.0
449 0   0.0
479 0   0.0
509 0   0.0
539 0   0.0
569 0   0.0
599 0   0.0
629 0   0.0
659 0   0.0
689 0   0.0
719 0   0.0
749 0   0.0
779 0   0.0
809 0   0.0
839 0   0.0
869 0   0.0
870 0   0.0
871 0   0.0
872 0   0.0
873 0   0.0
874 0   0.0
875 0   0.0
876 0   0.0
877 0   0.0
878 0   0.0
879 0   0.0
880 0   0.0
881 0   0.0
882 0   0.0
883 0   0.0
884 0   0.0
885 0   0.0
886 0   0.0
887 0   0.0
888 0   0.0
889 0   0.0
890 0   0.0
891 0   0.0
892 0   0.0
893 0   0.0
894 0   0.0
895 0   0.0
896 0   0.0
897 0   0.0
898 0   0.0
899 0   0.0