206000  0.3

1

100

3	3

14	14

10	10

0   1   2   3   4   5   6   7   8   9   10   11   12   13   14   15   16   17   18   19   20   21   22   23   24   25   26   27   28   29   30   31   32   33   34   35   36   37   38   39   40   41   42   43   44   45   46   47   48   49   50   51   52   53   54   55   56   57   58   59   60   61   62   63   64   65   66   67   68   69   70   71   72   73   74   75   76   77   78   79   80   81   82   83   84   85   86   87   88   89   90   91   92   93   94   95   96   97   98   99

38  0   0

0.0000000000000000e+00	0.0000000000000000e+00	0.0000000000000000e+00	0.0000000000000000e+00	1.4285714285714285e-01	2.8571428571428570e-01	4.2857142857142855e-01	5.7142857142857140e-01	7.1428571428571430e-01	8.5714285714285710e-01	1.0000000000000000e+00	1.0000000000000000e+00	1.0000000000000000e+00	1.0000000000000000e+00
0.0000000000000000e+00	0.0000000000000000e+00	0.0000000000000000e+00	0.0000000000000000e+00	1.4285714285714285e-01	2.8571428571428570e-01	4.2857142857142855e-01	5.7142857142857140e-01	7.1428571428571430e-01	8.5714285714285710e-01	1.0000000000000000e+00	1.0000000000000000e+00	1.0000000000000000e+00	1.0000000000000000e+00

0	1.0000000000000000e+00	0.0000000000000000e+00	1.0000000000000000e+00
1	1.0714285714285714e+00	0.0000000000000000e+00	1.0000000000000000e+00
2	1.2142857142857144e+00	0.0000000000000000e+00	1.0000000000000000e+00
3	1.4285714285714284e+00	0.0000000000000000e+00	9.9999999999999989e-01
4	1.6428571428571426e+00	0.0000000000000000e+00	1.0000000000000000e+00
5	1.8571428571428572e+00	0.0000000000000000e+00	1.0000000000000000e+00
6	2.0714285714285712e+00	0.0000000000000000e+00	1.0000000000000000e+00
7	2.2857142857142856e+00	0.0000000000000000e+00	1.0000000000000000e+00
8	2.4285714285714288e+00	0.0000000000000000e+00	1.0000000000000000e+00
9	2.5000000000000000e+00	0.0000000000000000e+00	1.0000000000000000e+00
10	1.0000000000000000e+00	6.9275926699411725e-02	9.7210540773205223e-01
11	1.0714285714285714e+00	7.4224207177941134e-02	9.7210540773205223e-01
12	1.2142857142857144e+00	8.4120768134999940e-02	9.7210540773205223e-01
13	1.4285714285714284e+00	9.8965609570588170e-02	9.7210540773205212e-01
14	1.6428571428571423e+00	1.1381045100617640e-01	9.7210540773205223e-01
15	1.8571428571428572e+00	1.2865529244176460e-01	9.7210540773205223e-01
16	2.0714285714285716e+00	1.4350013387735286e-01	9.7210540773205223e-01
17	2.2857142857142856e+00	1.5834497531294112e-01	9.7210540773205223e-01
18	2.4285714285714288e+00	1.6824153626999988e-01	9.7210540773205223e-01
19	2.5000000000000004e+00	1.7318981674852932e-01	9.7210540773205223e-01
20	9.8528005335336311e-01	2.1248285440492004e-01	9.2428610670128442e-01
21	1.0556572000214601e+00	2.2766020114812860e-01	9.2428610670128453e-01
22	1.1964114933576551e+00	2.5801489463454574e-01	9.2428610670128442e-01
23	1.4075429333619471e+00	3.0354693486417145e-01	9.2428610670128419e-01
24	1.6186743733662390e+00	3.4907897509379721e-01	9.2428610670128442e-01
25	1.8298058133705313e+00	3.9461101532342285e-01	9.2428610670128442e-01
26	2.0409372533748233e+00	4.4014305555304861e-01	9.2428610670128442e-01
27	2.2520686933791154e+00	4.8567509578267443e-01	9.2428610670128442e-01
28	2.3928229867153101e+00	5.1602978926909149e-01	9.2428610670128442e-01
29	2.4632001333834079e+00	5.3120713601229996e-01	9.2428610670128442e-01
30	9.1462319908904877e-01	4.2564697568996424e-01	8.7646680567051660e-01
31	9.7995342759540915e-01	4.5605033109639020e-01	8.7646680567051671e-01
32	1.1106138846081306e+00	5.1685704190924220e-01	8.7646680567051660e-01
33	1.3066045701272124e+00	6.0806710812852016e-01	8.7646680567051638e-01
34	1.5025952556462945e+00	6.9927717434779824e-01	8.7646680567051660e-01
35	1.6985859411653761e+00	7.9048724056707631e-01	8.7646680567051660e-01
36	1.8945766266844581e+00	8.8169730678635450e-01	8.7646680567051660e-01
37	2.0905673122035404e+00	9.7290737300563257e-01	8.7646680567051660e-01
38	2.2212277692162612e+00	1.0337140838184844e+00	8.7646680567051660e-01
39	2.2865579977226216e+00	1.0641174392249104e+00	8.7646680567051660e-01
40	7.9254089039093678e-01	6.2497776339900124e-01	8.5255715515513286e-01
41	8.4915095399028961e-01	6.6961903221321561e-01	8.5255715515513286e-01
42	9.6237108118899473e-01	7.5890156984164425e-01	8.5255715515513286e-01
43	1.1322012719870529e+00	8.9282537628428749e-01	8.5255715515513253e-01
44	1.3020314627851106e+00	1.0267491827269304e+00	8.5255715515513286e-01
45	1.4718616535831683e+00	1.1606729891695735e+00	8.5255715515513286e-01
46	1.6416918443812261e+00	1.2945967956122166e+00	8.5255715515513286e-01
47	1.8115220351792842e+00	1.4285206020548600e+00	8.5255715515513286e-01
48	1.9247421623779895e+00	1.5178031396832885e+00	8.5255715515513286e-01
49	1.9813522259773422e+00	1.5624444084975031e+00	8.5255715515513286e-01
50	6.2497776339900124e-01	7.9254089039093689e-01	8.5255715515513286e-01
51	6.6961903221321561e-01	8.4915095399028961e-01	8.5255715515513286e-01
52	7.5890156984164425e-01	9.6237108118899473e-01	8.5255715515513286e-01
53	8.9282537628428760e-01	1.1322012719870527e+00	8.5255715515513253e-01
54	1.0267491827269306e+00	1.3020314627851104e+00	8.5255715515513286e-01
55	1.1606729891695737e+00	1.4718616535831683e+00	8.5255715515513286e-01
56	1.2945967956122166e+00	1.6416918443812263e+00	8.5255715515513286e-01
57	1.4285206020548600e+00	1.8115220351792845e+00	8.5255715515513286e-01
58	1.5178031396832885e+00	1.9247421623779895e+00	8.5255715515513286e-01
59	1.5624444084975029e+00	1.9813522259773424e+00	8.5255715515513286e-01
60	4.2564697568996418e-01	9.1462319908904866e-01	8.7646680567051671e-01
61	4.5605033109639020e-01	9.7995342759540915e-01	8.7646680567051671e-01
62	5.1685704190924220e-01	1.1106138846081304e+00	8.7646680567051671e-01
63	6.0806710812852027e-01	1.3066045701272124e+00	8.7646680567051649e-01
64	6.9927717434779824e-01	1.5025952556462940e+00	8.7646680567051671e-01
65	7.9048724056707620e-01	1.6985859411653761e+00	8.7646680567051671e-01
66	8.8169730678635427e-01	1.8945766266844579e+00	8.7646680567051671e-01
67	9.7290737300563235e-01	2.0905673122035400e+00	8.7646680567051671e-01
68	1.0337140838184844e+00	2.2212277692162608e+00	8.7646680567051671e-01
69	1.0641174392249104e+00	2.2865579977226216e+00	8.7646680567051671e-01
70	2.1248285440492004e-01	9.8528005335336299e-01	9.2428610670128442e-01
71	2.2766020114812863e-01	1.0556572000214604e+00	9.2428610670128442e-01
72	2.5801489463454574e-01	1.1964114933576551e+00	9.2428610670128442e-01
73	3.0354693486417150e-01	1.4075429333619471e+00	9.2428610670128419e-01
74	3.4907897509379721e-01	1.6186743733662390e+00	9.2428610670128442e-01
75	3.9461101532342285e-01	1.8298058133705313e+00	9.2428610670128442e-01
76	4.4014305555304861e-01	2.0409372533748233e+00	9.2428610670128442e-01
77	4.8567509578267432e-01	2.2520686933791154e+00	9.2428610670128442e-01
78	5.1602978926909149e-01	2.3928229867153101e+00	9.2428610670128442e-01
79	5.3120713601229996e-01	2.4632001333834079e+00	9.2428610670128442e-01
80	6.9275926699411738e-02	1.0000000000000000e+00	9.7210540773205212e-01
81	7.4224207177941176e-02	1.0714285714285714e+00	9.7210540773205212e-01
82	8.4120768134999968e-02	1.2142857142857144e+00	9.7210540773205212e-01
83	9.8965609570588225e-02	1.4285714285714284e+00	9.7210540773205201e-01
84	1.1381045100617643e-01	1.6428571428571426e+00	9.7210540773205212e-01
85	1.2865529244176468e-01	1.8571428571428574e+00	9.7210540773205212e-01
86	1.4350013387735291e-01	2.0714285714285712e+00	9.7210540773205212e-01
87	1.5834497531294114e-01	2.2857142857142856e+00	9.7210540773205212e-01
88	1.6824153626999994e-01	2.4285714285714288e+00	9.7210540773205212e-01
89	1.7318981674852935e-01	2.5000000000000004e+00	9.7210540773205212e-01
90	0.0000000000000000e+00	1.0000000000000000e+00	1.0000000000000000e+00
91	0.0000000000000000e+00	1.0714285714285714e+00	1.0000000000000000e+00
92	0.0000000000000000e+00	1.2142857142857144e+00	1.0000000000000000e+00
93	0.0000000000000000e+00	1.4285714285714284e+00	9.9999999999999989e-01
94	0.0000000000000000e+00	1.6428571428571426e+00	1.0000000000000000e+00
95	0.0000000000000000e+00	1.8571428571428572e+00	1.0000000000000000e+00
96	0.0000000000000000e+00	2.0714285714285712e+00	1.0000000000000000e+00
97	0.0000000000000000e+00	2.2857142857142856e+00	1.0000000000000000e+00
98	0.0000000000000000e+00	2.4285714285714288e+00	1.0000000000000000e+00
99	0.0000000000000000e+00	2.5000000000000000e+00	1.0000000000000000e+00

0   1   0.0
1   1   0.0
2   1   0.0
3   1   0.0
4   1   0.0
5   1   0.0
6   1   0.0
7   1   0.0
8   1   0.0
9   1   0.0
19  1   0.0
29  1   0.0
39  1   0.0
49  1   0.0
59  1   0.0
69  1   0.0
79  1   0.0
89  1   0.0
99  1   0.0
9   0   0.0
19  0   0.0
29  0   0.0
39  0   0.0
49  0   0.0
59  0   0.0
69  0   0.0
79  0   0.0
89  0   0.0
90  0   0.0
91  0   0.0
92  0   0.0
93  0   0.0
94  0   0.0
95  0   0.0
96  0   0.0
97  0   0.0
98  0   0.0
99  0   0.0