206000  0.3

1

900

3	3

34	34

30	30

0   1   2   3   4   5   6   7   8   9   10   11   12   13   14   15   16   17   18   19   20   21   22   23   24   25   26   27   28   29   30   31   32   33   34   35   36   37   38   39   40   41   42   43   44   45   46   47   48   49   50   51   52   53   54   55   56   57   58   59   60   61   62   63   64   65   66   67   68   69   70   71   72   73   74   75   76   77   78   79   80   81   82   83   84   85   86   87   88   89   90   91   92   93   94   95   96   97   98   99   100   101   102   103   104   105   106   107   108   109   110   111   112   113   114   115   116   117   118   119   120   121   122   123   124   125   126   127   128   129   130   131   132   133   134   135   136   137   138   139   140   141   142   143   144   145   146   147   148   149   150   151   152   153   154   155   156   157   158   159   160   161   162   163   164   165   166   167   168   169   170   171   172   173   174   175   176   177   178   179   180   181   182   183   184   185   186   187   188   189   190   191   192   193   194   195   196   197   198   199   200   201   202   203   204   205   206   207   208   209   210   211   212   213   214   215   216   217   218   219   220   221   222   223   224   225   226   227   228   229   230   231   232   233   234   235   236   237   238   239   240   241   242   243   244   245   246   247   248   249   250   251   252   253   254   255   256   257   258   259   260   261   262   263   264   265   266   267   268   269   270   271   272   273   274   275   276   277   278   279   280   281   282   283   284   285   286   287   288   289   290   291   292   293   294   295   296   297   298   299   300   301   302   303   304   305   306   307   308   309   310   311   312   313   314   315   316   317   318   319   320   321   322   323   324   325   326   327   328   329   330   331   332   333   334   335   336   337   338   339   340   341   342   343   344   345   346   347   348   349   350   351   352   353   354   355   356   357   358   359   360   361   362   363   364   365   366   367   368   369   370   371   372   373   374   375   376   377   378   379   380   381   382   383   384   385   386   387   388   389   390   391   392   393   394   395   396   397   398   399   400   401   402   403   404   405   406   407   408   409   410   411   412   413   414   415   416   417   418   419   420   421   422   423   424   425   426   427   428   429   430   431   432   433   434   435   436   437   438   439   440   441   442   443   444   445   446   447   448   449   450   451   452   453   454   455   456   457   458   459   460   461   462   463   464   465   466   467   468   469   470   471   472   473   474   475   476   477   478   479   480   481   482   483   484   485   486   487   488   489   490   491   492   493   494   495   496   497   498   499   500   501   502   503   504   505   506   507   508   509   510   511   512   513   514   515   516   517   518   519   520   521   522   523   524   525   526   527   528   529   530   531   532   533   534   535   536   537   538   539   540   541   542   543   544   545   546   547   548   549   550   551   552   553   554   555   556   557   558   559   560   561   562   563   564   565   566   567   568   569   570   571   572   573   574   575   576   577   578   579   580   581   582   583   584   585   586   587   588   589   590   591   592   593   594   595   596   597   598   599   600   601   602   603   604   605   606   607   608   609   610   611   612   613   614   615   616   617   618   619   620   621   622   623   624   625   626   627   628   629   630   631   632   633   634   635   636   637   638   639   640   641   642   643   644   645   646   647   648   649   650   651   652   653   654   655   656   657   658   659   660   661   662   663   664   665   666   667   668   669   670   671   672   673   674   675   676   677   678   679   680   681   682   683   684   685   686   687   688   689   690   691   692   693   694   695   696   697   698   699   700   701   702   703   704   705   706   707   708   709   710   711   712   713   714   715   716   717   718   719   720   721   722   723   724   725   726   727   728   729   730   731   732   733   734   735   736   737   738   739   740   741   742   743   744   745   746   747   748   749   750   751   752   753   754   755   756   757   758   759   760   761   762   763   764   765   766   767   768   769   770   771   772   773   774   775   776   777   778   779   780   781   782   783   784   785   786   787   788   789   790   791   792   793   794   795   796   797   798   799   800   801   802   803   804   805   806   807   808   809   810   811   812   813   814   815   816   817   818   819   820   821   822   823   824   825   826   827   828   829   830   831   832   833   834   835   836   837   838   839   840   841   842   843   844   845   846   847   848   849   850   851   852   853   854   855   856   857   858   859   860   861   862   863   864   865   866   867   868   869   870   871   872   873   874   875   876   877   878   879   880   881   882   883   884   885   886   887   888   889   890   891   892   893   894   895   896   897   898   899

118 0   0

0.0000000000000000e+00	0.0000000000000000e+00	0.0000000000000000e+00	0.0000000000000000e+00	3.7037037037037035e-02	7.4074074074074070e-02	1.1111111111111110e-01	1.4814814814814814e-01	1.8518518518518517e-01	2.2222222222222221e-01	2.5925925925925924e-01	2.9629629629629628e-01	3.3333333333333331e-01	3.7037037037037035e-01	4.0740740740740738e-01	4.4444444444444442e-01	4.8148148148148145e-01	5.1851851851851849e-01	5.5555555555555558e-01	5.9259259259259256e-01	6.2962962962962965e-01	6.6666666666666663e-01	7.0370370370370372e-01	7.4074074074074070e-01	7.7777777777777779e-01	8.1481481481481477e-01	8.5185185185185186e-01	8.8888888888888884e-01	9.2592592592592593e-01	9.6296296296296291e-01	1.0000000000000000e+00	1.0000000000000000e+00	1.0000000000000000e+00	1.0000000000000000e+00
0.0000000000000000e+00	0.0000000000000000e+00	0.0000000000000000e+00	0.0000000000000000e+00	3.7037037037037035e-02	7.4074074074074070e-02	1.1111111111111110e-01	1.4814814814814814e-01	1.8518518518518517e-01	2.2222222222222221e-01	2.5925925925925924e-01	2.9629629629629628e-01	3.3333333333333331e-01	3.7037037037037035e-01	4.0740740740740738e-01	4.4444444444444442e-01	4.8148148148148145e-01	5.1851851851851849e-01	5.5555555555555558e-01	5.9259259259259256e-01	6.2962962962962965e-01	6.6666666666666663e-01	7.0370370370370372e-01	7.4074074074074070e-01	7.7777777777777779e-01	8.1481481481481477e-01	8.5185185185185186e-01	8.8888888888888884e-01	9.2592592592592593e-01	9.6296296296296291e-01	1.0000000000000000e+00	1.0000000000000000e+00	1.0000000000000000e+00	1.0000000000000000e+00

0	1.0000000000000000e+00	0.0000000000000000e+00	1.0000000000000000e+00
1	1.0185185185185186e+00	0.0000000000000000e+00	1.0000000000000000e+00
2	1.0555555555555556e+00	0.0000000000000000e+00	1.0000000000000000e+00
3	1.1111111111111112e+00	0.0000000000000000e+00	1.0000000000000000e+00
4	1.1666666666666667e+00	0.0000000000000000e+00	9.9999999999999989e-01
5	1.2222222222222221e+00	0.0000000000000000e+00	1.0000000000000000e+00
6	1.2777777777777779e+00	0.0000000000000000e+00	1.0000000000000000e+00
7	1.3333333333333333e+00	0.0000000000000000e+00	1.0000000000000000e+00
8	1.3888888888888891e+00	0.0000000000000000e+00	9.9999999999999989e-01
9	1.4444444444444446e+00	0.0000000000000000e+00	1.0000000000000000e+00
10	1.5000000000000000e+00	0.0000000000000000e+00	1.0000000000000000e+00
11	1.5555555555555554e+00	0.0000000000000000e+00	1.0000000000000002e+00
12	1.6111111111111112e+00	0.0000000000000000e+00	9.9999999999999989e-01
13	1.6666666666666667e+00	0.0000000000000000e+00	1.0000000000000000e+00
14	1.7222222222222225e+00	0.0000000000000000e+00	1.0000000000000000e+00
15	1.7777777777777779e+00	0.0000000000000000e+00	1.0000000000000000e+00
16	1.8333333333333333e+00	0.0000000000000000e+00	9.9999999999999989e-01
17	1.8888888888888888e+00	0.0000000000000000e+00	1.0000000000000000e+00
18	1.9444444444444444e+00	0.0000000000000000e+00	9.9999999999999989e-01
19	2.0000000000000000e+00	0.0000000000000000e+00	1.0000000000000000e+00
20	2.0555555555555554e+00	0.0000000000000000e+00	1.0000000000000000e+00
21	2.1111111111111107e+00	0.0000000000000000e+00	1.0000000000000000e+00
22	2.1666666666666665e+00	0.0000000000000000e+00	1.0000000000000000e+00
23	2.2222222222222223e+00	0.0000000000000000e+00	1.0000000000000000e+00
24	2.2777777777777777e+00	0.0000000000000000e+00	1.0000000000000000e+00
25	2.3333333333333335e+00	0.0000000000000000e+00	1.0000000000000000e+00
26	2.3888888888888888e+00	0.0000000000000000e+00	1.0000000000000000e+00
27	2.4444444444444442e+00	0.0000000000000000e+00	1.0000000000000000e+00
28	2.4814814814814818e+00	0.0000000000000000e+00	1.0000000000000000e+00
29	2.5000000000000000e+00	0.0000000000000000e+00	1.0000000000000000e+00
30	1.0000000000000000e+00	1.7586611865278816e-02	9.9276806867127287e-01
31	1.0185185185185186e+00	1.7912289862783974e-02	9.9276806867127287e-01
32	1.0555555555555556e+00	1.8563645857794301e-02	9.9276806867127287e-01
33	1.1111111111111109e+00	1.9540679850309793e-02	9.9276806867127287e-01
34	1.1666666666666665e+00	2.0517713842825282e-02	9.9276806867127276e-01
35	1.2222222222222221e+00	2.1494747835340774e-02	9.9276806867127287e-01
36	1.2777777777777779e+00	2.2471781827856259e-02	9.9276806867127287e-01
37	1.3333333333333333e+00	2.3448815820371748e-02	9.9276806867127287e-01
38	1.3888888888888888e+00	2.4425849812887243e-02	9.9276806867127276e-01
39	1.4444444444444446e+00	2.5402883805402732e-02	9.9276806867127287e-01
40	1.5000000000000002e+00	2.6379917797918217e-02	9.9276806867127287e-01
41	1.5555555555555554e+00	2.7356951790433702e-02	9.9276806867127310e-01
42	1.6111111111111112e+00	2.8333985782949205e-02	9.9276806867127276e-01
43	1.6666666666666667e+00	2.9311019775464690e-02	9.9276806867127287e-01
44	1.7222222222222225e+00	3.0288053767980189e-02	9.9276806867127287e-01
45	1.7777777777777777e+00	3.1265087760495663e-02	9.9276806867127287e-01
46	1.8333333333333333e+00	3.2242121753011159e-02	9.9276806867127276e-01
47	1.8888888888888891e+00	3.3219155745526648e-02	9.9276806867127287e-01
48	1.9444444444444442e+00	3.4196189738042136e-02	9.9276806867127276e-01
49	2.0000000000000000e+00	3.5173223730557632e-02	9.9276806867127287e-01
50	2.0555555555555554e+00	3.6150257723073120e-02	9.9276806867127287e-01
51	2.1111111111111107e+00	3.7127291715588602e-02	9.9276806867127287e-01
52	2.1666666666666665e+00	3.8104325708104098e-02	9.9276806867127287e-01
53	2.2222222222222219e+00	3.9081359700619586e-02	9.9276806867127287e-01
54	2.2777777777777777e+00	4.0058393693135082e-02	9.9276806867127287e-01
55	2.3333333333333335e+00	4.1035427685650570e-02	9.9276806867127287e-01
56	2.3888888888888888e+00	4.2012461678166052e-02	9.9276806867127287e-01
57	2.4444444444444442e+00	4.2989495670681548e-02	9.9276806867127287e-01
58	2.4814814814814818e+00	4.3640851665691864e-02	9.9276806867127287e-01
59	2.5000000000000000e+00	4.3966529663197036e-02	9.9276806867127287e-01
60	9.9906573614609617e-01	5.3123584068423560e-02	9.7883990463076120e-01
61	1.0175669534821350e+00	5.4107354143764733e-02	9.7883990463076120e-01
62	1.0545693881542124e+00	5.6074894294447092e-02	9.7883990463076120e-01
63	1.1100730401623291e+00	5.9026204520470631e-02	9.7883990463076120e-01
64	1.1655766921704453e+00	6.1977514746494142e-02	9.7883990463076109e-01
65	1.2210803441785618e+00	6.4928824972517687e-02	9.7883990463076120e-01
66	1.2765839961866785e+00	6.7880135198541219e-02	9.7883990463076120e-01
67	1.3320876481947947e+00	7.0831445424564723e-02	9.7883990463076120e-01
68	1.3875913002029114e+00	7.3782755650588269e-02	9.7883990463076109e-01
69	1.4430949522110279e+00	7.6734065876611801e-02	9.7883990463076120e-01
70	1.4985986042191439e+00	7.9685376102635333e-02	9.7883990463076120e-01
71	1.5541022562272604e+00	8.2636686328658837e-02	9.7883990463076143e-01
72	1.6096059082353769e+00	8.5587996554682411e-02	9.7883990463076109e-01
73	1.6651095602434935e+00	8.8539306780705915e-02	9.7883990463076120e-01
74	1.7206132122516105e+00	9.1490617006729474e-02	9.7883990463076120e-01
75	1.7761168642597265e+00	9.4441927232752979e-02	9.7883990463076120e-01
76	1.8316205162678427e+00	9.7393237458776524e-02	9.7883990463076109e-01
77	1.8871241682759592e+00	1.0034454768480007e-01	9.7883990463076120e-01
78	1.9426278202840759e+00	1.0329585791082357e-01	9.7883990463076109e-01
79	1.9981314722921923e+00	1.0624716813684712e-01	9.7883990463076120e-01
80	2.0536351243003081e+00	1.0919847836287065e-01	9.7883990463076120e-01
81	2.1091387763084244e+00	1.1214978858889417e-01	9.7883990463076120e-01
82	2.1646424283165415e+00	1.1510109881491773e-01	9.7883990463076120e-01
83	2.2201460803246582e+00	1.1805240904094126e-01	9.7883990463076120e-01
84	2.2756497323327740e+00	1.2100371926696478e-01	9.7883990463076120e-01
85	2.3311533843408911e+00	1.2395502949298833e-01	9.7883990463076120e-01
86	2.3866570363490074e+00	1.2690633971901183e-01	9.7883990463076120e-01
87	2.4421606883571236e+00	1.2985764994503537e-01	9.7883990463076120e-01
88	2.4791631230292022e+00	1.3182519009571769e-01	9.7883990463076120e-01
89	2.4976643403652403e+00	1.3280896017105889e-01	9.7883990463076120e-01
90	9.9475827611094525e-01	1.0700085744647139e-01	9.5955475442082172e-01
91	1.0131797256685553e+00	1.0898235480659120e-01	9.5955475442082183e-01
92	1.0500226247837754e+00	1.1294534952683090e-01	9.5955475442082183e-01
93	1.1052869734566060e+00	1.1888984160719045e-01	9.5955475442082172e-01
94	1.1605513221294359e+00	1.2483433368754991e-01	9.5955475442082172e-01
95	1.2158156708022665e+00	1.3077882576790947e-01	9.5955475442082172e-01
96	1.2710800194750969e+00	1.3672331784826897e-01	9.5955475442082183e-01
97	1.3263443681479268e+00	1.4266780992862846e-01	9.5955475442082183e-01
98	1.3816087168207569e+00	1.4861230200898803e-01	9.5955475442082172e-01
99	1.4368730654935877e+00	1.5455679408934755e-01	9.5955475442082172e-01
100	1.4921374141664179e+00	1.6050128616970705e-01	9.5955475442082183e-01
101	1.5474017628392482e+00	1.6644577825006654e-01	9.5955475442082194e-01
102	1.6026661115120784e+00	1.7239027033042612e-01	9.5955475442082172e-01
103	1.6579304601849085e+00	1.7833476241078564e-01	9.5955475442082183e-01
104	1.7131948088577391e+00	1.8427925449114518e-01	9.5955475442082183e-01
105	1.7684591575305690e+00	1.9022374657150465e-01	9.5955475442082183e-01
106	1.8237235062033992e+00	1.9616823865186414e-01	9.5955475442082172e-01
107	1.8789878548762302e+00	2.0211273073222374e-01	9.5955475442082172e-01
108	1.9342522035490601e+00	2.0805722281258321e-01	9.5955475442082172e-01
109	1.9895165522218905e+00	2.1400171489294278e-01	9.5955475442082172e-01
110	2.0447809008947209e+00	2.1994620697330231e-01	9.5955475442082172e-01
111	2.1000452495675512e+00	2.2589069905366180e-01	9.5955475442082172e-01
112	2.1553095982403812e+00	2.3183519113402132e-01	9.5955475442082172e-01
113	2.2105739469132120e+00	2.3777968321438089e-01	9.5955475442082172e-01
114	2.2658382955860419e+00	2.4372417529474041e-01	9.5955475442082172e-01
115	2.3211026442588727e+00	2.4966866737509991e-01	9.5955475442082183e-01
116	2.3763669929317022e+00	2.5561315945545937e-01	9.5955475442082172e-01
117	2.4316313416045330e+00	2.6155765153581895e-01	9.5955475442082172e-01
118	2.4684742407197531e+00	2.6552064625605859e-01	9.5955475442082172e-01
119	2.4868956902773629e+00	2.6750214361617847e-01	9.5955475442082172e-01
120	9.8737793212132841e-01	1.6160341436670247e-01	9.4187670006171087e-01
121	1.0056627086420937e+00	1.6459607018830813e-01	9.4187670006171087e-01
122	1.0422322616836246e+00	1.7058138183151930e-01	9.4187670006171087e-01
123	1.0970865912459205e+00	1.7955934929633610e-01	9.4187670006171087e-01
124	1.1519409208082163e+00	1.8853731676115287e-01	9.4187670006171065e-01
125	1.2067952503705124e+00	1.9751528422596970e-01	9.4187670006171087e-01
126	1.2616495799328085e+00	2.0649325169078650e-01	9.4187670006171087e-01
127	1.3165039094951045e+00	2.1547121915560333e-01	9.4187670006171087e-01
128	1.3713582390574008e+00	2.2444918662042018e-01	9.4187670006171065e-01
129	1.4262125686196967e+00	2.3342715408523695e-01	9.4187670006171087e-01
130	1.4810668981819928e+00	2.4240512155005375e-01	9.4187670006171087e-01
131	1.5359212277442889e+00	2.5138308901487061e-01	9.4187670006171087e-01
132	1.5907755573065849e+00	2.6036105647968744e-01	9.4187670006171065e-01
133	1.6456298868688806e+00	2.6933902394450415e-01	9.4187670006171087e-01
134	1.7004842164311769e+00	2.7831699140932098e-01	9.4187670006171087e-01
135	1.7553385459934725e+00	2.8729495887413770e-01	9.4187670006171087e-01
136	1.8101928755557690e+00	2.9627292633895463e-01	9.4187670006171065e-01
137	1.8650472051180647e+00	3.0525089380377141e-01	9.4187670006171087e-01
138	1.9199015346803612e+00	3.1422886126858829e-01	9.4187670006171065e-01
139	1.9747558642426568e+00	3.2320682873340495e-01	9.4187670006171087e-01
140	2.0296101938049529e+00	3.3218479619822183e-01	9.4187670006171087e-01
141	2.0844645233672483e+00	3.4116276366303860e-01	9.4187670006171087e-01
142	2.1393188529295446e+00	3.5014073112785543e-01	9.4187670006171087e-01
143	2.1941731824918409e+00	3.5911869859267220e-01	9.4187670006171087e-01
144	2.2490275120541368e+00	3.6809666605748914e-01	9.4187670006171087e-01
145	2.3038818416164331e+00	3.7707463352230586e-01	9.4187670006171087e-01
146	2.3587361711787289e+00	3.8605260098712263e-01	9.4187670006171087e-01
147	2.4135905007410248e+00	3.9503056845193940e-01	9.4187670006171087e-01
148	2.4501600537825556e+00	4.0101588009515060e-01	9.4187670006171087e-01
149	2.4684448303033211e+00	4.0400853591675628e-01	9.4187670006171087e-01
150	9.7678711044409983e-01	2.1668845030515416e-01	9.2580574155342810e-01
151	9.9487576063750893e-01	2.2070119938487923e-01	9.2580574155342821e-01
152	1.0310530610243276e+00	2.2872669754432939e-01	9.2580574155342821e-01
153	1.0853190116045555e+00	2.4076494478350463e-01	9.2580574155342810e-01
154	1.1395849621847831e+00	2.5280319202267976e-01	9.2580574155342810e-01
155	1.1938509127650108e+00	2.6484143926185510e-01	9.2580574155342810e-01
156	1.2481168633452384e+00	2.7687968650103029e-01	9.2580574155342832e-01
157	1.3023828139254663e+00	2.8891793374020547e-01	9.2580574155342821e-01
158	1.3566487645056942e+00	3.0095618097938071e-01	9.2580574155342810e-01
159	1.4109147150859223e+00	3.1299442821855600e-01	9.2580574155342810e-01
160	1.4651806656661497e+00	3.2503267545773118e-01	9.2580574155342821e-01
161	1.5194466162463773e+00	3.3707092269690636e-01	9.2580574155342832e-01
162	1.5737125668266052e+00	3.4910916993608176e-01	9.2580574155342810e-01
163	1.6279785174068331e+00	3.6114741717525684e-01	9.2580574155342821e-01
164	1.6822444679870610e+00	3.7318566441443218e-01	9.2580574155342821e-01
165	1.7365104185672886e+00	3.8522391165360731e-01	9.2580574155342821e-01
166	1.7907763691475160e+00	3.9726215889278255e-01	9.2580574155342810e-01
167	1.8450423197277444e+00	4.0930040613195789e-01	9.2580574155342810e-01
168	1.8993082703079718e+00	4.2133865337113308e-01	9.2580574155342810e-01
169	1.9535742208881997e+00	4.3337690061030831e-01	9.2580574155342810e-01
170	2.0078401714684273e+00	4.4541514784948355e-01	9.2580574155342810e-01
171	2.0621061220486552e+00	4.5745339508865884e-01	9.2580574155342810e-01
172	2.1163720726288830e+00	4.6949164232783408e-01	9.2580574155342810e-01
173	2.1706380232091109e+00	4.8152988956700926e-01	9.2580574155342810e-01
174	2.2249039737893388e+00	4.9356813680618461e-01	9.2580574155342810e-01
175	2.2791699243695667e+00	5.0560638404535974e-01	9.2580574155342821e-01
176	2.3334358749497941e+00	5.1764463128453486e-01	9.2580574155342810e-01
177	2.3877018255300215e+00	5.2968287852371021e-01	9.2580574155342810e-01
178	2.4238791259168404e+00	5.3770837668316029e-01	9.2580574155342810e-01
179	2.4419677761102494e+00	5.4172112576288534e-01	9.2580574155342810e-01
180	9.6287199543355340e-01	2.7199007262278407e-01	9.1134187889597384e-01
181	9.8070295831195253e-01	2.7702692581950228e-01	9.1134187889597384e-01
182	1.0163648840687509e+00	2.8710063221293874e-01	9.1134187889597384e-01
183	1.0698577727039484e+00	3.0221119180309342e-01	9.1134187889597384e-01
184	1.1233506613391455e+00	3.1732175139324797e-01	9.1134187889597373e-01
185	1.1768435499743430e+00	3.3243231098340265e-01	9.1134187889597384e-01
186	1.2303364386095403e+00	3.4754287057355732e-01	9.1134187889597396e-01
187	1.2838293272447376e+00	3.6265343016371199e-01	9.1134187889597384e-01
188	1.3373222158799354e+00	3.7776398975386666e-01	9.1134187889597373e-01
189	1.3908151045151329e+00	3.9287454934402138e-01	9.1134187889597384e-01
190	1.4443079931503302e+00	4.0798510893417611e-01	9.1134187889597384e-01
191	1.4978008817855277e+00	4.2309566852433073e-01	9.1134187889597396e-01
192	1.5512937704207250e+00	4.3820622811448545e-01	9.1134187889597373e-01
193	1.6047866590559223e+00	4.5331678770464007e-01	9.1134187889597384e-01
194	1.6582795476911201e+00	4.6842734729479479e-01	9.1134187889597384e-01
195	1.7117724363263171e+00	4.8353790688494935e-01	9.1134187889597384e-01
196	1.7652653249615144e+00	4.9864846647510408e-01	9.1134187889597373e-01
197	1.8187582135967122e+00	5.1375902606525869e-01	9.1134187889597384e-01
198	1.8722511022319097e+00	5.2886958565541342e-01	9.1134187889597373e-01
199	1.9257439908671068e+00	5.4398014524556815e-01	9.1134187889597384e-01
200	1.9792368795023041e+00	5.5909070483572276e-01	9.1134187889597384e-01
201	2.0327297681375014e+00	5.7420126442587749e-01	9.1134187889597384e-01
202	2.0862226567726987e+00	5.8931182401603210e-01	9.1134187889597384e-01
203	2.1397155454078969e+00	6.0442238360618683e-01	9.1134187889597384e-01
204	2.1932084340430937e+00	6.1953294319634156e-01	9.1134187889597384e-01
205	2.2467013226782915e+00	6.3464350278649628e-01	9.1134187889597384e-01
206	2.3001942113134888e+00	6.4975406237665068e-01	9.1134187889597384e-01
207	2.3536870999486861e+00	6.6486462196680529e-01	9.1134187889597384e-01
208	2.3893490257054850e+00	6.7493832836024181e-01	9.1134187889597384e-01
209	2.4071799885838834e+00	6.7997518155696002e-01	9.1134187889597384e-01
210	9.4554671188175476e-01	3.2722199166055899e-01	8.9848511208934767e-01
211	9.6305683617586124e-01	3.3328165817279148e-01	8.9848511208934767e-01
212	9.9807708476407453e-01	3.4540099119725665e-01	8.9848511208934767e-01
213	1.0506074576463942e+00	3.6357999073395442e-01	8.9848511208934767e-01
214	1.1031378305287136e+00	3.8175899027065202e-01	8.9848511208934756e-01
215	1.1556682034110335e+00	3.9993798980734979e-01	8.9848511208934767e-01
216	1.2081985762933531e+00	4.1811698934404756e-01	8.9848511208934767e-01
217	1.2607289491756728e+00	4.3629598888074522e-01	8.9848511208934767e-01
218	1.3132593220579927e+00	4.5447498841744294e-01	8.9848511208934756e-01
219	1.3657896949403123e+00	4.7265398795414065e-01	8.9848511208934767e-01
220	1.4183200678226322e+00	4.9083298749083837e-01	8.9848511208934767e-01
221	1.4708504407049521e+00	5.0901198702753614e-01	8.9848511208934767e-01
222	1.5233808135872713e+00	5.2719098656423391e-01	8.9848511208934756e-01
223	1.5759111864695912e+00	5.4536998610093157e-01	8.9848511208934767e-01
224	1.6284415593519110e+00	5.6354898563762934e-01	8.9848511208934767e-01
225	1.6809719322342307e+00	5.8172798517432689e-01	8.9848511208934767e-01
226	1.7335023051165501e+00	5.9990698471102477e-01	8.9848511208934756e-01
227	1.7860326779988702e+00	6.1808598424772243e-01	8.9848511208934767e-01
228	1.8385630508811894e+00	6.3626498378442009e-01	8.9848511208934756e-01
229	1.8910934237635095e+00	6.5444398332111797e-01	8.9848511208934767e-01
230	1.9436237966458292e+00	6.7262298285781563e-01	8.9848511208934767e-01
231	1.9961541695281484e+00	6.9080198239451329e-01	8.9848511208934767e-01
232	2.0486845424104683e+00	7.0898098193121106e-01	8.9848511208934767e-01
233	2.1012149152927884e+00	7.2715998146790883e-01	8.9848511208934767e-01
234	2.1537452881751080e+00	7.4533898100460660e-01	8.9848511208934767e-01
235	2.2062756610574277e+00	7.6351798054130438e-01	8.9848511208934767e-01
236	2.2588060339397469e+00	7.8169698007800181e-01	8.9848511208934767e-01
237	2.3113364068220670e+00	7.9987597961469958e-01	8.9848511208934767e-01
238	2.3463566554102804e+00	8.1199531263916469e-01	8.9848511208934767e-01
239	2.3638667797043862e+00	8.1805497915139735e-01	8.9848511208934767e-01
240	9.2475715796977109e-01	3.8208104387503750e-01	8.8723544113354946e-01
241	9.4188229052476691e-01	3.8915661876161223e-01	8.8723544113354957e-01
242	9.7613255563475820e-01	4.0330776853476180e-01	8.8723544113354957e-01
243	1.0275079532997458e+00	4.2453449319448616e-01	8.8723544113354946e-01
244	1.0788833509647326e+00	4.4576121785421025e-01	8.8723544113354946e-01
245	1.1302587486297202e+00	4.6698794251393477e-01	8.8723544113354946e-01
246	1.1816341462947073e+00	4.8821466717365880e-01	8.8723544113354980e-01
247	1.2330095439596944e+00	5.0944139183338322e-01	8.8723544113354957e-01
248	1.2843849416246820e+00	5.3066811649310752e-01	8.8723544113354946e-01
249	1.3357603392896693e+00	5.5189484115283194e-01	8.8723544113354946e-01
250	1.3871357369546566e+00	5.7312156581255624e-01	8.8723544113354957e-01
251	1.4385111346196437e+00	5.9434829047228044e-01	8.8723544113354968e-01
252	1.4898865322846311e+00	6.1557501513200485e-01	8.8723544113354946e-01
253	1.5412619299496186e+00	6.3680173979172916e-01	8.8723544113354957e-01
254	1.5926373276146057e+00	6.5802846445145358e-01	8.8723544113354957e-01
255	1.6440127252795931e+00	6.7925518911117755e-01	8.8723544113354957e-01
256	1.6953881229445800e+00	7.0048191377090208e-01	8.8723544113354946e-01
257	1.7467635206095677e+00	7.2170863843062649e-01	8.8723544113354946e-01
258	1.7981389182745549e+00	7.4293536309035058e-01	8.8723544113354946e-01
259	1.8495143159395422e+00	7.6416208775007499e-01	8.8723544113354946e-01
260	1.9008897136045295e+00	7.8538881240979941e-01	8.8723544113354946e-01
261	1.9522651112695166e+00	8.0661553706952371e-01	8.8723544113354946e-01
262	2.0036405089345042e+00	8.2784226172924791e-01	8.8723544113354946e-01
263	2.0550159065994915e+00	8.4906898638897232e-01	8.8723544113354946e-01
264	2.1063913042644788e+00	8.7029571104869674e-01	8.8723544113354946e-01
265	2.1577667019294657e+00	8.9152243570842094e-01	8.8723544113354957e-01
266	2.2091420995944531e+00	9.1274916036814502e-01	8.8723544113354946e-01
267	2.2605174972594404e+00	9.3397588502786955e-01	8.8723544113354946e-01
268	2.2947677623694327e+00	9.4812703480101912e-01	8.8723544113354946e-01
269	2.3118928949244282e+00	9.5520260968759374e-01	8.8723544113354946e-01
270	9.0048432341605789e-01	4.3625150751923902e-01	8.7759286602858011e-01
271	9.1715995903487357e-01	4.4433023913996561e-01	8.7759286602858022e-01
272	9.5051123027250539e-01	4.6048770238141884e-01	8.7759286602858022e-01
273	1.0005381371289532e+00	4.8472389724359899e-01	8.7759286602858011e-01
274	1.0505650439854006e+00	5.0896009210577886e-01	8.7759286602858000e-01
275	1.1005919508418485e+00	5.3319628696795884e-01	8.7759286602858011e-01
276	1.1506188576982961e+00	5.5743248183013872e-01	8.7759286602858022e-01
277	1.2006457645547435e+00	5.8166867669231859e-01	8.7759286602858022e-01
278	1.2506726714111913e+00	6.0590487155449868e-01	8.7759286602858000e-01
279	1.3006995782676392e+00	6.3014106641667855e-01	8.7759286602858011e-01
280	1.3507264851240866e+00	6.5437726127885842e-01	8.7759286602858022e-01
281	1.4007533919805346e+00	6.7861345614103852e-01	8.7759286602858011e-01
282	1.4507802988369820e+00	7.0284965100321850e-01	8.7759286602858000e-01
283	1.5008072056934296e+00	7.2708584586539826e-01	8.7759286602858022e-01
284	1.5508341125498775e+00	7.5132204072757824e-01	8.7759286602858022e-01
285	1.6008610194063246e+00	7.7555823558975812e-01	8.7759286602858022e-01
286	1.6508879262627729e+00	7.9979443045193810e-01	8.7759286602858000e-01
287	1.7009148331192203e+00	8.2403062531411819e-01	8.7759286602858011e-01
288	1.7509417399756679e+00	8.4826682017629818e-01	8.7759286602858000e-01
289	1.8009686468321158e+00	8.7250301503847805e-01	8.7759286602858011e-01
290	1.8509955536885634e+00	8.9673920990065814e-01	8.7759286602858011e-01
291	1.9010224605450106e+00	9.2097540476283790e-01	8.7759286602858011e-01
292	1.9510493674014586e+00	9.4521159962501788e-01	8.7759286602858011e-01
293	2.0010762742579060e+00	9.6944779448719798e-01	8.7759286602858011e-01
294	2.0511031811143541e+00	9.9368398934937796e-01	8.7759286602858011e-01
295	2.1011300879708017e+00	1.0179201842115577e+00	8.7759286602858022e-01
296	2.1511569948272493e+00	1.0421563790737376e+00	8.7759286602858011e-01
297	2.2011839016836969e+00	1.0663925739359177e+00	8.7759286602858011e-01
298	2.2345351729213290e+00	1.0825500371773711e+00	8.7759286602858011e-01
299	2.2512108085401445e+00	1.0906287687980976e+00	8.7759286602858011e-01
300	8.7274691075795907e-01	4.8941012539660456e-01	8.6955738677443883e-01
301	8.8890889058681011e-01	4.9847327586691209e-01	8.6955738677443883e-01
302	9.2123285024451240e-01	5.1659957680752699e-01	8.6955738677443883e-01
303	9.6971878973106562e-01	5.4378902821844954e-01	8.6955738677443883e-01
304	1.0182047292176188e+00	5.7097847962937187e-01	8.6955738677443872e-01
305	1.0666906687041722e+00	5.9816793104029453e-01	8.6955738677443883e-01
306	1.1151766081907257e+00	6.2535738245121697e-01	8.6955738677443883e-01
307	1.1636625476772784e+00	6.5254683386213941e-01	8.6955738677443883e-01
308	1.2121484871638319e+00	6.7973628527306196e-01	8.6955738677443872e-01
309	1.2606344266503851e+00	7.0692573668398440e-01	8.6955738677443883e-01
310	1.3091203661369384e+00	7.3411518809490683e-01	8.6955738677443883e-01
311	1.3576063056234922e+00	7.6130463950582938e-01	8.6955738677443883e-01
312	1.4060922451100453e+00	7.8849409091675182e-01	8.6955738677443872e-01
313	1.4545781845965986e+00	8.1568354232767415e-01	8.6955738677443883e-01
314	1.5030641240831515e+00	8.4287299373859681e-01	8.6955738677443883e-01
315	1.5515500635697053e+00	8.7006244514951925e-01	8.6955738677443883e-01
316	1.6000360030562581e+00	8.9725189656044169e-01	8.6955738677443872e-01
317	1.6485219425428115e+00	9.2444134797136412e-01	8.6955738677443883e-01
318	1.6970078820293650e+00	9.5163079938228656e-01	8.6955738677443872e-01
319	1.7454938215159181e+00	9.7882025079320911e-01	8.6955738677443883e-01
320	1.7939797610024715e+00	1.0060097022041317e+00	8.6955738677443883e-01
321	1.8424657004890246e+00	1.0331991536150540e+00	8.6955738677443883e-01
322	1.8909516399755777e+00	1.0603886050259765e+00	8.6955738677443883e-01
323	1.9394375794621310e+00	1.0875780564368991e+00	8.6955738677443883e-01
324	1.9879235189486846e+00	1.1147675078478216e+00	8.6955738677443883e-01
325	2.0364094584352381e+00	1.1419569592587440e+00	8.6955738677443883e-01
326	2.0848953979217910e+00	1.1691464106696663e+00	8.6955738677443883e-01
327	2.1333813374083443e+00	1.1963358620805891e+00	8.6955738677443883e-01
328	2.1657052970660469e+00	1.2144621630212038e+00	8.6955738677443883e-01
329	2.1818672768948977e+00	1.2235253134915114e+00	8.6955738677443883e-01
330	8.4160309369343189e-01	5.4123170280438793e-01	8.6312900337112564e-01
331	8.5718833616923606e-01	5.5125451211558019e-01	8.6312900337112575e-01
332	8.8835882112084485e-01	5.7130013073796504e-01	8.6312900337112575e-01
333	9.3511454854825771e-01	6.0136855867154226e-01	8.6312900337112564e-01
334	9.8187027597567045e-01	6.3143698660511904e-01	8.6312900337112564e-01
335	1.0286260034030834e+00	6.6150541453869638e-01	8.6312900337112564e-01
336	1.0753817308304963e+00	6.9157384247227338e-01	8.6312900337112586e-01
337	1.1221374582579091e+00	7.2164227040585049e-01	8.6312900337112575e-01
338	1.1688931856853220e+00	7.5171069833942750e-01	8.6312900337112564e-01
339	1.2156489131127350e+00	7.8177912627300483e-01	8.6312900337112564e-01
340	1.2624046405401479e+00	8.1184755420658183e-01	8.6312900337112575e-01
341	1.3091603679675605e+00	8.4191598214015895e-01	8.6312900337112586e-01
342	1.3559160953949736e+00	8.7198441007373617e-01	8.6312900337112564e-01
343	1.4026718228223862e+00	9.0205283800731317e-01	8.6312900337112575e-01
344	1.4494275502497993e+00	9.3212126594089040e-01	8.6312900337112575e-01
345	1.4961832776772122e+00	9.6218969387446729e-01	8.6312900337112575e-01
346	1.5429390051046250e+00	9.9225812180804451e-01	8.6312900337112564e-01
347	1.5896947325320385e+00	1.0223265497416216e+00	8.6312900337112564e-01
348	1.6364504599594509e+00	1.0523949776751986e+00	8.6312900337112564e-01
349	1.6832061873868638e+00	1.0824634056087759e+00	8.6312900337112564e-01
350	1.7299619148142766e+00	1.1125318335423531e+00	8.6312900337112564e-01
351	1.7767176422416890e+00	1.1426002614759301e+00	8.6312900337112564e-01
352	1.8234733696691023e+00	1.1726686894095071e+00	8.6312900337112564e-01
353	1.8702290970965154e+00	1.2027371173430845e+00	8.6312900337112564e-01
354	1.9169848245239285e+00	1.2328055452766615e+00	8.6312900337112564e-01
355	1.9637405519513411e+00	1.2628739732102388e+00	8.6312900337112575e-01
356	2.0104962793787537e+00	1.2929424011438155e+00	8.6312900337112564e-01
357	2.0572520068061668e+00	1.3230108290773928e+00	8.6312900337112564e-01
358	2.0884224917577758e+00	1.3430564476997777e+00	8.6312900337112564e-01
359	2.1040077342335799e+00	1.3530792570109702e+00	8.6312900337112564e-01
360	8.0715127548198295e-01	5.9139510578641119e-01	8.5830771581864063e-01
361	8.2209852132424188e-01	6.0234686700467799e-01	8.5830771581864074e-01
362	8.5199301300875974e-01	6.2425038944121181e-01	8.5830771581864074e-01
363	8.9683475053553663e-01	6.5710567309601253e-01	8.5830771581864063e-01
364	9.4167648806231308e-01	6.8996095675081281e-01	8.5830771581864063e-01
365	9.8651822558909041e-01	7.2281624040561376e-01	8.5830771581864063e-01
366	1.0313599631158670e+00	7.5567152406041427e-01	8.5830771581864085e-01
367	1.0762017006426439e+00	7.8852680771521488e-01	8.5830771581864074e-01
368	1.1210434381694208e+00	8.2138209137001550e-01	8.5830771581864063e-01
369	1.1658851756961977e+00	8.5423737502481623e-01	8.5830771581864063e-01
370	1.2107269132229743e+00	8.8709265867961673e-01	8.5830771581864074e-01
371	1.2555686507497512e+00	9.1994794233441735e-01	8.5830771581864074e-01
372	1.3004103882765279e+00	9.5280322598921807e-01	8.5830771581864063e-01
373	1.3452521258033048e+00	9.8565850964401858e-01	8.5830771581864074e-01
374	1.3900938633300819e+00	1.0185137932988193e+00	8.5830771581864074e-01
375	1.4349356008568586e+00	1.0513690769536197e+00	8.5830771581864074e-01
376	1.4797773383836352e+00	1.0842243606084205e+00	8.5830771581864063e-01
377	1.5246190759104121e+00	1.1170796442632214e+00	8.5830771581864063e-01
378	1.5694608134371892e+00	1.1499349279180218e+00	8.5830771581864063e-01
379	1.6143025509639659e+00	1.1827902115728224e+00	8.5830771581864063e-01
380	1.6591442884907428e+00	1.2156454952276232e+00	8.5830771581864063e-01
381	1.7039860260175195e+00	1.2485007788824236e+00	8.5830771581864063e-01
382	1.7488277635442964e+00	1.2813560625372242e+00	8.5830771581864063e-01
383	1.7936695010710730e+00	1.3142113461920251e+00	8.5830771581864063e-01
384	1.8385112385978502e+00	1.3470666298468259e+00	8.5830771581864063e-01
385	1.8833529761246270e+00	1.3799219135016263e+00	8.5830771581864074e-01
386	1.9281947136514037e+00	1.4127771971564267e+00	8.5830771581864063e-01
387	1.9730364511781808e+00	1.4456324808112275e+00	8.5830771581864063e-01
388	2.0029309428626987e+00	1.4675360032477613e+00	8.5830771581864063e-01
389	2.0178781887049571e+00	1.4784877644660284e+00	8.5830771581864063e-01
390	7.6952975169562643e-01	6.3958944928736006e-01	8.5509352411698425e-01
391	7.8378030265295284e-01	6.5143369834823717e-01	8.5509352411698425e-01
392	8.1228140456760578e-01	6.7512219646999105e-01	8.5509352411698425e-01
393	8.5503305743958491e-01	7.1065494365262238e-01	8.5509352411698425e-01
394	8.9778471031156393e-01	7.4618769083525316e-01	8.5509352411698425e-01
395	9.4053636318354350e-01	7.8172043801788449e-01	8.5509352411698425e-01
396	9.8328801605552252e-01	8.1725318520051571e-01	8.5509352411698436e-01
397	1.0260396689275020e+00	8.5278593238314659e-01	8.5509352411698425e-01
398	1.0687913217994809e+00	8.8831867956577770e-01	8.5509352411698425e-01
399	1.1115429746714605e+00	9.2385142674840903e-01	8.5509352411698425e-01
400	1.1542946275434396e+00	9.5938417393104003e-01	8.5509352411698425e-01
401	1.1970462804154187e+00	9.9491692111367125e-01	8.5509352411698436e-01
402	1.2397979332873981e+00	1.0304496682963022e+00	8.5509352411698425e-01
403	1.2825495861593774e+00	1.0659824154789335e+00	8.5509352411698425e-01
404	1.3253012390313568e+00	1.1015151626615647e+00	8.5509352411698425e-01
405	1.3680528919033361e+00	1.1370479098441957e+00	8.5509352411698425e-01
406	1.4108045447753148e+00	1.1725806570268265e+00	8.5509352411698425e-01
407	1.4535561976472944e+00	1.2081134042094577e+00	8.5509352411698425e-01
408	1.4963078505192735e+00	1.2436461513920889e+00	8.5509352411698425e-01
409	1.5390595033912529e+00	1.2791788985747201e+00	8.5509352411698425e-01
410	1.5818111562632322e+00	1.3147116457573513e+00	8.5509352411698425e-01
411	1.6245628091352113e+00	1.3502443929399821e+00	8.5509352411698425e-01
412	1.6673144620071902e+00	1.3857771401226133e+00	8.5509352411698425e-01
413	1.7100661148791698e+00	1.4213098873052448e+00	8.5509352411698425e-01
414	1.7528177677511492e+00	1.4568426344878760e+00	8.5509352411698425e-01
415	1.7955694206231283e+00	1.4923753816705072e+00	8.5509352411698425e-01
416	1.8383210734951074e+00	1.5279081288531378e+00	8.5509352411698425e-01
417	1.8810727263670870e+00	1.5634408760357690e+00	8.5509352411698425e-01
418	1.9095738282817398e+00	1.5871293741575232e+00	8.5509352411698425e-01
419	1.9238243792390661e+00	1.5989736232184002e+00	8.5509352411698425e-01
420	7.2891523288918225e-01	6.8552024052559279e-01	8.5348642826615606e-01
421	7.4241366312787083e-01	6.9821505979458520e-01	8.5348642826615606e-01
422	7.6941052360524798e-01	7.2360469833257013e-01	8.5348642826615606e-01
423	8.0990581432131381e-01	7.6168915613954746e-01	8.5348642826615606e-01
424	8.5040110503737909e-01	7.9977361394652458e-01	8.5348642826615606e-01
425	8.9089639575344504e-01	8.3785807175350235e-01	8.5348642826615606e-01
426	9.3139168646951043e-01	8.7594252956047947e-01	8.5348642826615628e-01
427	9.7188697718557626e-01	9.1402698736745691e-01	8.5348642826615606e-01
428	1.0123822679016419e+00	9.5211144517443425e-01	8.5348642826615606e-01
429	1.0528775586177077e+00	9.9019590298141169e-01	8.5348642826615606e-01
430	1.0933728493337735e+00	1.0282803607883892e+00	8.5348642826615606e-01
431	1.1338681400498392e+00	1.0663648185953667e+00	8.5348642826615606e-01
432	1.1743634307659045e+00	1.1044492764023439e+00	8.5348642826615606e-01
433	1.2148587214819704e+00	1.1425337342093214e+00	8.5348642826615606e-01
434	1.2553540121980362e+00	1.1806181920162986e+00	8.5348642826615606e-01
435	1.2958493029141018e+00	1.2187026498232760e+00	8.5348642826615606e-01
436	1.3363445936301677e+00	1.2567871076302533e+00	8.5348642826615606e-01
437	1.3768398843462335e+00	1.2948715654372309e+00	8.5348642826615606e-01
438	1.4173351750622987e+00	1.3329560232442079e+00	8.5348642826615606e-01
439	1.4578304657783645e+00	1.3710404810511856e+00	8.5348642826615606e-01
440	1.4983257564944301e+00	1.4091249388581628e+00	8.5348642826615606e-01
441	1.5388210472104960e+00	1.4472093966651403e+00	8.5348642826615606e-01
442	1.5793163379265613e+00	1.4852938544721175e+00	8.5348642826615606e-01
443	1.6198116286426272e+00	1.5233783122790949e+00	8.5348642826615606e-01
444	1.6603069193586930e+00	1.5614627700860726e+00	8.5348642826615606e-01
445	1.7008022100747588e+00	1.5995472278930500e+00	8.5348642826615606e-01
446	1.7412975007908242e+00	1.6376316857000273e+00	8.5348642826615606e-01
447	1.7817927915068901e+00	1.6757161435070047e+00	8.5348642826615606e-01
448	1.8087896519842672e+00	1.7011057820449895e+00	8.5348642826615606e-01
449	1.8222880822229555e+00	1.7138006013139822e+00	8.5348642826615606e-01
450	6.8552024052559279e-01	7.2891523288918225e-01	8.5348642826615595e-01
451	6.9821505979458520e-01	7.4241366312787083e-01	8.5348642826615595e-01
452	7.2360469833257024e-01	7.6941052360524786e-01	8.5348642826615595e-01
453	7.6168915613954757e-01	8.0990581432131359e-01	8.5348642826615595e-01
454	7.9977361394652469e-01	8.5040110503737909e-01	8.5348642826615595e-01
455	8.3785807175350235e-01	8.9089639575344504e-01	8.5348642826615595e-01
456	8.7594252956047958e-01	9.3139168646951054e-01	8.5348642826615617e-01
457	9.1402698736745702e-01	9.7188697718557615e-01	8.5348642826615595e-01
458	9.5211144517443447e-01	1.0123822679016419e+00	8.5348642826615595e-01
459	9.9019590298141180e-01	1.0528775586177077e+00	8.5348642826615595e-01
460	1.0282803607883892e+00	1.0933728493337733e+00	8.5348642826615595e-01
461	1.0663648185953667e+00	1.1338681400498392e+00	8.5348642826615595e-01
462	1.1044492764023439e+00	1.1743634307659045e+00	8.5348642826615595e-01
463	1.1425337342093214e+00	1.2148587214819706e+00	8.5348642826615595e-01
464	1.1806181920162988e+00	1.2553540121980360e+00	8.5348642826615595e-01
465	1.2187026498232758e+00	1.2958493029141016e+00	8.5348642826615595e-01
466	1.2567871076302535e+00	1.3363445936301672e+00	8.5348642826615595e-01
467	1.2948715654372311e+00	1.3768398843462331e+00	8.5348642826615595e-01
468	1.3329560232442081e+00	1.4173351750622987e+00	8.5348642826615595e-01
469	1.3710404810511856e+00	1.4578304657783645e+00	8.5348642826615595e-01
470	1.4091249388581628e+00	1.4983257564944299e+00	8.5348642826615595e-01
471	1.4472093966651403e+00	1.5388210472104957e+00	8.5348642826615595e-01
472	1.4852938544721177e+00	1.5793163379265616e+00	8.5348642826615595e-01
473	1.5233783122790951e+00	1.6198116286426272e+00	8.5348642826615595e-01
474	1.5614627700860728e+00	1.6603069193586930e+00	8.5348642826615595e-01
475	1.5995472278930500e+00	1.7008022100747588e+00	8.5348642826615595e-01
476	1.6376316857000270e+00	1.7412975007908238e+00	8.5348642826615595e-01
477	1.6757161435070047e+00	1.7817927915068901e+00	8.5348642826615595e-01
478	1.7011057820449895e+00	1.8087896519842672e+00	8.5348642826615595e-01
479	1.7138006013139822e+00	1.8222880822229555e+00	8.5348642826615595e-01
480	6.3958944928736006e-01	7.6952975169562632e-01	8.5509352411698425e-01
481	6.5143369834823706e-01	7.8378030265295273e-01	8.5509352411698425e-01
482	6.7512219646999105e-01	8.1228140456760545e-01	8.5509352411698425e-01
483	7.1065494365262227e-01	8.5503305743958480e-01	8.5509352411698425e-01
484	7.4618769083525316e-01	8.9778471031156382e-01	8.5509352411698414e-01
485	7.8172043801788449e-01	9.4053636318354328e-01	8.5509352411698425e-01
486	8.1725318520051549e-01	9.8328801605552241e-01	8.5509352411698436e-01
487	8.5278593238314659e-01	1.0260396689275015e+00	8.5509352411698425e-01
488	8.8831867956577781e-01	1.0687913217994809e+00	8.5509352411698414e-01
489	9.2385142674840881e-01	1.1115429746714602e+00	8.5509352411698425e-01
490	9.5938417393103992e-01	1.1542946275434396e+00	8.5509352411698425e-01
491	9.9491692111367125e-01	1.1970462804154187e+00	8.5509352411698425e-01
492	1.0304496682963022e+00	1.2397979332873978e+00	8.5509352411698414e-01
493	1.0659824154789332e+00	1.2825495861593772e+00	8.5509352411698425e-01
494	1.1015151626615645e+00	1.3253012390313568e+00	8.5509352411698425e-01
495	1.1370479098441957e+00	1.3680528919033355e+00	8.5509352411698425e-01
496	1.1725806570268267e+00	1.4108045447753150e+00	8.5509352411698414e-01
497	1.2081134042094577e+00	1.4535561976472942e+00	8.5509352411698425e-01
498	1.2436461513920891e+00	1.4963078505192735e+00	8.5509352411698414e-01
499	1.2791788985747201e+00	1.5390595033912526e+00	8.5509352411698425e-01
500	1.3147116457573509e+00	1.5818111562632320e+00	8.5509352411698425e-01
501	1.3502443929399819e+00	1.6245628091352109e+00	8.5509352411698425e-01
502	1.3857771401226131e+00	1.6673144620071902e+00	8.5509352411698425e-01
503	1.4213098873052443e+00	1.7100661148791696e+00	8.5509352411698425e-01
504	1.4568426344878758e+00	1.7528177677511489e+00	8.5509352411698425e-01
505	1.4923753816705068e+00	1.7955694206231285e+00	8.5509352411698425e-01
506	1.5279081288531378e+00	1.8383210734951072e+00	8.5509352411698425e-01
507	1.5634408760357690e+00	1.8810727263670866e+00	8.5509352411698425e-01
508	1.5871293741575232e+00	1.9095738282817396e+00	8.5509352411698425e-01
509	1.5989736232184002e+00	1.9238243792390659e+00	8.5509352411698425e-01
510	5.9139510578641108e-01	8.0715127548198284e-01	8.5830771581864074e-01
511	6.0234686700467799e-01	8.2209852132424188e-01	8.5830771581864074e-01
512	6.2425038944121181e-01	8.5199301300875974e-01	8.5830771581864074e-01
513	6.5710567309601242e-01	8.9683475053553652e-01	8.5830771581864074e-01
514	6.8996095675081281e-01	9.4167648806231308e-01	8.5830771581864074e-01
515	7.2281624040561365e-01	9.8651822558909019e-01	8.5830771581864074e-01
516	7.5567152406041416e-01	1.0313599631158670e+00	8.5830771581864096e-01
517	7.8852680771521488e-01	1.0762017006426439e+00	8.5830771581864074e-01
518	8.2138209137001539e-01	1.1210434381694203e+00	8.5830771581864074e-01
519	8.5423737502481611e-01	1.1658851756961974e+00	8.5830771581864074e-01
520	8.8709265867961662e-01	1.2107269132229745e+00	8.5830771581864074e-01
521	9.1994794233441723e-01	1.2555686507497510e+00	8.5830771581864085e-01
522	9.5280322598921796e-01	1.3004103882765279e+00	8.5830771581864074e-01
523	9.8565850964401869e-01	1.3452521258033048e+00	8.5830771581864074e-01
524	1.0185137932988193e+00	1.3900938633300819e+00	8.5830771581864074e-01
525	1.0513690769536197e+00	1.4349356008568581e+00	8.5830771581864074e-01
526	1.0842243606084203e+00	1.4797773383836350e+00	8.5830771581864074e-01
527	1.1170796442632211e+00	1.5246190759104119e+00	8.5830771581864074e-01
528	1.1499349279180218e+00	1.5694608134371888e+00	8.5830771581864074e-01
529	1.1827902115728222e+00	1.6143025509639657e+00	8.5830771581864074e-01
530	1.2156454952276230e+00	1.6591442884907426e+00	8.5830771581864074e-01
531	1.2485007788824236e+00	1.7039860260175195e+00	8.5830771581864074e-01
532	1.2813560625372240e+00	1.7488277635442961e+00	8.5830771581864074e-01
533	1.3142113461920246e+00	1.7936695010710730e+00	8.5830771581864074e-01
534	1.3470666298468255e+00	1.8385112385978499e+00	8.5830771581864074e-01
535	1.3799219135016263e+00	1.8833529761246270e+00	8.5830771581864074e-01
536	1.4127771971564265e+00	1.9281947136514035e+00	8.5830771581864074e-01
537	1.4456324808112273e+00	1.9730364511781804e+00	8.5830771581864074e-01
538	1.4675360032477609e+00	2.0029309428626987e+00	8.5830771581864074e-01
539	1.4784877644660279e+00	2.0178781887049571e+00	8.5830771581864074e-01
540	5.4123170280438804e-01	8.4160309369343189e-01	8.6312900337112552e-01
541	5.5125451211558030e-01	8.5718833616923606e-01	8.6312900337112564e-01
542	5.7130013073796515e-01	8.8835882112084452e-01	8.6312900337112564e-01
543	6.0136855867154226e-01	9.3511454854825760e-01	8.6312900337112552e-01
544	6.3143698660511915e-01	9.8187027597567034e-01	8.6312900337112552e-01
545	6.6150541453869649e-01	1.0286260034030834e+00	8.6312900337112552e-01
546	6.9157384247227349e-01	1.0753817308304960e+00	8.6312900337112575e-01
547	7.2164227040585061e-01	1.1221374582579091e+00	8.6312900337112564e-01
548	7.5171069833942772e-01	1.1688931856853217e+00	8.6312900337112552e-01
549	7.8177912627300483e-01	1.2156489131127353e+00	8.6312900337112552e-01
550	8.1184755420658195e-01	1.2624046405401479e+00	8.6312900337112564e-01
551	8.4191598214015917e-01	1.3091603679675607e+00	8.6312900337112564e-01
552	8.7198441007373617e-01	1.3559160953949736e+00	8.6312900337112552e-01
553	9.0205283800731317e-01	1.4026718228223862e+00	8.6312900337112564e-01
554	9.3212126594089040e-01	1.4494275502497995e+00	8.6312900337112564e-01
555	9.6218969387446751e-01	1.4961832776772122e+00	8.6312900337112564e-01
556	9.9225812180804451e-01	1.5429390051046252e+00	8.6312900337112552e-01
557	1.0223265497416221e+00	1.5896947325320381e+00	8.6312900337112552e-01
558	1.0523949776751989e+00	1.6364504599594509e+00	8.6312900337112552e-01
559	1.0824634056087761e+00	1.6832061873868638e+00	8.6312900337112552e-01
560	1.1125318335423531e+00	1.7299619148142766e+00	8.6312900337112552e-01
561	1.1426002614759301e+00	1.7767176422416893e+00	8.6312900337112552e-01
562	1.1726686894095073e+00	1.8234733696691023e+00	8.6312900337112552e-01
563	1.2027371173430845e+00	1.8702290970965152e+00	8.6312900337112552e-01
564	1.2328055452766618e+00	1.9169848245239285e+00	8.6312900337112552e-01
565	1.2628739732102388e+00	1.9637405519513413e+00	8.6312900337112564e-01
566	1.2929424011438158e+00	2.0104962793787537e+00	8.6312900337112552e-01
567	1.3230108290773930e+00	2.0572520068061668e+00	8.6312900337112552e-01
568	1.3430564476997777e+00	2.0884224917577758e+00	8.6312900337112552e-01
569	1.3530792570109700e+00	2.1040077342335799e+00	8.6312900337112552e-01
570	4.8941012539660461e-01	8.7274691075795918e-01	8.6955738677443861e-01
571	4.9847327586691215e-01	8.8890889058681022e-01	8.6955738677443861e-01
572	5.1659957680752711e-01	9.2123285024451251e-01	8.6955738677443861e-01
573	5.4378902821844965e-01	9.6971878973106562e-01	8.6955738677443861e-01
574	5.7097847962937187e-01	1.0182047292176188e+00	8.6955738677443861e-01
575	5.9816793104029453e-01	1.0666906687041724e+00	8.6955738677443861e-01
576	6.2535738245121686e-01	1.1151766081907255e+00	8.6955738677443883e-01
577	6.5254683386213941e-01	1.1636625476772788e+00	8.6955738677443861e-01
578	6.7973628527306185e-01	1.2121484871638319e+00	8.6955738677443861e-01
579	7.0692573668398428e-01	1.2606344266503855e+00	8.6955738677443861e-01
580	7.3411518809490706e-01	1.3091203661369388e+00	8.6955738677443861e-01
581	7.6130463950582938e-01	1.3576063056234919e+00	8.6955738677443872e-01
582	7.8849409091675193e-01	1.4060922451100453e+00	8.6955738677443861e-01
583	8.1568354232767437e-01	1.4545781845965986e+00	8.6955738677443861e-01
584	8.4287299373859681e-01	1.5030641240831519e+00	8.6955738677443861e-01
585	8.7006244514951936e-01	1.5515500635697050e+00	8.6955738677443861e-01
586	8.9725189656044169e-01	1.6000360030562584e+00	8.6955738677443861e-01
587	9.2444134797136435e-01	1.6485219425428117e+00	8.6955738677443861e-01
588	9.5163079938228679e-01	1.6970078820293648e+00	8.6955738677443861e-01
589	9.7882025079320922e-01	1.7454938215159184e+00	8.6955738677443861e-01
590	1.0060097022041317e+00	1.7939797610024715e+00	8.6955738677443861e-01
591	1.0331991536150542e+00	1.8424657004890246e+00	8.6955738677443861e-01
592	1.0603886050259765e+00	1.8909516399755781e+00	8.6955738677443861e-01
593	1.0875780564368991e+00	1.9394375794621312e+00	8.6955738677443861e-01
594	1.1147675078478216e+00	1.9879235189486850e+00	8.6955738677443861e-01
595	1.1419569592587444e+00	2.0364094584352381e+00	8.6955738677443861e-01
596	1.1691464106696663e+00	2.0848953979217910e+00	8.6955738677443861e-01
597	1.1963358620805891e+00	2.1333813374083448e+00	8.6955738677443861e-01
598	1.2144621630212042e+00	2.1657052970660473e+00	8.6955738677443861e-01
599	1.2235253134915116e+00	2.1818672768948977e+00	8.6955738677443861e-01
600	4.3625150751923913e-01	9.0048432341605789e-01	8.7759286602858000e-01
601	4.4433023913996567e-01	9.1715995903487368e-01	8.7759286602858011e-01
602	4.6048770238141906e-01	9.5051123027250539e-01	8.7759286602858011e-01
603	4.8472389724359910e-01	1.0005381371289532e+00	8.7759286602858000e-01
604	5.0896009210577886e-01	1.0505650439854008e+00	8.7759286602857989e-01
605	5.3319628696795895e-01	1.1005919508418485e+00	8.7759286602858000e-01
606	5.5743248183013883e-01	1.1506188576982961e+00	8.7759286602858011e-01
607	5.8166867669231859e-01	1.2006457645547439e+00	8.7759286602858011e-01
608	6.0590487155449890e-01	1.2506726714111915e+00	8.7759286602857989e-01
609	6.3014106641667866e-01	1.3006995782676392e+00	8.7759286602858000e-01
610	6.5437726127885865e-01	1.3507264851240866e+00	8.7759286602858011e-01
611	6.7861345614103852e-01	1.4007533919805344e+00	8.7759286602858011e-01
612	7.0284965100321861e-01	1.4507802988369825e+00	8.7759286602857989e-01
613	7.2708584586539837e-01	1.5008072056934298e+00	8.7759286602858011e-01
614	7.5132204072757824e-01	1.5508341125498777e+00	8.7759286602858011e-01
615	7.7555823558975834e-01	1.6008610194063249e+00	8.7759286602858011e-01
616	7.9979443045193832e-01	1.6508879262627727e+00	8.7759286602857989e-01
617	8.2403062531411830e-01	1.7009148331192205e+00	8.7759286602858000e-01
618	8.4826682017629829e-01	1.7509417399756682e+00	8.7759286602857989e-01
619	8.7250301503847827e-01	1.8009686468321158e+00	8.7759286602858000e-01
620	8.9673920990065814e-01	1.8509955536885634e+00	8.7759286602858000e-01
621	9.2097540476283801e-01	1.9010224605450110e+00	8.7759286602858000e-01
622	9.4521159962501811e-01	1.9510493674014588e+00	8.7759286602858000e-01
623	9.6944779448719798e-01	2.0010762742579065e+00	8.7759286602858000e-01
624	9.9368398934937796e-01	2.0511031811143545e+00	8.7759286602858000e-01
625	1.0179201842115579e+00	2.1011300879708017e+00	8.7759286602858011e-01
626	1.0421563790737378e+00	2.1511569948272493e+00	8.7759286602858000e-01
627	1.0663925739359179e+00	2.2011839016836969e+00	8.7759286602858000e-01
628	1.0825500371773711e+00	2.2345351729213294e+00	8.7759286602858000e-01
629	1.0906287687980978e+00	2.2512108085401450e+00	8.7759286602858000e-01
630	3.8208104387503738e-01	9.2475715796977109e-01	8.8723544113354968e-01
631	3.8915661876161217e-01	9.4188229052476691e-01	8.8723544113354968e-01
632	4.0330776853476175e-01	9.7613255563475820e-01	8.8723544113354968e-01
633	4.2453449319448605e-01	1.0275079532997455e+00	8.8723544113354968e-01
634	4.4576121785421019e-01	1.0788833509647326e+00	8.8723544113354957e-01
635	4.6698794251393461e-01	1.1302587486297200e+00	8.8723544113354968e-01
636	4.8821466717365886e-01	1.1816341462947073e+00	8.8723544113354980e-01
637	5.0944139183338322e-01	1.2330095439596946e+00	8.8723544113354968e-01
638	5.3066811649310752e-01	1.2843849416246820e+00	8.8723544113354957e-01
639	5.5189484115283172e-01	1.3357603392896695e+00	8.8723544113354968e-01
640	5.7312156581255613e-01	1.3871357369546566e+00	8.8723544113354968e-01
641	5.9434829047228044e-01	1.4385111346196440e+00	8.8723544113354968e-01
642	6.1557501513200474e-01	1.4898865322846311e+00	8.8723544113354957e-01
643	6.3680173979172905e-01	1.5412619299496184e+00	8.8723544113354968e-01
644	6.5802846445145324e-01	1.5926373276146057e+00	8.8723544113354968e-01
645	6.7925518911117755e-01	1.6440127252795929e+00	8.8723544113354968e-01
646	7.0048191377090185e-01	1.6953881229445802e+00	8.8723544113354957e-01
647	7.2170863843062627e-01	1.7467635206095673e+00	8.8723544113354968e-01
648	7.4293536309035058e-01	1.7981389182745546e+00	8.8723544113354957e-01
649	7.6416208775007477e-01	1.8495143159395422e+00	8.8723544113354968e-01
650	7.8538881240979908e-01	1.9008897136045293e+00	8.8723544113354968e-01
651	8.0661553706952338e-01	1.9522651112695164e+00	8.8723544113354968e-01
652	8.2784226172924757e-01	2.0036405089345037e+00	8.8723544113354968e-01
653	8.4906898638897199e-01	2.0550159065994911e+00	8.8723544113354968e-01
654	8.7029571104869641e-01	2.1063913042644784e+00	8.8723544113354968e-01
655	8.9152243570842082e-01	2.1577667019294657e+00	8.8723544113354968e-01
656	9.1274916036814480e-01	2.2091420995944526e+00	8.8723544113354968e-01
657	9.3397588502786921e-01	2.2605174972594400e+00	8.8723544113354968e-01
658	9.4812703480101868e-01	2.2947677623694318e+00	8.8723544113354968e-01
659	9.5520260968759352e-01	2.3118928949244277e+00	8.8723544113354968e-01
660	3.2722199166055910e-01	9.4554671188175476e-01	8.9848511208934745e-01
661	3.3328165817279159e-01	9.6305683617586124e-01	8.9848511208934756e-01
662	3.4540099119725681e-01	9.9807708476407431e-01	8.9848511208934756e-01
663	3.6357999073395453e-01	1.0506074576463942e+00	8.9848511208934745e-01
664	3.8175899027065213e-01	1.1031378305287138e+00	8.9848511208934734e-01
665	3.9993798980734996e-01	1.1556682034110335e+00	8.9848511208934745e-01
666	4.1811698934404767e-01	1.2081985762933534e+00	8.9848511208934756e-01
667	4.3629598888074533e-01	1.2607289491756728e+00	8.9848511208934756e-01
668	4.5447498841744310e-01	1.3132593220579927e+00	8.9848511208934734e-01
669	4.7265398795414088e-01	1.3657896949403128e+00	8.9848511208934745e-01
670	4.9083298749083859e-01	1.4183200678226320e+00	8.9848511208934756e-01
671	5.0901198702753625e-01	1.4708504407049519e+00	8.9848511208934756e-01
672	5.2719098656423402e-01	1.5233808135872717e+00	8.9848511208934734e-01
673	5.4536998610093168e-01	1.5759111864695914e+00	8.9848511208934756e-01
674	5.6354898563762934e-01	1.6284415593519110e+00	8.9848511208934756e-01
675	5.8172798517432711e-01	1.6809719322342307e+00	8.9848511208934756e-01
676	5.9990698471102499e-01	1.7335023051165506e+00	8.9848511208934734e-01
677	6.1808598424772276e-01	1.7860326779988702e+00	8.9848511208934745e-01
678	6.3626498378442053e-01	1.8385630508811899e+00	8.9848511208934734e-01
679	6.5444398332111819e-01	1.8910934237635095e+00	8.9848511208934745e-01
680	6.7262298285781585e-01	1.9436237966458296e+00	8.9848511208934745e-01
681	6.9080198239451340e-01	1.9961541695281491e+00	8.9848511208934745e-01
682	7.0898098193121128e-01	2.0486845424104687e+00	8.9848511208934745e-01
683	7.2715998146790894e-01	2.1012149152927884e+00	8.9848511208934745e-01
684	7.4533898100460672e-01	2.1537452881751085e+00	8.9848511208934745e-01
685	7.6351798054130449e-01	2.2062756610574281e+00	8.9848511208934756e-01
686	7.8169698007800215e-01	2.2588060339397478e+00	8.9848511208934745e-01
687	7.9987597961469992e-01	2.3113364068220670e+00	8.9848511208934745e-01
688	8.1199531263916502e-01	2.3463566554102808e+00	8.9848511208934745e-01
689	8.1805497915139769e-01	2.3638667797043871e+00	8.9848511208934745e-01
690	2.7199007262278413e-01	9.6287199543355340e-01	9.1134187889597373e-01
691	2.7702692581950228e-01	9.8070295831195253e-01	9.1134187889597384e-01
692	2.8710063221293874e-01	1.0163648840687507e+00	9.1134187889597384e-01
693	3.0221119180309353e-01	1.0698577727039484e+00	9.1134187889597373e-01
694	3.1732175139324803e-01	1.1233506613391455e+00	9.1134187889597362e-01
695	3.3243231098340276e-01	1.1768435499743430e+00	9.1134187889597373e-01
696	3.4754287057355737e-01	1.2303364386095406e+00	9.1134187889597384e-01
697	3.6265343016371199e-01	1.2838293272447376e+00	9.1134187889597384e-01
698	3.7776398975386682e-01	1.3373222158799354e+00	9.1134187889597362e-01
699	3.9287454934402144e-01	1.3908151045151329e+00	9.1134187889597373e-01
700	4.0798510893417611e-01	1.4443079931503302e+00	9.1134187889597384e-01
701	4.2309566852433073e-01	1.4978008817855275e+00	9.1134187889597384e-01
702	4.3820622811448545e-01	1.5512937704207250e+00	9.1134187889597362e-01
703	4.5331678770464012e-01	1.6047866590559221e+00	9.1134187889597384e-01
704	4.6842734729479474e-01	1.6582795476911201e+00	9.1134187889597384e-01
705	4.8353790688494941e-01	1.7117724363263169e+00	9.1134187889597384e-01
706	4.9864846647510419e-01	1.7652653249615144e+00	9.1134187889597362e-01
707	5.1375902606525892e-01	1.8187582135967122e+00	9.1134187889597373e-01
708	5.2886958565541353e-01	1.8722511022319093e+00	9.1134187889597362e-01
709	5.4398014524556826e-01	1.9257439908671068e+00	9.1134187889597373e-01
710	5.5909070483572287e-01	1.9792368795023043e+00	9.1134187889597373e-01
711	5.7420126442587738e-01	2.0327297681375014e+00	9.1134187889597373e-01
712	5.8931182401603233e-01	2.0862226567726991e+00	9.1134187889597373e-01
713	6.0442238360618683e-01	2.1397155454078969e+00	9.1134187889597373e-01
714	6.1953294319634156e-01	2.1932084340430942e+00	9.1134187889597373e-01
715	6.3464350278649628e-01	2.2467013226782915e+00	9.1134187889597384e-01
716	6.4975406237665079e-01	2.3001942113134888e+00	9.1134187889597373e-01
717	6.6486462196680551e-01	2.3536870999486861e+00	9.1134187889597373e-01
718	6.7493832836024192e-01	2.3893490257054850e+00	9.1134187889597373e-01
719	6.7997518155696024e-01	2.4071799885838838e+00	9.1134187889597373e-01
720	2.1668845030515421e-01	9.7678711044409972e-01	9.2580574155342821e-01
721	2.2070119938487925e-01	9.9487576063750915e-01	9.2580574155342821e-01
722	2.2872669754432948e-01	1.0310530610243276e+00	9.2580574155342821e-01
723	2.4076494478350471e-01	1.0853190116045552e+00	9.2580574155342821e-01
724	2.5280319202267981e-01	1.1395849621847829e+00	9.2580574155342810e-01
725	2.6484143926185510e-01	1.1938509127650108e+00	9.2580574155342821e-01
726	2.7687968650103034e-01	1.2481168633452386e+00	9.2580574155342821e-01
727	2.8891793374020552e-01	1.3023828139254663e+00	9.2580574155342821e-01
728	3.0095618097938082e-01	1.3566487645056939e+00	9.2580574155342810e-01
729	3.1299442821855600e-01	1.4109147150859220e+00	9.2580574155342821e-01
730	3.2503267545773129e-01	1.4651806656661497e+00	9.2580574155342821e-01
731	3.3707092269690653e-01	1.5194466162463773e+00	9.2580574155342832e-01
732	3.4910916993608176e-01	1.5737125668266052e+00	9.2580574155342810e-01
733	3.6114741717525706e-01	1.6279785174068331e+00	9.2580574155342821e-01
734	3.7318566441443218e-01	1.6822444679870610e+00	9.2580574155342821e-01
735	3.8522391165360748e-01	1.7365104185672886e+00	9.2580574155342821e-01
736	3.9726215889278271e-01	1.7907763691475160e+00	9.2580574155342810e-01
737	4.0930040613195795e-01	1.8450423197277441e+00	9.2580574155342821e-01
738	4.2133865337113324e-01	1.8993082703079720e+00	9.2580574155342810e-01
739	4.3337690061030842e-01	1.9535742208881994e+00	9.2580574155342821e-01
740	4.4541514784948361e-01	2.0078401714684273e+00	9.2580574155342821e-01
741	4.5745339508865879e-01	2.0621061220486547e+00	9.2580574155342821e-01
742	4.6949164232783408e-01	2.1163720726288826e+00	9.2580574155342821e-01
743	4.8152988956700932e-01	2.1706380232091105e+00	9.2580574155342821e-01
744	4.9356813680618461e-01	2.2249039737893384e+00	9.2580574155342821e-01
745	5.0560638404535985e-01	2.2791699243695662e+00	9.2580574155342821e-01
746	5.1764463128453497e-01	2.3334358749497937e+00	9.2580574155342821e-01
747	5.2968287852371021e-01	2.3877018255300215e+00	9.2580574155342821e-01
748	5.3770837668316041e-01	2.4238791259168408e+00	9.2580574155342821e-01
749	5.4172112576288545e-01	2.4419677761102490e+00	9.2580574155342821e-01
750	1.6160341436670250e-01	9.8737793212132841e-01	9.4187670006171098e-01
751	1.6459607018830807e-01	1.0056627086420939e+00	9.4187670006171098e-01
752	1.7058138183151933e-01	1.0422322616836244e+00	9.4187670006171098e-01
753	1.7955934929633616e-01	1.0970865912459205e+00	9.4187670006171098e-01
754	1.8853731676115290e-01	1.1519409208082165e+00	9.4187670006171076e-01
755	1.9751528422596970e-01	1.2067952503705124e+00	9.4187670006171098e-01
756	2.0649325169078650e-01	1.2616495799328087e+00	9.4187670006171098e-01
757	2.1547121915560330e-01	1.3165039094951045e+00	9.4187670006171098e-01
758	2.2444918662042018e-01	1.3713582390574008e+00	9.4187670006171076e-01
759	2.3342715408523693e-01	1.4262125686196967e+00	9.4187670006171098e-01
760	2.4240512155005375e-01	1.4810668981819926e+00	9.4187670006171098e-01
761	2.5138308901487055e-01	1.5359212277442889e+00	9.4187670006171098e-01
762	2.6036105647968738e-01	1.5907755573065849e+00	9.4187670006171076e-01
763	2.6933902394450415e-01	1.6456298868688806e+00	9.4187670006171098e-01
764	2.7831699140932092e-01	1.7004842164311769e+00	9.4187670006171098e-01
765	2.8729495887413775e-01	1.7553385459934727e+00	9.4187670006171098e-01
766	2.9627292633895458e-01	1.8101928755557688e+00	9.4187670006171076e-01
767	3.0525089380377141e-01	1.8650472051180647e+00	9.4187670006171098e-01
768	3.1422886126858829e-01	1.9199015346803610e+00	9.4187670006171076e-01
769	3.2320682873340500e-01	1.9747558642426568e+00	9.4187670006171098e-01
770	3.3218479619822178e-01	2.0296101938049529e+00	9.4187670006171098e-01
771	3.4116276366303855e-01	2.0844645233672487e+00	9.4187670006171098e-01
772	3.5014073112785538e-01	2.1393188529295446e+00	9.4187670006171098e-01
773	3.5911869859267226e-01	2.1941731824918409e+00	9.4187670006171098e-01
774	3.6809666605748909e-01	2.2490275120541368e+00	9.4187670006171098e-01
775	3.7707463352230580e-01	2.3038818416164331e+00	9.4187670006171098e-01
776	3.8605260098712257e-01	2.3587361711787289e+00	9.4187670006171098e-01
777	3.9503056845193940e-01	2.4135905007410248e+00	9.4187670006171098e-01
778	4.0101588009515060e-01	2.4501600537825561e+00	9.4187670006171098e-01
779	4.0400853591675628e-01	2.4684448303033211e+00	9.4187670006171098e-01
780	1.0700085744647139e-01	9.9475827611094503e-01	9.5955475442082183e-01
781	1.0898235480659123e-01	1.0131797256685553e+00	9.5955475442082183e-01
782	1.1294534952683093e-01	1.0500226247837752e+00	9.5955475442082183e-01
783	1.1888984160719046e-01	1.1052869734566058e+00	9.5955475442082183e-01
784	1.2483433368754995e-01	1.1605513221294361e+00	9.5955475442082161e-01
785	1.3077882576790950e-01	1.2158156708022660e+00	9.5955475442082183e-01
786	1.3672331784826902e-01	1.2710800194750966e+00	9.5955475442082183e-01
787	1.4266780992862851e-01	1.3263443681479268e+00	9.5955475442082183e-01
788	1.4861230200898809e-01	1.3816087168207574e+00	9.5955475442082161e-01
789	1.5455679408934755e-01	1.4368730654935875e+00	9.5955475442082183e-01
790	1.6050128616970710e-01	1.4921374141664177e+00	9.5955475442082183e-01
791	1.6644577825006659e-01	1.5474017628392478e+00	9.5955475442082205e-01
792	1.7239027033042617e-01	1.6026661115120784e+00	9.5955475442082161e-01
793	1.7833476241078566e-01	1.6579304601849083e+00	9.5955475442082183e-01
794	1.8427925449114518e-01	1.7131948088577391e+00	9.5955475442082183e-01
795	1.9022374657150470e-01	1.7684591575305693e+00	9.5955475442082183e-01
796	1.9616823865186425e-01	1.8237235062033996e+00	9.5955475442082161e-01
797	2.0211273073222377e-01	1.8789878548762295e+00	9.5955475442082183e-01
798	2.0805722281258335e-01	1.9342522035490601e+00	9.5955475442082161e-01
799	2.1400171489294278e-01	1.9895165522218901e+00	9.5955475442082183e-01
800	2.1994620697330231e-01	2.0447809008947204e+00	9.5955475442082183e-01
801	2.2589069905366180e-01	2.1000452495675503e+00	9.5955475442082183e-01
802	2.3183519113402135e-01	2.1553095982403812e+00	9.5955475442082183e-01
803	2.3777968321438089e-01	2.2105739469132115e+00	9.5955475442082183e-01
804	2.4372417529474041e-01	2.2658382955860414e+00	9.5955475442082183e-01
805	2.4966866737509993e-01	2.3211026442588722e+00	9.5955475442082183e-01
806	2.5561315945545943e-01	2.3763669929317022e+00	9.5955475442082183e-01
807	2.6155765153581900e-01	2.4316313416045321e+00	9.5955475442082183e-01
808	2.6552064625605865e-01	2.4684742407197531e+00	9.5955475442082183e-01
809	2.6750214361617847e-01	2.4868956902773625e+00	9.5955475442082183e-01
810	5.3123584068423581e-02	9.9906573614609606e-01	9.7883990463076109e-01
811	5.4107354143764753e-02	1.0175669534821350e+00	9.7883990463076109e-01
812	5.6074894294447113e-02	1.0545693881542126e+00	9.7883990463076109e-01
813	5.9026204520470658e-02	1.1100730401623291e+00	9.7883990463076109e-01
814	6.1977514746494156e-02	1.1655766921704453e+00	9.7883990463076098e-01
815	6.4928824972517687e-02	1.2210803441785618e+00	9.7883990463076109e-01
816	6.7880135198541233e-02	1.2765839961866785e+00	9.7883990463076109e-01
817	7.0831445424564765e-02	1.3320876481947947e+00	9.7883990463076109e-01
818	7.3782755650588311e-02	1.3875913002029114e+00	9.7883990463076098e-01
819	7.6734065876611829e-02	1.4430949522110281e+00	9.7883990463076109e-01
820	7.9685376102635375e-02	1.4985986042191441e+00	9.7883990463076109e-01
821	8.2636686328658879e-02	1.5541022562272606e+00	9.7883990463076131e-01
822	8.5587996554682438e-02	1.6096059082353771e+00	9.7883990463076098e-01
823	8.8539306780705970e-02	1.6651095602434935e+00	9.7883990463076109e-01
824	9.1490617006729488e-02	1.7206132122516102e+00	9.7883990463076109e-01
825	9.4441927232753034e-02	1.7761168642597265e+00	9.7883990463076109e-01
826	9.7393237458776552e-02	1.8316205162678427e+00	9.7883990463076098e-01
827	1.0034454768480011e-01	1.8871241682759592e+00	9.7883990463076109e-01
828	1.0329585791082363e-01	1.9426278202840759e+00	9.7883990463076098e-01
829	1.0624716813684716e-01	1.9981314722921921e+00	9.7883990463076109e-01
830	1.0919847836287068e-01	2.0536351243003086e+00	9.7883990463076109e-01
831	1.1214978858889421e-01	2.1091387763084248e+00	9.7883990463076109e-01
832	1.1510109881491776e-01	2.1646424283165415e+00	9.7883990463076109e-01
833	1.1805240904094129e-01	2.2201460803246582e+00	9.7883990463076109e-01
834	1.2100371926696482e-01	2.2756497323327745e+00	9.7883990463076109e-01
835	1.2395502949298835e-01	2.3311533843408911e+00	9.7883990463076109e-01
836	1.2690633971901188e-01	2.3866570363490074e+00	9.7883990463076109e-01
837	1.2985764994503537e-01	2.4421606883571236e+00	9.7883990463076109e-01
838	1.3182519009571775e-01	2.4791631230292017e+00	9.7883990463076109e-01
839	1.3280896017105892e-01	2.4976643403652403e+00	9.7883990463076109e-01
840	1.7586611865278840e-02	1.0000000000000000e+00	9.9276806867127276e-01
841	1.7912289862784002e-02	1.0185185185185188e+00	9.9276806867127276e-01
842	1.8563645857794332e-02	1.0555555555555556e+00	9.9276806867127276e-01
843	1.9540679850309828e-02	1.1111111111111112e+00	9.9276806867127276e-01
844	2.0517713842825306e-02	1.1666666666666667e+00	9.9276806867127265e-01
845	2.1494747835340802e-02	1.2222222222222221e+00	9.9276806867127276e-01
846	2.2471781827856294e-02	1.2777777777777779e+00	9.9276806867127276e-01
847	2.3448815820371782e-02	1.3333333333333333e+00	9.9276806867127276e-01
848	2.4425849812887278e-02	1.3888888888888891e+00	9.9276806867127265e-01
849	2.5402883805402766e-02	1.4444444444444446e+00	9.9276806867127276e-01
850	2.6379917797918258e-02	1.5000000000000002e+00	9.9276806867127276e-01
851	2.7356951790433744e-02	1.5555555555555554e+00	9.9276806867127299e-01
852	2.8333985782949243e-02	1.6111111111111112e+00	9.9276806867127265e-01
853	2.9311019775464735e-02	1.6666666666666670e+00	9.9276806867127276e-01
854	3.0288053767980220e-02	1.7222222222222223e+00	9.9276806867127276e-01
855	3.1265087760495719e-02	1.7777777777777779e+00	9.9276806867127276e-01
856	3.2242121753011208e-02	1.8333333333333333e+00	9.9276806867127265e-01
857	3.3219155745526696e-02	1.8888888888888891e+00	9.9276806867127276e-01
858	3.4196189738042192e-02	1.9444444444444442e+00	9.9276806867127265e-01
859	3.5173223730557680e-02	2.0000000000000000e+00	9.9276806867127276e-01
860	3.6150257723073169e-02	2.0555555555555554e+00	9.9276806867127276e-01
861	3.7127291715588658e-02	2.1111111111111107e+00	9.9276806867127276e-01
862	3.8104325708104153e-02	2.1666666666666665e+00	9.9276806867127276e-01
863	3.9081359700619642e-02	2.2222222222222223e+00	9.9276806867127276e-01
864	4.0058393693135137e-02	2.2777777777777777e+00	9.9276806867127276e-01
865	4.1035427685650633e-02	2.3333333333333335e+00	9.9276806867127276e-01
866	4.2012461678166114e-02	2.3888888888888893e+00	9.9276806867127276e-01
867	4.2989495670681603e-02	2.4444444444444442e+00	9.9276806867127276e-01
868	4.3640851665691927e-02	2.4814814814814814e+00	9.9276806867127276e-01
869	4.3966529663197092e-02	2.5000000000000000e+00	9.9276806867127276e-01
870	0.0000000000000000e+00	1.0000000000000000e+00	1.0000000000000000e+00
871	0.0000000000000000e+00	1.0185185185185186e+00	1.0000000000000000e+00
872	0.0000000000000000e+00	1.0555555555555556e+00	1.0000000000000000e+00
873	0.0000000000000000e+00	1.1111111111111112e+00	1.0000000000000000e+00
874	0.0000000000000000e+00	1.1666666666666667e+00	9.9999999999999989e-01
875	0.0000000000000000e+00	1.2222222222222221e+00	1.0000000000000000e+00
876	0.0000000000000000e+00	1.2777777777777779e+00	1.0000000000000000e+00
877	0.0000000000000000e+00	1.3333333333333333e+00	1.0000000000000000e+00
878	0.0000000000000000e+00	1.3888888888888891e+00	9.9999999999999989e-01
879	0.0000000000000000e+00	1.4444444444444446e+00	1.0000000000000000e+00
880	0.0000000000000000e+00	1.5000000000000000e+00	1.0000000000000000e+00
881	0.0000000000000000e+00	1.5555555555555554e+00	1.0000000000000002e+00
882	0.0000000000000000e+00	1.6111111111111112e+00	9.9999999999999989e-01
883	0.0000000000000000e+00	1.6666666666666667e+00	1.0000000000000000e+00
884	0.0000000000000000e+00	1.7222222222222225e+00	1.0000000000000000e+00
885	0.0000000000000000e+00	1.7777777777777779e+00	1.0000000000000000e+00
886	0.0000000000000000e+00	1.8333333333333333e+00	9.9999999999999989e-01
887	0.0000000000000000e+00	1.8888888888888888e+00	1.0000000000000000e+00
888	0.0000000000000000e+00	1.9444444444444444e+00	9.9999999999999989e-01
889	0.0000000000000000e+00	2.0000000000000000e+00	1.0000000000000000e+00
890	0.0000000000000000e+00	2.0555555555555554e+00	1.0000000000000000e+00
891	0.0000000000000000e+00	2.1111111111111107e+00	1.0000000000000000e+00
892	0.0000000000000000e+00	2.1666666666666665e+00	1.0000000000000000e+00
893	0.0000000000000000e+00	2.2222222222222223e+00	1.0000000000000000e+00
894	0.0000000000000000e+00	2.2777777777777777e+00	1.0000000000000000e+00
895	0.0000000000000000e+00	2.3333333333333335e+00	1.0000000000000000e+00
896	0.0000000000000000e+00	2.3888888888888888e+00	1.0000000000000000e+00
897	0.0000000000000000e+00	2.4444444444444442e+00	1.0000000000000000e+00
898	0.0000000000000000e+00	2.4814814814814818e+00	1.0000000000000000e+00
899	0.0000000000000000e+00	2.5000000000000000e+00	1.0000000000000000e+00

0   1   0.0
1   1   0.0
2   1   0.0
3   1   0.0
4   1   0.0
5   1   0.0
6   1   0.0
7   1   0.0
8   1   0.0
9   1   0.0
10  1   0.0
11  1   0.0
12  1   0.0
13  1   0.0
14  1   0.0
15  1   0.0
16  1   0.0
17  1   0.0
18  1   0.0
19  1   0.0
20  1   0.0
21  1   0.0
22  1   0.0
23  1   0.0
24  1   0.0
25  1   0.0
26  1   0.0
27  1   0.0
28  1   0.0
29  1   0.0
59  1   0.0
89  1   0.0
119 1   0.0
149 1   0.0
179 1   0.0
209 1   0.0
239 1   0.0
269 1   0.0
299 1   0.0
329 1   0.0
359 1   0.0
389 1   0.0
419 1   0.0
449 1   0.0
479 1   0.0
509 1   0.0
539 1   0.0
569 1   0.0
599 1   0.0
629 1   0.0
659 1   0.0
689 1   0.0
719 1   0.0
749 1   0.0
779 1   0.0
809 1   0.0
839 1   0.0
869 1   0.0
899 1   0.0
29  0   0.0
59  0   0.0
89  0   0.0
119 0   0.0
149 0   0.0
179 0   0.0
209 0   0.0
239 0   0.0
269 0   0.0
299 0   0.0
329 0   0.0
359 0   0.0
389 0   0.0
419 0   0.0
449 0   0.0
479 0   0.0
509 0   0.0
539 0   0.0
569 0   0.0
599 0   0.0
629 0   0.0
659 0   0.0
689 0   0.0
719 0   0.0
749 0   0.0
779 0   0.0
809 0   0.0
839 0   0.0
869 0   0.0
870 0   0.0
871 0   0.0
872 0   0.0
873 0   0.0
874 0   0.0
875 0   0.0
876 0   0.0
877 0   0.0
878 0   0.0
879 0   0.0
880 0   0.0
881 0   0.0
882 0   0.0
883 0   0.0
884 0   0.0
885 0   0.0
886 0   0.0
887 0   0.0
888 0   0.0
889 0   0.0
890 0   0.0
891 0   0.0
892 0   0.0
893 0   0.0
894 0   0.0
895 0   0.0
896 0   0.0
897 0   0.0
898 0   0.0
899 0   0.0