

r1: ローカルパッチの内側の半径, r2: ローカルパッチの外側の半径

r1 = 1.00

stress_y at (1, 0)
ref.    30

-----------------------------------------------------------------------------------

glo_loc:    30x30_30x30

2_2
    r2[mm]  stress_y at (1, 0)      iteration(dof)  residual

    1.25    1.730957682686089e+001  488(3422)       7.963543e-014 (  1.000000e-013)
    1.50    2.479597055351472e+001  523(3422)       9.674575e-014 (  1.000000e-013)
    1.75    3.049398470232116e+001  656(3422)       6.875665e-014 (  1.000000e-013)
    2.00    3.086805016546261e+001  915(3422)       7.727304e-014 (  1.000000e-013)
    2.25    3.087768451119037e+001  1946(3422)      8.054068e-014 (  1.000000e-013)
    2.50    3.155136866015413e+001  4562(3422)      8.534894e-014 (  1.000000e-013)
    2.75    3.101118368476572e+001  5005(3422)      8.034942e-014 (  1.000000e-013)
    3.00    3.095015224624199e+001  5123(3422)      8.567345e-014 (  1.000000e-013)
    4.00    3.078719906234899e+001  10115(3422)     8.830676e-014 (  1.000000e-013)
    6.00    3.110587757902729e+001  17109(3422)     5.509333e-008 (  1.000000e-013)
    8.00    3.125464048294557e+001  17109(3422)     5.414988e-002 (  1.000000e-013)

3_3
    r2[mm]  stress_y at (1, 0)      iteration(dof)  residual

    1.25    1.673498307613930e+001  420(3422)       8.277205e-014 (  1.000000e-013)
    1.50    2.631073020630992e+001  477(3422)       7.423227e-014 (  1.000000e-013)
    1.75    3.042417560471359e+001  562(3422)       7.903168e-014 (  1.000000e-013)
    2.00    3.076424207874493e+001  960(3422)       9.301735e-014 (  1.000000e-013)
    2.25    3.086396760367560e+001  1774(3422)      9.981617e-014 (  1.000000e-013)
    2.50    3.086253554059746e+001  3407(3422)      8.362522e-014 (  1.000000e-013)
    2.75    3.086222114260590e+001  7025(3422)      5.797449e-014 (  1.000000e-013)
    3.00    3.086109784813559e+001  10360(3422)     9.798795e-014 (  1.000000e-013)
    4.00    3.425907206477910e+001  17109(3422)     1.707097e+001 (  1.000000e-013)
    6.00    3.092838367967590e+001  17109(3422)     5.047883e-005 (  1.000000e-013)
    8.00    3.109597059550935e+001  17109(3422)     1.800235e-002 (  1.000000e-013)


r2[mm]  element size ratio (loc : glo)

1.25    1   :   40
1.50    1   :   20
1.75    1   :   13.3
2.00    1   :   10
2.25    1   :   8
2.50    1   :   6.67
2.75    1   :   5.71
3.00    1   :   5
4.00    1   :   3.33
6.00    1   :   2
8.00    1   :   1.43

-----------------------------------------------------------------------------------

glo_loc:    30x30_10x10

2_2
    r2[mm]  stress_y at (1, 0)      iteration(dof)  residual

    1.25    1.732858424790498e+001  259(1902)       7.114483e-014 (  1.000000e-013)
    1.50    2.472344673017457e+001  255(1902)       9.168369e-014 (  1.000000e-013)
    1.75    3.027639956889927e+001  315(1902)       6.877436e-014 (  1.000000e-013)
    2.00    3.018860724419202e+001  379(1902)       5.343993e-014 (  1.000000e-013)
    2.25    3.067836846014622e+001  531(1902)       9.915554e-014 (  1.000000e-013)
    2.50    3.004381453709584e+001  739(1902)       9.850602e-014 (  1.000000e-013)
    2.75    3.015007537897941e+001  818(1902)       5.209994e-014 (  1.000000e-013)
    3.00    3.084145628052133e+001  857(1902)       9.048357e-014 (  1.000000e-013)
    4.00    3.150251531760956e+001  2601(1902)      7.553270e-014 (  1.000000e-013)
    6.00    3.495163031434274e+001  9509(1902)      3.493591e-004 (  1.000000e-013)
    8.00    3.316445586782506e+001  9509(1902)      2.520045e-002 (  1.000000e-013)

3_3
    r2[mm]  stress_y at (1, 0)      iteration(dof)  residual

    1.25    1.665885368367760e+001  266(1902)       9.316092e-014 (  1.000000e-013)
    1.50    2.561564250440965e+001  262(1902)       7.781446e-014 (  1.000000e-013)
    1.75    2.964497852372530e+001  285(1902)       7.307511e-014 (  1.000000e-013)
    2.00    3.048796920443514e+001  508(1902)       6.207445e-014 (  1.000000e-013)
    2.25    3.086577328002094e+001  762(1902)       7.258899e-014 (  1.000000e-013)
    2.50    3.097612173398487e+001  1122(1902)      8.049472e-014 (  1.000000e-013)
    2.75    3.130095541151625e+001  1259(1902)      8.541022e-014 (  1.000000e-013)
    3.00    3.162300253081237e+001  2888(1902)      9.044968e-014 (  1.000000e-013)
    4.00    3.107679045230370e+001  9509(1902)      8.190486e-012 (  1.000000e-013)
    6.00    2.940856754029207e+001  9509(1902)      9.528352e-002 (  1.000000e-013)
    8.00    3.080262236558390e+001  9509(1902)      8.574926e-003 (  1.000000e-013)


r2[mm]  element size ratio (loc : glo)

1.25    1   :   13.3
1.50    1   :   6.67
1.75    1   :   4.44
2.00    1   :   3.33
2.25    1   :   2.67
2.50    1   :   2.22
2.75    1   :   1.91
3.00    1   :   1.67
4.00    1   :   1.11
6.00    1   :   0.67
8.00    1   :   0.48