コントロールポイント番号	rf_x	rf_y
0	5.830071456583784e-02	-5.188735871293591e-02
1	7.452391465902368e-03	-1.071909191436489e-01
2	6.294549977032372e-01	-5.702713713662123e-02
3	1.027338064227539e+00	5.732863467698297e-01
4	-2.092963489179227e+00	-2.680398402679831e+00
5	-8.528582481728982e-01	-6.330427476350467e+00
6	-9.130260873654221e-03	-6.451553782346219e+00
7	1.365700524972079e-15	-6.281221548058782e+00
8	-5.813063768660500e-15	-6.166202269459532e+00
9	-2.293537648475291e-15	-6.098705955549597e+00
10	-1.791791063897125e-15	-6.046148065826719e+00
11	3.861956168855989e-15	-6.002988374795407e+00
12	-1.797830380997100e-15	-5.964922204204345e+00
13	-2.269623535710112e-16	-5.928139471862758e+00
14	-1.136567799627689e-14	-5.891165715410888e+00
15	-4.303193736823592e-15	-5.851374750016355e+00
16	-4.265733645500615e-15	-5.806472935399833e+00
17	-5.415127292166555e-15	-4.323883788625078e+00
18	-3.045457198667186e-16	-2.864899307905592e+00
19	2.375126070940651e-15	-1.425844363946903e+00
20	-4.226179156736375e-02	-1.840330063091767e-02
21	4.268872274571251e-03	-1.325645434576553e-01
22	1.147751040080788e+00	-1.156522964974602e+00
23	2.214701100793379e+00	-3.461689229217375e+00
24	-2.990737998894387e+00	-2.027958118260992e+00
25	-1.286427424105909e+00	-1.738181173398830e-01
26	-1.136269720946027e-02	-1.973910247067709e-04
27	1.534607976890917e-16	-4.173148641976403e-15
28	2.747930149724962e-15	-6.499472004415215e-16
29	3.588706633904951e-16	-1.401721095604677e-15
30	-1.527654427517905e-15	-2.848681542789200e-15
31	-7.274669963044917e-16	1.254297877212491e-15
32	-8.492027452021481e-15	-1.103077106904370e-15
33	8.698394549506650e-15	5.284872345010081e-16
34	2.534103033154110e-15	-1.611463672582707e-15
35	6.855196831848866e-15	-2.888291812711729e-15
36	-1.176642042085376e-15	2.203209009569201e-15
37	8.613639451897425e-15	3.580343833465944e-15
38	2.976654102025148e-16	1.109033796984656e-15
39	2.959415393361747e-15	-2.595556674437024e-16
40	-6.612127143545153e-01	-1.699862291895343e+00
41	-2.267133856265221e-01	-3.921594409416728e+00
42	4.554375839991130e-01	-6.270126361705671e+00
43	1.615666407516206e+00	-7.062678541877812e+00
44	-2.022574656875909e+00	-2.657326141012939e+00
45	-9.044182358051818e-01	-1.582744788673948e-01
46	-5.427010337099676e-03	-1.073430867326343e-04
47	-1.625166617130646e-15	1.674533804642634e-15
48	2.664130044204596e-15	2.703495183366047e-15
49	2.329364080541905e-15	-1.134949604682839e-15
50	-5.087910555037804e-15	-9.032224256721356e-16
51	1.691636449798390e-15	-1.816079349434247e-15
52	1.910765401184916e-15	-2.268502101130129e-15
53	-4.584031812135133e-16	2.786117560297197e-15
54	-5.879998450052527e-15	-4.355492567663068e-15
55	1.336594750869482e-15	-2.750899183554841e-16
56	3.340215036122415e-15	-8.331679205766688e-17
57	-3.397597254920351e-15	1.638774508105498e-15
58	4.613744394819860e-15	-1.511557397775250e-15
59	-9.585895356006313e-15	-1.209235592690050e-15
60	-6.153176456930108e+00	-3.997460529366536e+00
61	7.472202444069177e-01	-8.200704764176519e+00
62	3.136023746443274e+00	-6.554380953667245e+00
63	3.814390006075433e+00	-5.030687164796999e-01
64	2.121823164216250e-01	4.237622716165608e-01
65	-2.250246349472370e-01	1.570558494082286e-03
66	-8.289258364813401e-04	-8.334962957142265e-06
67	2.065414716767693e-15	-2.978237998629003e-15
68	1.257669828056257e-15	-4.629974389606682e-16
69	-7.330285800703536e-15	-2.701428294348161e-15
70	-3.408756304937002e-15	-6.014710429363146e-15
71	-5.366828957146617e-15	-5.214372376108211e-15
72	4.038286988935134e-15	2.765048314753563e-15
73	2.687438822035756e-15	-1.766095030643072e-15
74	-8.578575893845731e-15	3.562840270100704e-15
75	-4.347238601483980e-15	-7.113386453420932e-16
76	-3.718265045152870e-15	-5.905360975496105e-18
77	-5.085314851005277e-15	-2.508364855125396e-15
78	1.255392146462544e-14	-3.336166195280419e-15
79	4.416308356869999e-15	1.309718260881157e-15
80	-6.757748878329959e+00	3.421794506617510e+00
81	1.887377875353365e+00	5.824138348763778e+00
82	4.662646785235790e+00	7.390999167206848e+00
83	3.630180814217967e+00	5.150286054847984e+00
84	4.151231620204782e-01	7.438875086000667e-01
85	-1.032556537348365e-03	1.050404007639759e-02
86	-1.130324343792305e-06	1.375633747805900e-07
87	-6.001306433394506e-16	1.255302620099972e-14
88	1.414255665037424e-15	1.341867735176354e-15
89	-2.598484857409514e-15	-6.855330536495899e-15
90	-4.062686048121746e-15	-1.114350726192148e-16
91	-4.730148710456330e-15	3.636020635834973e-15
92	7.413337561352097e-15	5.602180451172279e-15
93	-1.378470357082143e-16	1.468465129081207e-15
94	-3.076187479754112e-15	6.390437800052685e-15
95	-1.439381932317668e-15	6.163435034818417e-15
96	-3.489328399131143e-16	4.908725560260473e-15
97	-3.653754349177562e-15	4.876022387278548e-15
98	1.149030418130041e-15	2.109649906239076e-15
99	-8.134286422251050e-15	-8.730326252246323e-16
100	-1.072284093995540e+00	1.818571258005737e+00
101	4.089405468694586e-01	3.065955822348900e+00
102	7.416812787484959e-01	2.738885389532026e+00
103	4.208833698050214e-01	1.049451507466422e+00
104	2.709519183982008e-02	4.770851110778628e-02
105	3.054995585964082e-05	4.224945580945794e-05
106	-9.624081177306098e-16	6.846124334949515e-16
107	-4.985735862233606e-16	-2.002662364086020e-15
108	-1.714302779040150e-15	1.525629289485010e-15
109	2.691445531093218e-15	-5.352267468450924e-15
110	-2.371887260451643e-15	-1.938920834021647e-16
111	-5.336792259558692e-15	5.742854126298360e-16
112	6.670067269492763e-15	-5.062326456381230e-15
113	-1.705321701470013e-15	3.488251261795178e-15
114	-5.959733772155026e-15	-2.625012130251386e-15
115	7.074389260481063e-16	-4.144201005471580e-16
116	4.369043517335625e-15	-9.609419678474154e-16
117	4.312723049696298e-15	6.696042115578654e-15
118	-1.217456758818479e-14	-3.428065335159337e-15
119	9.753868593656852e-15	5.205587619930296e-16
120	-1.949544641282787e-01	2.098054507745587e-02
121	2.480102821844151e-03	2.838709932864212e-02
122	2.038917724346293e-03	1.460626155314935e-02
123	4.145831517899814e-04	2.378763135199908e-03
124	9.893866081088574e-07	4.011285787128053e-06
125	-1.815276100604382e-15	5.242913729620289e-15
126	-3.796145471698937e-15	-6.723028481363612e-15
127	-3.331637508941753e-15	-6.104625586055433e-15
128	-2.366143109460207e-16	-4.619233384742120e-15
129	9.267511227298817e-16	-2.494763693058032e-15
130	-3.256481150611419e-15	-3.175088482454272e-15
131	-2.497646752785270e-15	-2.982013648482527e-15
132	-4.485968004955847e-15	-9.655117764459527e-16
133	-4.866165424158554e-15	-9.085556757709136e-15
134	-7.944246993116981e-15	-8.193384863789650e-15
135	1.234483699913436e-15	-3.626318562956764e-15
136	3.058122152253347e-15	-4.366996432680004e-15
137	-3.290366134410969e-15	-3.153742815225305e-15
138	1.374625076441614e-14	-7.075930810814230e-15
139	-1.453924609336494e-14	6.283445098741837e-15
140	-1.132114219209881e-01	-5.103308784046540e-15
141	-1.557232775332826e-15	-2.136233871920481e-15
142	-1.899852341421699e-15	5.942473294217552e-15
143	-3.783225320192057e-15	6.655749365014746e-15
144	2.784899480286738e-15	3.236392114817443e-15
145	-1.111416526928267e-15	-3.623568915002922e-15
146	9.558289642356622e-16	-2.117905215384662e-15
147	-6.378874484433406e-15	1.262227635479674e-14
148	-1.981674638477760e-15	7.110660793756553e-15
149	-2.821971157547046e-15	3.245127575686971e-15
150	-3.209485576627412e-15	7.079665364939055e-16
151	-2.747469836018388e-15	-7.275407483754342e-15
152	-7.219099868383699e-15	-8.462030559049640e-15
153	-8.844242551107944e-15	5.525055832911192e-15
154	-8.589322158299443e-16	-4.303207442017270e-15
155	3.593131064415464e-16	-4.855822965149481e-15
156	8.463552175732373e-16	1.083342378918997e-14
157	-3.691153445976084e-16	3.670396366763400e-15
158	1.776092978711013e-15	-7.952696031477545e-15
159	-1.175734213744474e-14	8.064968061570563e-15
160	-1.149735958688452e-01	3.634423855220994e-15
161	-1.820756916211506e-15	1.500713527777355e-14
162	8.576748942549038e-16	3.221019423045565e-15
163	2.663410444220970e-15	1.265695225773044e-14
164	1.738310653167201e-15	2.994482359785306e-15
165	8.960240818128126e-16	-3.642434383735545e-15
166	-1.379301347585200e-15	-1.661987574786004e-14
167	-3.738625681767023e-15	-1.640202193899570e-14
168	-3.720737860437015e-15	-2.588879693237860e-15
169	-5.717720633660089e-15	-1.176259709269100e-14
170	-2.084178229609081e-16	2.391933972334656e-16
171	-3.397025870661378e-15	1.346107836374656e-15
172	-3.295645285963231e-15	1.448191702844434e-15
173	-4.609133492932160e-15	9.776087452024078e-15
174	-2.116554613828091e-15	-2.806877342723198e-15
175	-3.293292962797659e-15	1.572244872011376e-15
176	9.947137893552923e-15	7.935600170171761e-15
177	-9.145261014721992e-15	2.252861866603765e-15
178	-1.810252122911576e-14	-8.604655098536967e-15
179	-1.337888593127727e-15	6.641310839948284e-15
180	-9.209954519044221e-02	6.272599763951834e-15
181	-3.249961350918488e-15	-1.145527265842873e-15
182	-1.953131777661660e-15	9.533317105778965e-15
183	3.578093894548379e-15	6.144504024753076e-15
184	7.151252227167986e-16	3.152475570390971e-15
185	-2.047797844754579e-15	-1.114702866274354e-14
186	-1.454706463863599e-15	9.887836037831075e-15
187	6.185349369602887e-16	1.373411279148437e-15
188	1.672678345987847e-15	-4.394842753777187e-15
189	-1.158731282936815e-15	-5.736459068853922e-15
190	-1.926054363835260e-15	1.792372074861448e-15
191	-3.345951034913680e-15	1.200212675297017e-15
192	6.160125506138526e-15	-6.257605847291125e-15
193	5.871572758076346e-15	-4.358079455410756e-16
194	-6.281039043229068e-15	-1.450450899101479e-14
195	-6.443123436983574e-15	-5.434422291124492e-15
196	1.058260839787143e-14	-6.067008657003173e-15
197	-2.654884757133498e-15	-6.503888553057713e-15
198	4.229091436420614e-15	-5.139385890509452e-16
199	-4.182731735857790e-15	1.517880982503084e-14
200	-9.221326230626162e-02	1.198965091019436e-14
201	-3.805109349961090e-15	-6.219743526651542e-15
202	-2.816063452168826e-15	-5.034103382840311e-15
203	-5.129984820720387e-15	-7.379900064893145e-15
204	-1.377748152410165e-15	-1.431234116520529e-14
205	2.096728146796482e-15	-7.966237017396117e-15
206	-2.327120556306593e-15	1.905334950025520e-14
207	-1.109182658734137e-15	2.757202749229722e-14
208	7.542637609710174e-16	9.401752664969685e-15
209	4.016592626278036e-15	1.317452964650435e-15
210	-1.132128179759854e-15	1.153353990702336e-14
211	-8.508600913498536e-16	-7.595084773226656e-15
212	2.599632518448752e-15	2.062925669226926e-14
213	-2.068583647885826e-15	2.326446716545021e-14
214	-4.411441208241801e-15	6.940990322917553e-15
215	-6.612502047639904e-15	5.723584546235524e-15
216	5.576018256235967e-15	7.132705028936354e-16
217	4.502203022654767e-15	-3.701240584257198e-15
218	1.023542066993360e-14	2.211841013828606e-15
219	-1.066912900587364e-14	7.748377669885485e-15
220	-9.501334097015798e-02	-2.075474618078574e-15
221	-2.709483898932820e-15	5.960104815237423e-16
222	-4.755529645489450e-15	1.476289614625750e-14
223	-4.460153370778211e-15	2.268659718974135e-14
224	1.773309334280230e-15	-1.140249346855640e-14
225	2.185957419076717e-15	-3.244357973407567e-15
226	-1.827228287219608e-15	3.170707356012049e-15
227	1.236439529775274e-15	7.284084284991178e-15
228	-6.882595701024776e-15	-1.445763136159301e-14
229	-3.019002855574038e-15	3.025786509571406e-15
230	-2.025086664590934e-15	2.722153937440544e-15
231	5.618136006276064e-16	1.317916154089183e-15
232	9.659501948109596e-16	9.112070194688642e-15
233	-6.563813495511972e-15	3.041972899676671e-14
234	-4.735486769146002e-15	1.515550826571328e-14
235	-2.722820204415479e-15	2.765248636984582e-14
236	1.101951601190163e-15	5.122845446840863e-15
237	-1.857676688108038e-15	-9.524438859801604e-15
238	7.514455214792130e-15	-4.531725095899201e-15
239	-1.487103896745366e-14	-1.056638147512132e-14
240	-1.065850079279105e-01	6.738704163603603e-15
241	6.618050481935611e-15	-1.374348082450695e-14
242	4.226343952810694e-15	1.777311353559662e-14
243	1.767741431909144e-15	2.050563799514372e-14
244	-5.560897692232273e-15	1.950356875568354e-14
245	3.091105228289542e-15	3.740719200158670e-17
246	-1.372095463716099e-15	-5.033412040587180e-15
247	-2.906279191147969e-15	-1.011921534970578e-14
248	-4.822928381874262e-15	-7.873038405674501e-15
249	9.347068859606157e-15	-8.101263671824786e-15
250	4.375029600812074e-15	-4.010693529604326e-17
251	4.110165583277527e-15	1.883683452728548e-15
252	1.325337859772847e-14	6.027223462502411e-15
253	2.512789353400096e-15	-6.655886901659977e-15
254	-8.843002913426554e-15	1.525048577542277e-14
255	-5.063782293546042e-15	-8.412977356029360e-16
256	-2.634149886130826e-15	3.058911500874137e-14
257	-5.494311741087511e-15	8.451172630732079e-15
258	-1.246277228308581e-14	2.841928752270504e-15
259	-2.967410435607665e-15	-1.824846751569706e-15
260	-1.244694637619543e-01	9.673990779664276e-15
261	8.790625840529364e-15	-1.863150961647096e-15
262	3.950824470528748e-15	-1.852601357879583e-14
263	-3.317824083514564e-15	-2.372483009339469e-14
264	3.083232097318169e-15	2.906867755744701e-15
265	-5.623609756597535e-15	-3.068103619196716e-15
266	-6.911563448513338e-15	-5.607811156817783e-15
267	2.011101545213105e-15	-1.567993265437088e-14
268	-3.143567814627319e-15	3.241332981708808e-14
269	-7.061973229571462e-15	1.855843789620556e-14
270	1.092610984665139e-15	-1.133842772182622e-14
271	7.909527066390311e-15	-1.038455636771310e-14
272	-4.765641037837035e-16	5.709918191320817e-15
273	-1.019499825815598e-14	-1.865340038406552e-14
274	-1.173846618618826e-14	-7.477080958558598e-15
275	-5.489275842923495e-15	-2.645366658490529e-15
276	6.168562260173149e-15	-2.368814125712816e-15
277	-7.080502447937516e-15	-2.880128861541789e-15
278	-2.919373840344515e-14	8.979846908398872e-16
279	1.201325085655756e-14	9.466458822374724e-15
280	-1.500089443443094e-01	1.137473267239713e-14
281	8.234693757449411e-16	-2.136378607951560e-15
282	-2.822200691478402e-15	-2.767938933851775e-15
283	1.421106021819563e-15	-8.125094355722069e-15
284	9.230771202783368e-15	-5.608370269907299e-15
285	-2.702600404054571e-15	-9.235379132843772e-15
286	-8.883885909444047e-15	1.319035506813245e-14
287	1.336041913800899e-14	1.523387977906138e-14
288	2.878170087973564e-15	-2.482679471589086e-15
289	-1.130214962546711e-14	4.747752142335454e-15
290	-4.610248346514888e-15	-9.271154061711543e-15
291	3.627917094363133e-15	-9.740172799917288e-15
292	-5.098058640477590e-15	-1.516749563300577e-14
293	-8.317480472281869e-15	-1.131257531287233e-14
294	-5.346944793076595e-15	-1.819819139374859e-14
295	-5.944721135898040e-15	-1.845411865843089e-15
296	4.211112679262343e-15	8.420713876888929e-15
297	-2.286100668114501e-15	-6.198997895774440e-15
298	-5.278790328329899e-15	5.069659587925501e-16
299	8.327070785624390e-15	6.105816756381300e-15
300	-1.844122741731897e-01	2.645478293454755e-15
301	-7.562630537818621e-15	8.635221582016928e-15
302	-8.465788871365547e-16	5.432108206709181e-15
303	-3.484175260541585e-15	-8.784129209648403e-16
304	-1.144835702034585e-15	-2.531938181614493e-14
305	2.985292595842808e-15	-8.584700382088616e-15
306	-3.063065919254803e-15	-6.785268093844744e-15
307	1.330069554546837e-15	3.625403052043445e-15
308	1.001996938518643e-14	-9.664031648351973e-15
309	-4.924025154173707e-17	-4.267879403045975e-15
310	-6.223840615530684e-15	-1.546552630369721e-14
311	-7.739043306771524e-15	-4.006183355987821e-15
312	-1.952736452572827e-15	-1.410116327951471e-14
313	-4.970615065954325e-15	1.194574584883503e-14
314	-7.005304773388806e-16	1.485741978353241e-14
315	-7.937658106325697e-15	-2.158983785534720e-14
316	5.932398930161964e-15	2.514381252048545e-14
317	6.270175839340968e-15	8.131800149166469e-15
318	-1.106705505513557e-14	-1.065618881664020e-14
319	7.359278347480453e-15	1.252055200092844e-14
320	-2.302407788255968e-01	-1.852889721195311e-15
321	2.357179771529554e-15	-9.329818971758335e-15
322	-4.669297669433790e-15	1.465348304406057e-14
323	-4.103050690203155e-16	3.602463939362517e-14
324	5.390737410191795e-15	1.139476807763721e-14
325	9.036086198906181e-16	2.415690079718481e-15
326	1.811222311305429e-15	-1.047322660023532e-14
327	1.742773839053966e-15	1.012789922833871e-14
328	-1.136382194013113e-14	3.810889239471838e-15
329	-3.539342325667311e-15	-1.698976883819125e-16
330	2.294127013134197e-15	-3.341475487941713e-14
331	-3.183285001339272e-15	-2.268581132533950e-14
332	-3.187215150417056e-15	-4.453959382381426e-15
333	3.309093139181992e-15	2.373276391643837e-14
334	4.711861635180753e-15	7.542824267128101e-15
335	-1.105556855935493e-14	4.208879548163838e-15
336	5.513435122711504e-15	1.468620764745149e-14
337	-5.355460450012682e-16	1.724910844233017e-14
338	-7.863800464122339e-15	-2.738702693204051e-15
339	-1.096330681457770e-14	-7.268120866992833e-15
340	-2.074834727068515e-01	7.182964044285285e-15
341	-3.391561563353001e-15	1.716554389301992e-15
342	5.220915162840172e-15	-5.010664022529491e-15
343	-2.632723042936228e-16	-1.017581880368926e-15
344	2.787399681457860e-15	3.776093469473748e-14
345	-1.009614071803906e-15	9.591817001390876e-15
346	-3.676540736938542e-15	-7.680925286391852e-15
347	7.665222070101003e-15	1.081460453724748e-14
348	-1.292026712563645e-14	-1.357542443090642e-14
349	-5.030336678092081e-15	1.033798995943271e-14
350	1.947271700881053e-15	-3.207348450946327e-14
351	-2.521717437372871e-15	-2.063576987131843e-14
352	-2.061817473125286e-15	-5.317858052918497e-15
353	1.188832198924241e-16	-6.343114607596758e-15
354	9.409060074489472e-15	3.497687398820638e-15
355	4.362885518589256e-15	9.120852516254294e-15
356	-2.005083767831657e-16	8.395787831888688e-15
357	-5.306308886714734e-15	-8.264963167206633e-15
358	3.655571126281967e-16	-2.294744479263688e-14
359	1.807003735511552e-15	-6.465199330833631e-15
360	-1.594008480844094e-01	1.791485299147954e-14
361	2.477553736882530e-15	4.400558566691749e-15
362	-1.322244238699074e-16	1.434265843501237e-14
363	4.845246288037108e-16	-4.148010958686053e-14
364	-1.790283343183061e-15	-4.775507017494540e-14
365	-5.761977839318957e-15	-8.781237600983684e-15
366	-1.240633648206888e-14	-5.859990829096751e-14
367	-4.126506084211383e-15	-1.971747235210721e-14
368	-4.114107184496611e-15	-4.822587486350887e-14
369	-1.329499274415655e-17	1.780292392701210e-16
370	1.150256371762558e-15	1.320565101594825e-14
371	2.198030982452717e-15	-4.083163004636241e-15
372	1.733279356766452e-15	1.881793983625222e-15
373	-2.534058901439918e-16	-1.219331249058685e-14
374	-3.643156030861940e-15	4.285157229830176e-15
375	-1.821673787500891e-15	-1.774003132804831e-14
376	-3.050156635091714e-15	-3.602874990182146e-14
377	-1.692688695036982e-15	7.830423410939818e-16
378	1.414688149306944e-14	-9.526098548934194e-15
379	-5.529578886925368e-15	1.262057174431397e-15
380	-8.783064299194944e-02	1.470588235294104e+00
381	7.146794567390550e-16	2.941176470588186e+00
382	-3.961400693325094e-15	4.411764705882318e+00
383	-4.678005563486738e-15	5.882352941176442e+00
384	1.337619464952349e-15	5.882352941176504e+00
385	-2.911086836677744e-16	5.882352941176451e+00
386	-5.746221585551400e-16	5.882352941176435e+00
387	1.230261274818423e-16	5.882352941176488e+00
388	7.996169944555813e-15	5.882352941176480e+00
389	6.773182243398678e-15	5.882352941176495e+00
390	-3.458215042782935e-15	5.882352941176484e+00
391	6.534346111921198e-15	5.882352941176512e+00
392	1.270819135362446e-14	5.882352941176464e+00
393	6.899697847080429e-15	5.882352941176451e+00
394	-1.352286072016194e-14	5.882352941176432e+00
395	1.275814063382037e-15	5.882352941176498e+00
396	-6.420400046189753e-15	5.882352941176507e+00
397	1.246542207594161e-15	4.411764705882366e+00
398	3.043900352110132e-15	2.941176470588209e+00
399	-1.607087977506614e-14	1.470588235294096e+00
400	-1.507059314018768e-12	-4.320790934140199e-01
401	1.537641336413894e-12	-8.213462016044231e-01
402	2.466118813715857e-12	-1.147364895611730e+00
403	3.480712274555121e-12	-1.402472041460416e+00
404	3.509924427161087e-12	-1.272474419731999e+00
405	3.244730047130254e-12	-1.169655395543613e+00
406	2.819336961736822e-12	-1.087314766950512e+00
407	2.323025687431970e-12	-1.020574533167312e+00
408	1.783911966098987e-12	-9.659219703012903e-01
409	1.231400639158154e-12	-9.207585221273584e-01
410	6.947096632916512e-13	-8.831334962402676e-01
411	2.029222769691529e-13	-8.515752940796041e-01
412	-2.174510728696317e-13	-8.249065189388889e-01
413	-5.390420161827887e-13	-8.021639885793775e-01
414	-7.083470876319784e-13	-7.824007688192135e-01
415	-7.038213520607449e-13	-7.645972752617591e-01
416	-6.316702153623628e-13	-7.470007272805163e-01
417	-4.252832157062306e-13	-5.482479234648664e-01
418	-2.588613193055614e-13	-3.577244045505543e-01
419	1.155278901434718e-01	-1.677171463014802e-01
420	-4.484055639256695e-12	2.117941874089672e-12
421	-6.925577377571368e-13	8.072734848124095e-14
422	-9.511580621181526e-13	4.889144360908044e-14
423	-1.151909795749327e-12	-9.327553830273116e-14
424	-1.140577399437219e-12	-2.911960757374311e-13
425	-1.361073088667637e-12	-3.851359215709944e-13
426	-1.606772674497960e-12	-3.518739136480892e-13
427	-1.769703745666319e-12	-2.093774090888418e-13
428	-1.838884378590891e-12	2.191780162290808e-14
429	-1.812746412711492e-12	3.229515136698119e-13
430	-1.682947336556827e-12	6.677970245167003e-13
431	-1.449214610609326e-12	1.030461488177205e-12
432	-1.115372446646546e-12	1.377970571811867e-12
433	-6.737407184359045e-13	1.672361565589673e-12
434	-9.809328832831306e-14	1.844024953658040e-12
435	6.077372965129111e-13	1.778183863134183e-12
436	1.276009209664989e-12	1.484319406568935e-12
437	1.301202401329674e-12	8.477267514318531e-13
438	1.014611545584328e-12	4.015800192295977e-13
439	2.340148482303443e-01	5.497930463124583e-02
440	-6.126832252821850e-12	2.546218919254482e-12
441	-1.054890899595084e-12	4.946750448597693e-15
442	-1.484592045592792e-12	-1.142030696869065e-13
443	-1.839118486736839e-12	-4.140319956715217e-13
444	-1.787951718208731e-12	-7.279975503612157e-13
445	-1.977219405580387e-12	-8.506382419934417e-13
446	-2.186981620132810e-12	-7.625123437133016e-13
447	-2.288466623759790e-12	-5.283126435499466e-13
448	-2.262712928016969e-12	-1.711883291424022e-13
449	-2.120999640406232e-12	2.759174973032717e-13
450	-1.854097813983907e-12	7.783371550859079e-13
451	-1.468469916551026e-12	1.299863543113520e-12
452	-9.761792686926945e-13	1.797697789048715e-12
453	-3.760355578057516e-13	2.224301409516223e-12
454	3.338180233592258e-13	2.478491981870226e-12
455	1.115028710124517e-12	2.343025441534790e-12
456	1.821004283862160e-12	1.842617842186414e-12
457	1.720262186752649e-12	9.594453741568215e-13
458	1.295672353616630e-12	3.878929475602421e-13
459	3.396107998638014e-01	1.995771996752788e-01
460	-7.503993112511916e-12	2.517454837245641e-12
461	-1.380944312710333e-12	-1.910433666836750e-13
462	-1.975011614960471e-12	-4.634337246276151e-13
463	-2.473638491893070e-12	-9.879857689380320e-13
464	-2.336918558787445e-12	-1.442923697485476e-12
465	-2.355511768838251e-12	-1.636826622499239e-12
466	-2.394181708758057e-12	-1.521195800690422e-12
467	-2.304039792527373e-12	-1.232886518519327e-12
468	-2.085621899849950e-12	-8.166128566555127e-13
469	-1.755455281185802e-12	-3.112437840531961e-13
470	-1.312149689847447e-12	2.428882023701024e-13
471	-7.721324123000635e-13	8.030358954610768e-13
472	-1.585585087280552e-13	1.325981197920601e-12
473	5.204346636635946e-13	1.773019701042705e-12
474	1.239463187753139e-12	2.051894336155477e-12
475	1.905917384319317e-12	1.879265748594971e-12
476	2.405585552143239e-12	1.190546817933111e-12
477	2.026452902432786e-12	3.315085372564495e-13
478	1.436876553866415e-12	-9.979198860560106e-14
479	4.143766237558397e-01	4.893567674463168e-01
480	-7.216094326999213e-12	1.760611916296476e-12
481	-1.264783441975299e-12	-4.247200162075906e-13
482	-1.827979783256842e-12	-8.233320819300047e-13
483	-2.297886197082413e-12	-1.471158686514109e-12
484	-2.089814472854487e-12	-1.961188809983114e-12
485	-1.881069579367396e-12	-2.273791639971810e-12
486	-1.657355224519542e-12	-2.270650539135627e-12
487	-1.360627531338499e-12	-2.099614672934894e-12
488	-9.609002769874689e-13	-1.853699706139643e-12
489	-4.971761465322439e-13	-1.571517220458388e-12
490	1.904161746990550e-14	-1.280892010959890e-12
491	5.705681084805200e-13	-1.012633787652384e-12
492	1.134079872090609e-12	-7.817537680566053e-13
493	1.700273009623161e-12	-6.025848920860844e-13
494	2.241830527206400e-12	-4.934579883485494e-13
495	2.681583999524055e-12	-5.878666042943058e-13
496	2.867443239851271e-12	-1.088839691420733e-12
497	2.142302793716145e-12	-1.261875095514371e-12
498	1.398609272270306e-12	-1.085394797310458e-12
499	3.438881563888731e-01	7.534097329125372e-01
500	-7.295666152597797e-12	1.269141156367303e-12
501	-1.052553744541682e-12	-6.251235341428181e-13
502	-1.535419602435330e-12	-1.127975848777420e-12
503	-1.913867423725220e-12	-1.874396900020994e-12
504	-1.683151327957316e-12	-2.369152835294003e-12
505	-1.358253684473425e-12	-2.817295663047964e-12
506	-9.680469217196735e-13	-3.039418753027473e-12
507	-5.150489546275861e-13	-3.070271080424474e-12
508	-1.883670788890638e-14	-3.041009150772127e-12
509	4.982475861524356e-13	-2.995611841305441e-12
510	1.015286462086451e-12	-2.929628924898420e-12
511	1.516596240121670e-12	-2.848725074758622e-12
512	1.991115885187857e-12	-2.734507477284632e-12
513	2.438977088241343e-12	-2.578586278144811e-12
514	2.856769836014423e-12	-2.364114293458293e-12
515	3.229641030471981e-12	-2.105780414275199e-12
516	3.433562059274712e-12	-1.937138843362602e-12
517	2.530015414648844e-12	-1.463408311394950e-12
518	1.594966170578318e-12	-1.017973406964124e-12
519	2.463453423732190e-01	9.446061583119201e-01
520	-7.451301165773359e-12	8.873521440785834e-13
521	-8.069765611300991e-13	-7.567787772221545e-13
522	-1.162980356647051e-12	-1.327019819533278e-12
523	-1.436428017947212e-12	-2.134571249028829e-12
524	-1.233072271493416e-12	-2.611552017147269e-12
525	-9.400263040740239e-13	-3.051776376208873e-12
526	-5.765266590360785e-13	-3.361897974916135e-12
527	-1.734558928020868e-13	-3.445164096779200e-12
528	2.449308643295328e-13	-3.351621670911944e-12
529	6.467903523098333e-13	-3.170549655025535e-12
530	1.032059511101745e-12	-2.925959979150141e-12
531	1.397736490915979e-12	-2.624832631071273e-12
532	1.759716598196772e-12	-2.269451756669962e-12
533	2.117260252279214e-12	-1.866249273310622e-12
534	2.482919375602359e-12	-1.409777158752625e-12
535	2.862073805388415e-12	-8.985123135116226e-13
536	3.237850412501239e-12	-3.402146970055481e-13
537	2.599376280461711e-12	6.725083097812942e-14
538	1.760472853845106e-12	1.813523565158761e-13
539	1.195783015281373e-01	1.064625847800072e+00
540	-7.339229843174600e-12	5.610869882680035e-13
541	-5.765148999081449e-13	-7.338419101333292e-13
542	-8.617855621595186e-13	-1.269020191155561e-12
543	-1.118279350725342e-12	-1.973295054600786e-12
544	-1.051205553675828e-12	-2.234212763175577e-12
545	-9.445864048987026e-13	-2.383400507794902e-12
546	-8.053165598691122e-13	-2.417406498199139e-12
547	-6.372228724005308e-13	-2.330962525116748e-12
548	-4.165946603049585e-13	-2.089714741015139e-12
549	-1.513650662507826e-13	-1.738179158725879e-12
550	1.362103736282111e-13	-1.336537873459536e-12
551	4.335400630524822e-13	-9.116244756878991e-13
552	7.441906059144426e-13	-4.621214985359074e-13
553	1.069139383006883e-12	1.311460915194241e-14
554	1.417017803844927e-12	5.171237289168697e-13
555	1.797823224822908e-12	1.059171101025753e-12
556	2.223291934460600e-12	1.651728059539948e-12
557	1.948644713793069e-12	1.620649960968284e-12
558	1.446661390381670e-12	1.281443169095214e-12
559	-4.103711381893631e-02	1.208927769423966e+00
560	-6.686462042432651e-12	3.990623696231312e-13
561	-4.941339887946349e-13	-4.283164512106381e-13
562	-8.119184705314588e-13	-7.362604351848141e-13
563	-1.173895317999648e-12	-1.085116238488518e-12
564	-1.248360678740472e-12	-1.104466873564773e-12
565	-1.286780432725920e-12	-1.029943633911020e-12
566	-1.289476418775990e-12	-8.780322851653487e-13
567	-1.275948576450880e-12	-6.637219445480775e-13
568	-1.239080038605682e-12	-3.856192900974325e-13
569	-1.167533581217732e-12	-2.380774056885460e-14
570	-1.036948112332988e-12	4.084450190909173e-13
571	-8.512320235870965e-13	8.935768107879923e-13
572	-6.261016589128118e-13	1.407653235221946e-12
573	-3.797219720380228e-13	1.935595157317363e-12
574	-1.050313219408086e-13	2.455904717802958e-12
575	2.220544263810358e-13	2.954845380426308e-12
576	6.352402297328740e-13	3.424834795558957e-12
577	7.836709375981430e-13	2.844874472420757e-12
578	7.046805191997333e-13	2.037276037030218e-12
579	-2.085437029246872e-01	1.434170791632240e+00
580	-5.420212117488558e-12	5.953617318676220e-13
581	-5.404013080672352e-13	6.121963601954482e-14
582	-9.051755911856348e-13	2.606672905785308e-14
583	-1.344094589329703e-12	1.166341736723122e-14
584	-1.469623378170631e-12	7.237800421980595e-14
585	-1.558954814141761e-12	2.153376634194436e-13
586	-1.622818927710872e-12	4.568297850452366e-13
587	-1.672135888372491e-12	7.657333368394483e-13
588	-1.727244297338384e-12	1.134979640912449e-12
589	-1.800937895358442e-12	1.546375503543450e-12
590	-1.885780756834381e-12	1.994461673208975e-12
591	-1.939972245130482e-12	2.466321413828723e-12
592	-1.926191154087352e-12	2.899314061255170e-12
593	-1.819163229195529e-12	3.218168868880279e-12
594	-1.598042077939562e-12	3.396197541582552e-12
595	-1.244700538350584e-12	3.480285376271846e-12
596	-7.412533187434589e-13	3.561602101855058e-12
597	-1.734609301494171e-13	2.759638973007859e-12
598	1.084735290787342e-13	1.909961361367932e-12
599	-3.507493983669346e-01	1.587219615550464e+00
600	-3.762520914498266e-12	1.288557243351835e-12
601	-5.815720608565717e-13	5.056429587381166e-13
602	-9.749401122365502e-13	7.134443397140441e-13
603	-1.443025039970070e-12	9.381686517769131e-13
604	-1.578848300547044e-12	9.956408805135866e-13
605	-1.670502984816110e-12	1.162731241113538e-12
606	-1.727674223961728e-12	1.420983046014803e-12
607	-1.769377031941767e-12	1.766494894761310e-12
608	-1.812596003375560e-12	2.176292176540703e-12
609	-1.872806833376034e-12	2.617254199669320e-12
610	-1.973128301093268e-12	2.972758499477600e-12
611	-2.104661574269359e-12	3.109633207076748e-12
612	-2.234644907958593e-12	2.966372989109428e-12
613	-2.294460865319444e-12	2.633531456156992e-12
614	-2.223212913819858e-12	2.257319115480783e-12
615	-1.978338547117716e-12	1.956883547848495e-12
616	-1.538779640247903e-12	1.814632545965625e-12
617	-7.913509364544498e-13	1.372448992330151e-12
618	-3.071644844299646e-13	9.629928374886636e-13
619	-4.605673123933882e-01	1.525825020801492e+00
620	-2.041996229708640e-12	2.541067937139748e-12
621	-5.626486278013140e-13	8.941514428610309e-13
622	-9.601600297218961e-13	1.276684707973553e-12
623	-1.431993128543940e-12	1.645327146920870e-12
624	-1.555807724616687e-12	1.646628659912476e-12
625	-1.610881770853638e-12	1.752132285150460e-12
626	-1.608478965356502e-12	1.960061952728420e-12
627	-1.576692327334121e-12	2.239819647304426e-12
628	-1.537015425099301e-12	2.527653130544506e-12
629	-1.525119801185764e-12	2.681792115930253e-12
630	-1.553303673638220e-12	2.541889023690527e-12
631	-1.602617452519628e-12	2.174977567259553e-12
632	-1.660309883466080e-12	1.687238069984073e-12
633	-1.715629046540799e-12	1.168397095181999e-12
634	-1.747453682048430e-12	6.608145061394016e-13
635	-1.718305268844109e-12	2.083190308810925e-13
636	-1.577203352073586e-12	-1.395984772399411e-13
637	-1.019260868853635e-12	-2.364112670838696e-13
638	-5.592443990910182e-13	-1.879509187225655e-13
639	-5.438391939148448e-01	1.295951997216410e+00
640	-6.611453327563131e-13	4.225113410531442e-12
641	-3.482035414347735e-13	1.205362529001918e-12
642	-6.403146263471803e-13	1.715150457641215e-12
643	-1.044710117933126e-12	2.148677918352995e-12
644	-1.220900618429797e-12	2.024166110971550e-12
645	-1.289174545547435e-12	1.981959272655690e-12
646	-1.250892723385673e-12	2.022513573519648e-12
647	-1.168075217605901e-12	2.085790489635155e-12
648	-1.112481414028545e-12	2.006429183920302e-12
649	-1.087259194287039e-12	1.761413567862977e-12
650	-1.085315998961168e-12	1.378095593776490e-12
651	-1.086346100068941e-12	9.602056136652627e-13
652	-1.090986213106884e-12	5.278316210985202e-13
653	-1.094733490269799e-12	8.805897005723207e-14
654	-1.091572978438545e-12	-3.374950327479291e-13
655	-1.075339964632946e-12	-7.360722422910077e-13
656	-1.034081348328514e-12	-1.082741270980281e-12
657	-7.283913150806067e-13	-9.727647042172324e-13
658	-4.478706668938515e-13	-6.975955993568183e-13
659	-5.840016128201916e-01	1.111464028073318e+00
660	-5.236640143638464e-14	6.106043897034118e-12
661	3.560066342022909e-14	1.375049825636490e-12
662	5.235933437591130e-14	1.966222914667910e-12
663	2.703600850633159e-14	2.436901200674748e-12
664	-5.416151034074387e-14	2.187482195084112e-12
665	-1.400253158173193e-13	1.933435044920417e-12
666	-2.242697442847875e-13	1.729314285896453e-12
667	-3.668954349927697e-13	1.503008795630160e-12
668	-5.276995996275107e-13	1.191644125782031e-12
669	-6.397414534007866e-13	8.603370784453808e-13
670	-7.029436500716346e-13	5.272746340091115e-13
671	-7.263195585014491e-13	2.002762319289724e-13
672	-7.227136854035947e-13	-1.194758268744872e-13
673	-7.045725769576348e-13	-4.253502388380068e-13
674	-6.742852408058419e-13	-7.047341903127658e-13
675	-6.370539025496221e-13	-9.459870365797208e-13
676	-5.689833141077420e-13	-1.085131859858557e-12
677	-3.311991136194233e-13	-7.347769216436800e-13
678	-1.331832830597703e-13	-3.212713781328689e-13
679	-5.522980629796425e-01	1.087187278190154e+00
680	-2.631813027456245e-13	7.899428353454482e-12
681	4.623147649137863e-13	1.354173019664719e-12
682	8.609474572757773e-13	1.935530960440353e-12
683	1.398209483109314e-12	2.366872312671135e-12
684	1.643139936590955e-12	2.055021588920083e-12
685	1.752514633708868e-12	1.711089020236756e-12
686	1.629440115416626e-12	1.436704748518432e-12
687	1.295695458354569e-12	1.172023614422565e-12
688	8.815555916449661e-13	8.415251531612423e-13
689	4.774232260809724e-13	5.202889407142795e-13
690	1.178918347200013e-13	1.966491573313885e-13
691	-1.595831031497852e-13	-1.084267775594139e-13
692	-3.405496700031090e-13	-3.886475152749589e-13
693	-4.213196593204654e-13	-6.120841169926771e-13
694	-4.119085457675042e-13	-7.938193010944593e-13
695	-2.929936332044022e-13	-8.750286121256993e-13
696	7.600330349552751e-14	-5.870853403882201e-13
697	4.699150867181343e-13	7.885732747637842e-14
698	5.836926200028866e-13	4.489822740761916e-13
699	-4.522570807950196e-01	1.100086358351685e+00
700	-9.976524529836050e-13	9.330281656543859e-12
701	8.897916987471079e-13	1.104739956574056e-12
702	1.671137741331423e-12	1.571127273368366e-12
703	2.767857492511690e-12	1.904266673849252e-12
704	3.320510551501107e-12	1.651365810764924e-12
705	3.595748211817917e-12	1.444793224838616e-12
706	3.501322455055747e-12	1.374529005676024e-12
707	3.162951571506448e-12	1.264414815772660e-12
708	2.668576605122072e-12	1.060920646081239e-12
709	2.075992912357023e-12	8.137607599441872e-13
710	1.429884062912384e-12	5.087230692656484e-13
711	7.847950048539265e-13	1.713951637253533e-13
712	1.965404665992997e-13	-1.617900225937295e-13
713	-2.908782146027132e-13	-4.826461630707449e-13
714	-6.247499556331425e-13	-7.586143707312293e-13
715	-6.297613468551707e-13	-8.134067724620043e-13
716	-5.115293056346323e-14	-3.188855331952732e-13
717	5.557791631765968e-13	3.058844774924891e-13
718	7.297634270870561e-13	5.328211762317507e-13
719	-3.306679530870012e-01	1.023807933210264e+00
720	-1.807308120478095e-12	1.033182520601992e-11
721	1.260097529768330e-12	6.277565242805416e-13
722	2.390086470217836e-12	8.856099404779325e-13
723	3.988603045018754e-12	1.157948955725073e-12
724	4.787533333666689e-12	1.124027902241981e-12
725	5.181473801452648e-12	1.268714827590960e-12
726	5.174245900866803e-12	1.522258269156931e-12
727	4.885705935407742e-12	1.680279441604987e-12
728	4.360577911258312e-12	1.696597903390809e-12
729	3.649520147047893e-12	1.614738359907144e-12
730	2.792974511548636e-12	1.420069526159474e-12
731	1.844408505067805e-12	1.124633602517740e-12
732	8.639866044715105e-13	7.497087783778726e-13
733	-8.908893224710359e-14	3.004593002952454e-13
734	-9.070402403251234e-13	-1.592701803269936e-13
735	-1.294011439667884e-12	-3.709832074692922e-13
736	-1.144453113303026e-12	-1.902811490622394e-13
737	-5.899085291662755e-13	1.007076923998611e-13
738	-2.009457136993224e-13	2.309524397791440e-13
739	-2.247883948612754e-01	8.839376838215928e-01
740	-1.685109910348670e-12	8.202663938358573e-12
741	1.124280555367545e-12	5.392051619746354e-14
742	2.152126875565547e-12	1.136264993721148e-13
743	3.614521498285504e-12	2.649928820878733e-13
744	4.345023657285230e-12	4.781423680497304e-13
745	4.737868545996343e-12	8.658553255806261e-13
746	4.825857637061424e-12	1.285555611026378e-12
747	4.670493248697320e-12	1.610030055747927e-12
748	4.291866976738457e-12	1.809415976146532e-12
749	3.722460409419933e-12	1.908001515066936e-12
750	2.997372548392671e-12	1.883334745717096e-12
751	2.152864057631469e-12	1.730322121785409e-12
752	1.234762447333486e-12	1.465819431350332e-12
753	2.946246102937397e-13	1.081586113795065e-12
754	-5.637813036686278e-13	6.326867281501763e-13
755	-1.140191924392347e-12	3.054891584913180e-13
756	-1.441698375071176e-12	1.670071286742471e-13
757	-1.164302113769634e-12	1.213761665002530e-13
758	-7.814540776084587e-13	1.116223134972963e-13
759	-1.108744289948291e-01	6.002222847604800e-01
760	-1.163658636418602e-12	5.666007275814089e-12
761	8.093501605581556e-13	-2.204751933000858e-13
762	1.567482293942619e-12	-2.712470622362344e-13
763	2.649036008185234e-12	-1.879509973609719e-13
764	3.199507016145123e-12	1.030190052799935e-13
765	3.525422838240476e-12	5.087599775212521e-13
766	3.648950940766737e-12	9.224190511568968e-13
767	3.595614806031395e-12	1.262783246620243e-12
768	3.372550508844027e-12	1.513889245797901e-12
769	2.999793256598683e-12	1.674754710383638e-12
770	2.502690129328583e-12	1.745616431314793e-12
771	1.901477404630810e-12	1.709486368484368e-12
772	1.231103342471775e-12	1.565114598122447e-12
773	5.280346601609428e-13	1.307552522420187e-12
774	-1.473306133479529e-13	9.654777581572929e-13
775	-6.969295180580859e-13	6.584488315335568e-13
776	-1.125409389821536e-12	4.424015915306438e-13
777	-1.050672095441636e-12	2.505781057638139e-13
778	-7.841002153119447e-13	1.479852481875432e-13
779	-4.449805537822436e-02	3.906059460496947e-01
780	1.449495199137720e-01	2.396460529963307e-12
781	2.593465442575600e-01	-1.325770747603780e-12
782	3.298928607780711e-01	-2.106999132252776e-12
783	3.534921248497240e-01	-2.883403378949404e-12
784	2.687342015738388e-01	-2.799118560701019e-12
785	2.048972895802358e-01	-2.539655010970573e-12
786	1.563283758911604e-01	-2.186289240670310e-12
787	1.188950998172831e-01	-1.778325400959105e-12
788	8.972346025854561e-02	-1.340967570877732e-12
789	6.673021215392604e-02	-8.994080705188393e-13
790	4.840050075602689e-02	-4.619228664121109e-13
791	3.369425629715954e-02	-5.258539039249313e-14
792	2.185271280116693e-02	3.106016347931892e-13
793	1.248044449998258e-02	6.149413710238900e-13
794	5.295280489118573e-03	8.516970176716212e-13
795	4.392818657894794e-04	1.069920920994405e-12
796	-1.873872386663228e-03	1.298002883032321e-12
797	-1.891376439643957e-03	1.117313527262227e-12
798	-2.093397617883577e-03	8.191652651340364e-13
799	-1.851317124705755e-02	2.134676654094817e-01
