*これはフォーマット説明のためのファイルです、解析には使えません
1000    0.3     #ヤング率[MPa]   ポアソン比[-]  

10   #1つのinputデータ内の合計パッチ数

87   #合計コントロールポイント数

2   2   #各パッチ内での各方向の次数　xi方向 eta方向
2   2
2   2
2   2
2   2
2   2
2   2
2   2
2   2
2   2

7   6   #各パッチ内での各方向のノット数
7   6
7   6
7   6
7   6
7   6
6   7
6   7
7   7
7   7

4   3   #各パッチ内での各方向のコントロールポイント数
4   3
4   3
4   3
4   3
4   3
3   4
3   4
4   4
4   4

0   1   2   3   4   5   6   7   8   9   10  11      #各パッチを構成するコントロールポイント番号(パッチコネクティビティ)
8   9   10  11  12  13  14  15  16  17  18  19
16  17  18  19  20  21  22  23  24  25  26  27
24  25  26  27  28  29  30  31  32  33  34  35
3   36  37  38  7   39  40  41  11  42  43  44
45  46  47  35  48  49  50  31  51  52  53  27
27  23  19  54  55  56  57  58  59  60  61  62
19  15  11  56  63  64  59  65  66  62  67  68
51  52  53  27  69  70  71  54  72  73  74  57  75  76  77  60
11  42  43  44  64  78  79  80  66  81  82  83  68  84  85  86

2   1   1   #変位拘束するコントロールポイントの数   荷重条件を与えるコントロールポイントの数    分布荷重の数

0   0   0   0.5 1   1   1   #各パッチ各方向のノットベクトル xi方向
0   0   0   1   1   1       eta方向
0   0   0   0.5 1   1   1
0   0   0   1   1   1
0   0   0   0.5 1   1   1
0   0   0   1   1   1
0   0   0   0.5 1   1   1
0   0   0   1   1   1
0   0   0   0.5 1   1   1
0   0   0   1   1   1
0   0   0   0.5 1   1   1
0   0   0   1   1   1
0   0   0   1   1   1
0   0   0   0.5 1   1   1
0   0   0   1   1   1
0   0   0   0.5 1   1   1
0   0   0   0.5 1   1   1
0   0   0   0.5 1   1   1
0   0   0   0.5 1   1   1
0   0   0   0.5 1   1   1

0	1	0	1   #コントロールポイント番号   x座標   y座標   重み
1	1	0	1
2	1.1	0	1
3	1.2	0	1
4	1	0	1
5	1	0	1
6	1.1	0.05	1
7	1.2	0.1	1
8	1	0	1
9	1	0	1
10	1.1	0.1	1
11	1.2	0.2	1
12	1	0	1
13	1	0	1
14	1.05	0.1	1
15	1.1	0.2	1
16	1	0	1
17	1	0	1
18	1	0.1	1
19	1	0.2	1
20	1	0	1
21	1	0	1
22	0.95	0.1	1
23	0.9	0.2	1
24	1	0	1
25	1	0	1
26	0.9	0.1	1
27	0.8	0.2	1
28	1	0	1
29	1	0	1
30	0.9	0.05	1
31	0.8	0.1	1
32	1	0	1
33	1	0	1
34	0.9	0	1
35	0.8	0	1
36  1.4 0   1
37  1.8 0   1
38  2   0   1
39  1.4 0.1 1
40  1.8 0.1 1
41  2   0.1 1
42  1.4 0.2 1
43  1.8 0.2 1
44  2   0.2 1
45  0   0   1
46  0.2 0   1
47  0.6 0   1
48  0   0.1 1
49  0.2 0.1 1
50  0.6 0.1 1
51  0   0.2 1
52  0.2 0.2 1
53  0.6 0.2 1
54  0.8 0.4 1
55  0.9 0.4 1
56  1   0.4 1
57  0.8 0.8 1
58  0.9 0.8 1
59  1   0.8 1
60  0.8 1   1
61  0.9 1   1
62  1   1   1
63  1.1 0.4 1
64  1.2 0.4 1
65  1.1 0.8 1
66  1.2 0.8 1
67  1.1 1   1
68  1.2 1   1
69  0   0.4 1
70  0.2 0.4 1
71  0.6 0.4 1
72  0   0.8 1
73  0.2 0.8 1
74  0.6 0.8 1
75  0   1   1
76  0.2 1   1
77  0.6 1   1
78  1.4 0.4 1
79  1.8 0.4 1
80  2   0.4 1
81  1.4 0.8 1
82  1.8 0.8 1
83  2   0.8 1
84  1.4 1   1
85  1.8 1   1
86  2   1   1

38  0   0   #拘束するコントロールポイント番号   拘束する方向(0:x方向 1:y方向)   変位量
38  1   0

86  1   10  #コントロールポイント番号   荷重の方向(0:x方向 1:y方向) 　荷重の大きさ[N]

2   0   0   1   0   1   -10 0   0   
 	   #type_load: Direction of distributed load: 0-x direction, 1-y direction, 2-normal to the segemet/surface
		iPatch: Patch number to which the distributed load is assigned., 0, 1, ...
		iCoord: 0: Distributed load is applied to line along Xi axis.
                1: Distributed load is applied to line along Eta axis
		val_Coord: その時のもう片方の座標
		Range_Coord[0]: Local coordinate value at which the distributed load starts.
		Range_Coord[1]: Local coordinate value at which the distributed load ends.
		Coeff_Dist_Load[0], &Coeff_Dist_Load[1], &Coeff_Dist_Load[2]: The coefficients of distributed load value:
			Coeff_Dist_Load[0]*Xi + Coeff_Dist_Load[1]*Xi + Coeff_Dist_Load[2]*Xi^2
		or
			Coeff_Dist_Load[0]*Xi + Coeff_Dist_Load[1]*Eta + Coeff_Dist_Load[2]*Eta^2