206000.000	0.300000

2

1800

3	3
3	3

34	34
34	34

30	30
30	30

0	1	2	3	4	5	6	7	8	9	10	11	12	13	14	15	16	17	18	19	20	21	22	23	24	25	26	27	28	29	30	31	32	33	34	35	36	37	38	39	40	41	42	43	44	45	46	47	48	49	50	51	52	53	54	55	56	57	58	59	60	61	62	63	64	65	66	67	68	69	70	71	72	73	74	75	76	77	78	79	80	81	82	83	84	85	86	87	88	89	90	91	92	93	94	95	96	97	98	99	100	101	102	103	104	105	106	107	108	109	110	111	112	113	114	115	116	117	118	119	120	121	122	123	124	125	126	127	128	129	130	131	132	133	134	135	136	137	138	139	140	141	142	143	144	145	146	147	148	149	150	151	152	153	154	155	156	157	158	159	160	161	162	163	164	165	166	167	168	169	170	171	172	173	174	175	176	177	178	179	180	181	182	183	184	185	186	187	188	189	190	191	192	193	194	195	196	197	198	199	200	201	202	203	204	205	206	207	208	209	210	211	212	213	214	215	216	217	218	219	220	221	222	223	224	225	226	227	228	229	230	231	232	233	234	235	236	237	238	239	240	241	242	243	244	245	246	247	248	249	250	251	252	253	254	255	256	257	258	259	260	261	262	263	264	265	266	267	268	269	270	271	272	273	274	275	276	277	278	279	280	281	282	283	284	285	286	287	288	289	290	291	292	293	294	295	296	297	298	299	300	301	302	303	304	305	306	307	308	309	310	311	312	313	314	315	316	317	318	319	320	321	322	323	324	325	326	327	328	329	330	331	332	333	334	335	336	337	338	339	340	341	342	343	344	345	346	347	348	349	350	351	352	353	354	355	356	357	358	359	360	361	362	363	364	365	366	367	368	369	370	371	372	373	374	375	376	377	378	379	380	381	382	383	384	385	386	387	388	389	390	391	392	393	394	395	396	397	398	399	400	401	402	403	404	405	406	407	408	409	410	411	412	413	414	415	416	417	418	419	420	421	422	423	424	425	426	427	428	429	430	431	432	433	434	435	436	437	438	439	440	441	442	443	444	445	446	447	448	449	450	451	452	453	454	455	456	457	458	459	460	461	462	463	464	465	466	467	468	469	470	471	472	473	474	475	476	477	478	479	480	481	482	483	484	485	486	487	488	489	490	491	492	493	494	495	496	497	498	499	500	501	502	503	504	505	506	507	508	509	510	511	512	513	514	515	516	517	518	519	520	521	522	523	524	525	526	527	528	529	530	531	532	533	534	535	536	537	538	539	540	541	542	543	544	545	546	547	548	549	550	551	552	553	554	555	556	557	558	559	560	561	562	563	564	565	566	567	568	569	570	571	572	573	574	575	576	577	578	579	580	581	582	583	584	585	586	587	588	589	590	591	592	593	594	595	596	597	598	599	600	601	602	603	604	605	606	607	608	609	610	611	612	613	614	615	616	617	618	619	620	621	622	623	624	625	626	627	628	629	630	631	632	633	634	635	636	637	638	639	640	641	642	643	644	645	646	647	648	649	650	651	652	653	654	655	656	657	658	659	660	661	662	663	664	665	666	667	668	669	670	671	672	673	674	675	676	677	678	679	680	681	682	683	684	685	686	687	688	689	690	691	692	693	694	695	696	697	698	699	700	701	702	703	704	705	706	707	708	709	710	711	712	713	714	715	716	717	718	719	720	721	722	723	724	725	726	727	728	729	730	731	732	733	734	735	736	737	738	739	740	741	742	743	744	745	746	747	748	749	750	751	752	753	754	755	756	757	758	759	760	761	762	763	764	765	766	767	768	769	770	771	772	773	774	775	776	777	778	779	780	781	782	783	784	785	786	787	788	789	790	791	792	793	794	795	796	797	798	799	800	801	802	803	804	805	806	807	808	809	810	811	812	813	814	815	816	817	818	819	820	821	822	823	824	825	826	827	828	829	830	831	832	833	834	835	836	837	838	839	840	841	842	843	844	845	846	847	848	849	850	851	852	853	854	855	856	857	858	859	860	861	862	863	864	865	866	867	868	869	870	871	872	873	874	875	876	877	878	879	880	881	882	883	884	885	886	887	888	889	890	891	892	893	894	895	896	897	898	899	
900	901	902	903	904	905	906	907	908	909	910	911	912	913	914	915	916	917	918	919	920	921	922	923	924	925	926	927	928	929	930	931	932	933	934	935	936	937	938	939	940	941	942	943	944	945	946	947	948	949	950	951	952	953	954	955	956	957	958	959	960	961	962	963	964	965	966	967	968	969	970	971	972	973	974	975	976	977	978	979	980	981	982	983	984	985	986	987	988	989	990	991	992	993	994	995	996	997	998	999	1000	1001	1002	1003	1004	1005	1006	1007	1008	1009	1010	1011	1012	1013	1014	1015	1016	1017	1018	1019	1020	1021	1022	1023	1024	1025	1026	1027	1028	1029	1030	1031	1032	1033	1034	1035	1036	1037	1038	1039	1040	1041	1042	1043	1044	1045	1046	1047	1048	1049	1050	1051	1052	1053	1054	1055	1056	1057	1058	1059	1060	1061	1062	1063	1064	1065	1066	1067	1068	1069	1070	1071	1072	1073	1074	1075	1076	1077	1078	1079	1080	1081	1082	1083	1084	1085	1086	1087	1088	1089	1090	1091	1092	1093	1094	1095	1096	1097	1098	1099	1100	1101	1102	1103	1104	1105	1106	1107	1108	1109	1110	1111	1112	1113	1114	1115	1116	1117	1118	1119	1120	1121	1122	1123	1124	1125	1126	1127	1128	1129	1130	1131	1132	1133	1134	1135	1136	1137	1138	1139	1140	1141	1142	1143	1144	1145	1146	1147	1148	1149	1150	1151	1152	1153	1154	1155	1156	1157	1158	1159	1160	1161	1162	1163	1164	1165	1166	1167	1168	1169	1170	1171	1172	1173	1174	1175	1176	1177	1178	1179	1180	1181	1182	1183	1184	1185	1186	1187	1188	1189	1190	1191	1192	1193	1194	1195	1196	1197	1198	1199	1200	1201	1202	1203	1204	1205	1206	1207	1208	1209	1210	1211	1212	1213	1214	1215	1216	1217	1218	1219	1220	1221	1222	1223	1224	1225	1226	1227	1228	1229	1230	1231	1232	1233	1234	1235	1236	1237	1238	1239	1240	1241	1242	1243	1244	1245	1246	1247	1248	1249	1250	1251	1252	1253	1254	1255	1256	1257	1258	1259	1260	1261	1262	1263	1264	1265	1266	1267	1268	1269	1270	1271	1272	1273	1274	1275	1276	1277	1278	1279	1280	1281	1282	1283	1284	1285	1286	1287	1288	1289	1290	1291	1292	1293	1294	1295	1296	1297	1298	1299	1300	1301	1302	1303	1304	1305	1306	1307	1308	1309	1310	1311	1312	1313	1314	1315	1316	1317	1318	1319	1320	1321	1322	1323	1324	1325	1326	1327	1328	1329	1330	1331	1332	1333	1334	1335	1336	1337	1338	1339	1340	1341	1342	1343	1344	1345	1346	1347	1348	1349	1350	1351	1352	1353	1354	1355	1356	1357	1358	1359	1360	1361	1362	1363	1364	1365	1366	1367	1368	1369	1370	1371	1372	1373	1374	1375	1376	1377	1378	1379	1380	1381	1382	1383	1384	1385	1386	1387	1388	1389	1390	1391	1392	1393	1394	1395	1396	1397	1398	1399	1400	1401	1402	1403	1404	1405	1406	1407	1408	1409	1410	1411	1412	1413	1414	1415	1416	1417	1418	1419	1420	1421	1422	1423	1424	1425	1426	1427	1428	1429	1430	1431	1432	1433	1434	1435	1436	1437	1438	1439	1440	1441	1442	1443	1444	1445	1446	1447	1448	1449	1450	1451	1452	1453	1454	1455	1456	1457	1458	1459	1460	1461	1462	1463	1464	1465	1466	1467	1468	1469	1470	1471	1472	1473	1474	1475	1476	1477	1478	1479	1480	1481	1482	1483	1484	1485	1486	1487	1488	1489	1490	1491	1492	1493	1494	1495	1496	1497	1498	1499	1500	1501	1502	1503	1504	1505	1506	1507	1508	1509	1510	1511	1512	1513	1514	1515	1516	1517	1518	1519	1520	1521	1522	1523	1524	1525	1526	1527	1528	1529	1530	1531	1532	1533	1534	1535	1536	1537	1538	1539	1540	1541	1542	1543	1544	1545	1546	1547	1548	1549	1550	1551	1552	1553	1554	1555	1556	1557	1558	1559	1560	1561	1562	1563	1564	1565	1566	1567	1568	1569	1570	1571	1572	1573	1574	1575	1576	1577	1578	1579	1580	1581	1582	1583	1584	1585	1586	1587	1588	1589	1590	1591	1592	1593	1594	1595	1596	1597	1598	1599	1600	1601	1602	1603	1604	1605	1606	1607	1608	1609	1610	1611	1612	1613	1614	1615	1616	1617	1618	1619	1620	1621	1622	1623	1624	1625	1626	1627	1628	1629	1630	1631	1632	1633	1634	1635	1636	1637	1638	1639	1640	1641	1642	1643	1644	1645	1646	1647	1648	1649	1650	1651	1652	1653	1654	1655	1656	1657	1658	1659	1660	1661	1662	1663	1664	1665	1666	1667	1668	1669	1670	1671	1672	1673	1674	1675	1676	1677	1678	1679	1680	1681	1682	1683	1684	1685	1686	1687	1688	1689	1690	1691	1692	1693	1694	1695	1696	1697	1698	1699	1700	1701	1702	1703	1704	1705	1706	1707	1708	1709	1710	1711	1712	1713	1714	1715	1716	1717	1718	1719	1720	1721	1722	1723	1724	1725	1726	1727	1728	1729	1730	1731	1732	1733	1734	1735	1736	1737	1738	1739	1740	1741	1742	1743	1744	1745	1746	1747	1748	1749	1750	1751	1752	1753	1754	1755	1756	1757	1758	1759	1760	1761	1762	1763	1764	1765	1766	1767	1768	1769	1770	1771	1772	1773	1774	1775	1776	1777	1778	1779	1780	1781	1782	1783	1784	1785	1786	1787	1788	1789	1790	1791	1792	1793	1794	1795	1796	1797	1798	1799	

178	0	1

0.00000	0.00000	0.00000	0.00000	0.03704	0.07407	0.11111	0.14815	0.18519	0.22222	0.25926	0.29630	0.33333	0.37037	0.40741	0.44444	0.48148	0.51852	0.55556	0.59259	0.62963	0.66667	0.70370	0.74074	0.77778	0.81481	0.85185	0.88889	0.92593	0.96296	1.00000	1.00000	1.00000	1.00000	
0.00000	0.00000	0.00000	0.00000	0.03704	0.07407	0.11111	0.14815	0.18519	0.22222	0.25926	0.29630	0.33333	0.37037	0.40741	0.44444	0.48148	0.51852	0.55556	0.59259	0.62963	0.66667	0.70370	0.74074	0.77778	0.81481	0.85185	0.88889	0.92593	0.96296	1.00000	1.00000	1.00000	1.00000	
0.00000	0.00000	0.00000	0.00000	0.03704	0.07407	0.11111	0.14815	0.18519	0.22222	0.25926	0.29630	0.33333	0.37037	0.40741	0.44444	0.48148	0.51852	0.55556	0.59259	0.62963	0.66667	0.70370	0.74074	0.77778	0.81481	0.85185	0.88889	0.92593	0.96296	1.00000	1.00000	1.00000	1.00000	
0.00000	0.00000	0.00000	0.00000	0.03704	0.07407	0.11111	0.14815	0.18519	0.22222	0.25926	0.29630	0.33333	0.37037	0.40741	0.44444	0.48148	0.51852	0.55556	0.59259	0.62963	0.66667	0.70370	0.74074	0.77778	0.81481	0.85185	0.88889	0.92593	0.96296	1.00000	1.00000	1.00000	1.00000	

0	0.0000000000	0.0000000000	1.0000000000	
1	0.1234567901	0.0000000000	1.0000000000	
2	0.3703703704	0.0000000000	1.0000000000	
3	0.7407407407	0.0000000000	1.0000000000	
4	1.1111111111	0.0000000000	1.0000000000	
5	1.4814814815	0.0000000000	1.0000000000	
6	1.8518518519	0.0000000000	1.0000000000	
7	2.2222222222	0.0000000000	1.0000000000	
8	2.5925925926	0.0000000000	1.0000000000	
9	2.9629629630	0.0000000000	1.0000000000	
10	3.3333333333	0.0000000000	1.0000000000	
11	3.7037037037	0.0000000000	1.0000000000	
12	4.0740740741	0.0000000000	1.0000000000	
13	4.4444444444	0.0000000000	1.0000000000	
14	4.8148148148	0.0000000000	1.0000000000	
15	5.1851851852	0.0000000000	1.0000000000	
16	5.5555555556	0.0000000000	1.0000000000	
17	5.9259259259	0.0000000000	1.0000000000	
18	6.2962962963	0.0000000000	1.0000000000	
19	6.6666666667	0.0000000000	1.0000000000	
20	7.0370370370	0.0000000000	1.0000000000	
21	7.4074074074	0.0000000000	1.0000000000	
22	7.7777777778	0.0000000000	1.0000000000	
23	8.1481481481	0.0000000000	1.0000000000	
24	8.5185185185	0.0000000000	1.0000000000	
25	8.8888888889	0.0000000000	1.0000000000	
26	9.2592592593	0.0000000000	1.0000000000	
27	9.6296296296	0.0000000000	1.0000000000	
28	9.8765432099	0.0000000000	1.0000000000	
29	10.0000000000	0.0000000000	1.0000000000	
30	0.0000000000	0.1234567901	1.0000000000	
31	0.1234567901	0.1234567901	1.0000000000	
32	0.3703703704	0.1234567901	1.0000000000	
33	0.7407407407	0.1234567901	1.0000000000	
34	1.1111111111	0.1234567901	1.0000000000	
35	1.4814814815	0.1234567901	1.0000000000	
36	1.8518518519	0.1234567901	1.0000000000	
37	2.2222222222	0.1234567901	1.0000000000	
38	2.5925925926	0.1234567901	1.0000000000	
39	2.9629629630	0.1234567901	1.0000000000	
40	3.3333333333	0.1234567901	1.0000000000	
41	3.7037037037	0.1234567901	1.0000000000	
42	4.0740740741	0.1234567901	1.0000000000	
43	4.4444444444	0.1234567901	1.0000000000	
44	4.8148148148	0.1234567901	1.0000000000	
45	5.1851851852	0.1234567901	1.0000000000	
46	5.5555555556	0.1234567901	1.0000000000	
47	5.9259259259	0.1234567901	1.0000000000	
48	6.2962962963	0.1234567901	1.0000000000	
49	6.6666666667	0.1234567901	1.0000000000	
50	7.0370370370	0.1234567901	1.0000000000	
51	7.4074074074	0.1234567901	1.0000000000	
52	7.7777777778	0.1234567901	1.0000000000	
53	8.1481481481	0.1234567901	1.0000000000	
54	8.5185185185	0.1234567901	1.0000000000	
55	8.8888888889	0.1234567901	1.0000000000	
56	9.2592592593	0.1234567901	1.0000000000	
57	9.6296296296	0.1234567901	1.0000000000	
58	9.8765432099	0.1234567901	1.0000000000	
59	10.0000000000	0.1234567901	1.0000000000	
60	0.0000000000	0.3703703704	1.0000000000	
61	0.1234567901	0.3703703704	1.0000000000	
62	0.3703703704	0.3703703704	1.0000000000	
63	0.7407407407	0.3703703704	1.0000000000	
64	1.1111111111	0.3703703704	1.0000000000	
65	1.4814814815	0.3703703704	1.0000000000	
66	1.8518518519	0.3703703704	1.0000000000	
67	2.2222222222	0.3703703704	1.0000000000	
68	2.5925925926	0.3703703704	1.0000000000	
69	2.9629629630	0.3703703704	1.0000000000	
70	3.3333333333	0.3703703704	1.0000000000	
71	3.7037037037	0.3703703704	1.0000000000	
72	4.0740740741	0.3703703704	1.0000000000	
73	4.4444444444	0.3703703704	1.0000000000	
74	4.8148148148	0.3703703704	1.0000000000	
75	5.1851851852	0.3703703704	1.0000000000	
76	5.5555555556	0.3703703704	1.0000000000	
77	5.9259259259	0.3703703704	1.0000000000	
78	6.2962962963	0.3703703704	1.0000000000	
79	6.6666666667	0.3703703704	1.0000000000	
80	7.0370370370	0.3703703704	1.0000000000	
81	7.4074074074	0.3703703704	1.0000000000	
82	7.7777777778	0.3703703704	1.0000000000	
83	8.1481481481	0.3703703704	1.0000000000	
84	8.5185185185	0.3703703704	1.0000000000	
85	8.8888888889	0.3703703704	1.0000000000	
86	9.2592592593	0.3703703704	1.0000000000	
87	9.6296296296	0.3703703704	1.0000000000	
88	9.8765432099	0.3703703704	1.0000000000	
89	10.0000000000	0.3703703704	1.0000000000	
90	0.0000000000	0.7407407407	1.0000000000	
91	0.1234567901	0.7407407407	1.0000000000	
92	0.3703703704	0.7407407407	1.0000000000	
93	0.7407407407	0.7407407407	1.0000000000	
94	1.1111111111	0.7407407407	1.0000000000	
95	1.4814814815	0.7407407407	1.0000000000	
96	1.8518518519	0.7407407407	1.0000000000	
97	2.2222222222	0.7407407407	1.0000000000	
98	2.5925925926	0.7407407407	1.0000000000	
99	2.9629629630	0.7407407407	1.0000000000	
100	3.3333333333	0.7407407407	1.0000000000	
101	3.7037037037	0.7407407407	1.0000000000	
102	4.0740740741	0.7407407407	1.0000000000	
103	4.4444444444	0.7407407407	1.0000000000	
104	4.8148148148	0.7407407407	1.0000000000	
105	5.1851851852	0.7407407407	1.0000000000	
106	5.5555555556	0.7407407407	1.0000000000	
107	5.9259259259	0.7407407407	1.0000000000	
108	6.2962962963	0.7407407407	1.0000000000	
109	6.6666666667	0.7407407407	1.0000000000	
110	7.0370370370	0.7407407407	1.0000000000	
111	7.4074074074	0.7407407407	1.0000000000	
112	7.7777777778	0.7407407407	1.0000000000	
113	8.1481481481	0.7407407407	1.0000000000	
114	8.5185185185	0.7407407407	1.0000000000	
115	8.8888888889	0.7407407407	1.0000000000	
116	9.2592592593	0.7407407407	1.0000000000	
117	9.6296296296	0.7407407407	1.0000000000	
118	9.8765432099	0.7407407407	1.0000000000	
119	10.0000000000	0.7407407407	1.0000000000	
120	0.0000000000	1.1111111111	1.0000000000	
121	0.1234567901	1.1111111111	1.0000000000	
122	0.3703703704	1.1111111111	1.0000000000	
123	0.7407407407	1.1111111111	1.0000000000	
124	1.1111111111	1.1111111111	1.0000000000	
125	1.4814814815	1.1111111111	1.0000000000	
126	1.8518518519	1.1111111111	1.0000000000	
127	2.2222222222	1.1111111111	1.0000000000	
128	2.5925925926	1.1111111111	1.0000000000	
129	2.9629629630	1.1111111111	1.0000000000	
130	3.3333333333	1.1111111111	1.0000000000	
131	3.7037037037	1.1111111111	1.0000000000	
132	4.0740740741	1.1111111111	1.0000000000	
133	4.4444444444	1.1111111111	1.0000000000	
134	4.8148148148	1.1111111111	1.0000000000	
135	5.1851851852	1.1111111111	1.0000000000	
136	5.5555555556	1.1111111111	1.0000000000	
137	5.9259259259	1.1111111111	1.0000000000	
138	6.2962962963	1.1111111111	1.0000000000	
139	6.6666666667	1.1111111111	1.0000000000	
140	7.0370370370	1.1111111111	1.0000000000	
141	7.4074074074	1.1111111111	1.0000000000	
142	7.7777777778	1.1111111111	1.0000000000	
143	8.1481481481	1.1111111111	1.0000000000	
144	8.5185185185	1.1111111111	1.0000000000	
145	8.8888888889	1.1111111111	1.0000000000	
146	9.2592592593	1.1111111111	1.0000000000	
147	9.6296296296	1.1111111111	1.0000000000	
148	9.8765432099	1.1111111111	1.0000000000	
149	10.0000000000	1.1111111111	1.0000000000	
150	0.0000000000	1.4814814815	1.0000000000	
151	0.1234567901	1.4814814815	1.0000000000	
152	0.3703703704	1.4814814815	1.0000000000	
153	0.7407407407	1.4814814815	1.0000000000	
154	1.1111111111	1.4814814815	1.0000000000	
155	1.4814814815	1.4814814815	1.0000000000	
156	1.8518518519	1.4814814815	1.0000000000	
157	2.2222222222	1.4814814815	1.0000000000	
158	2.5925925926	1.4814814815	1.0000000000	
159	2.9629629630	1.4814814815	1.0000000000	
160	3.3333333333	1.4814814815	1.0000000000	
161	3.7037037037	1.4814814815	1.0000000000	
162	4.0740740741	1.4814814815	1.0000000000	
163	4.4444444444	1.4814814815	1.0000000000	
164	4.8148148148	1.4814814815	1.0000000000	
165	5.1851851852	1.4814814815	1.0000000000	
166	5.5555555556	1.4814814815	1.0000000000	
167	5.9259259259	1.4814814815	1.0000000000	
168	6.2962962963	1.4814814815	1.0000000000	
169	6.6666666667	1.4814814815	1.0000000000	
170	7.0370370370	1.4814814815	1.0000000000	
171	7.4074074074	1.4814814815	1.0000000000	
172	7.7777777778	1.4814814815	1.0000000000	
173	8.1481481481	1.4814814815	1.0000000000	
174	8.5185185185	1.4814814815	1.0000000000	
175	8.8888888889	1.4814814815	1.0000000000	
176	9.2592592593	1.4814814815	1.0000000000	
177	9.6296296296	1.4814814815	1.0000000000	
178	9.8765432099	1.4814814815	1.0000000000	
179	10.0000000000	1.4814814815	1.0000000000	
180	0.0000000000	1.8518518519	1.0000000000	
181	0.1234567901	1.8518518519	1.0000000000	
182	0.3703703704	1.8518518519	1.0000000000	
183	0.7407407407	1.8518518519	1.0000000000	
184	1.1111111111	1.8518518519	1.0000000000	
185	1.4814814815	1.8518518519	1.0000000000	
186	1.8518518519	1.8518518519	1.0000000000	
187	2.2222222222	1.8518518519	1.0000000000	
188	2.5925925926	1.8518518519	1.0000000000	
189	2.9629629630	1.8518518519	1.0000000000	
190	3.3333333333	1.8518518519	1.0000000000	
191	3.7037037037	1.8518518519	1.0000000000	
192	4.0740740741	1.8518518519	1.0000000000	
193	4.4444444444	1.8518518519	1.0000000000	
194	4.8148148148	1.8518518519	1.0000000000	
195	5.1851851852	1.8518518519	1.0000000000	
196	5.5555555556	1.8518518519	1.0000000000	
197	5.9259259259	1.8518518519	1.0000000000	
198	6.2962962963	1.8518518519	1.0000000000	
199	6.6666666667	1.8518518519	1.0000000000	
200	7.0370370370	1.8518518519	1.0000000000	
201	7.4074074074	1.8518518519	1.0000000000	
202	7.7777777778	1.8518518519	1.0000000000	
203	8.1481481481	1.8518518519	1.0000000000	
204	8.5185185185	1.8518518519	1.0000000000	
205	8.8888888889	1.8518518519	1.0000000000	
206	9.2592592593	1.8518518519	1.0000000000	
207	9.6296296296	1.8518518519	1.0000000000	
208	9.8765432099	1.8518518519	1.0000000000	
209	10.0000000000	1.8518518519	1.0000000000	
210	0.0000000000	2.2222222222	1.0000000000	
211	0.1234567901	2.2222222222	1.0000000000	
212	0.3703703704	2.2222222222	1.0000000000	
213	0.7407407407	2.2222222222	1.0000000000	
214	1.1111111111	2.2222222222	1.0000000000	
215	1.4814814815	2.2222222222	1.0000000000	
216	1.8518518519	2.2222222222	1.0000000000	
217	2.2222222222	2.2222222222	1.0000000000	
218	2.5925925926	2.2222222222	1.0000000000	
219	2.9629629630	2.2222222222	1.0000000000	
220	3.3333333333	2.2222222222	1.0000000000	
221	3.7037037037	2.2222222222	1.0000000000	
222	4.0740740741	2.2222222222	1.0000000000	
223	4.4444444444	2.2222222222	1.0000000000	
224	4.8148148148	2.2222222222	1.0000000000	
225	5.1851851852	2.2222222222	1.0000000000	
226	5.5555555556	2.2222222222	1.0000000000	
227	5.9259259259	2.2222222222	1.0000000000	
228	6.2962962963	2.2222222222	1.0000000000	
229	6.6666666667	2.2222222222	1.0000000000	
230	7.0370370370	2.2222222222	1.0000000000	
231	7.4074074074	2.2222222222	1.0000000000	
232	7.7777777778	2.2222222222	1.0000000000	
233	8.1481481481	2.2222222222	1.0000000000	
234	8.5185185185	2.2222222222	1.0000000000	
235	8.8888888889	2.2222222222	1.0000000000	
236	9.2592592593	2.2222222222	1.0000000000	
237	9.6296296296	2.2222222222	1.0000000000	
238	9.8765432099	2.2222222222	1.0000000000	
239	10.0000000000	2.2222222222	1.0000000000	
240	0.0000000000	2.5925925926	1.0000000000	
241	0.1234567901	2.5925925926	1.0000000000	
242	0.3703703704	2.5925925926	1.0000000000	
243	0.7407407407	2.5925925926	1.0000000000	
244	1.1111111111	2.5925925926	1.0000000000	
245	1.4814814815	2.5925925926	1.0000000000	
246	1.8518518519	2.5925925926	1.0000000000	
247	2.2222222222	2.5925925926	1.0000000000	
248	2.5925925926	2.5925925926	1.0000000000	
249	2.9629629630	2.5925925926	1.0000000000	
250	3.3333333333	2.5925925926	1.0000000000	
251	3.7037037037	2.5925925926	1.0000000000	
252	4.0740740741	2.5925925926	1.0000000000	
253	4.4444444444	2.5925925926	1.0000000000	
254	4.8148148148	2.5925925926	1.0000000000	
255	5.1851851852	2.5925925926	1.0000000000	
256	5.5555555556	2.5925925926	1.0000000000	
257	5.9259259259	2.5925925926	1.0000000000	
258	6.2962962963	2.5925925926	1.0000000000	
259	6.6666666667	2.5925925926	1.0000000000	
260	7.0370370370	2.5925925926	1.0000000000	
261	7.4074074074	2.5925925926	1.0000000000	
262	7.7777777778	2.5925925926	1.0000000000	
263	8.1481481481	2.5925925926	1.0000000000	
264	8.5185185185	2.5925925926	1.0000000000	
265	8.8888888889	2.5925925926	1.0000000000	
266	9.2592592593	2.5925925926	1.0000000000	
267	9.6296296296	2.5925925926	1.0000000000	
268	9.8765432099	2.5925925926	1.0000000000	
269	10.0000000000	2.5925925926	1.0000000000	
270	0.0000000000	2.9629629630	1.0000000000	
271	0.1234567901	2.9629629630	1.0000000000	
272	0.3703703704	2.9629629630	1.0000000000	
273	0.7407407407	2.9629629630	1.0000000000	
274	1.1111111111	2.9629629630	1.0000000000	
275	1.4814814815	2.9629629630	1.0000000000	
276	1.8518518519	2.9629629630	1.0000000000	
277	2.2222222222	2.9629629630	1.0000000000	
278	2.5925925926	2.9629629630	1.0000000000	
279	2.9629629630	2.9629629630	1.0000000000	
280	3.3333333333	2.9629629630	1.0000000000	
281	3.7037037037	2.9629629630	1.0000000000	
282	4.0740740741	2.9629629630	1.0000000000	
283	4.4444444444	2.9629629630	1.0000000000	
284	4.8148148148	2.9629629630	1.0000000000	
285	5.1851851852	2.9629629630	1.0000000000	
286	5.5555555556	2.9629629630	1.0000000000	
287	5.9259259259	2.9629629630	1.0000000000	
288	6.2962962963	2.9629629630	1.0000000000	
289	6.6666666667	2.9629629630	1.0000000000	
290	7.0370370370	2.9629629630	1.0000000000	
291	7.4074074074	2.9629629630	1.0000000000	
292	7.7777777778	2.9629629630	1.0000000000	
293	8.1481481481	2.9629629630	1.0000000000	
294	8.5185185185	2.9629629630	1.0000000000	
295	8.8888888889	2.9629629630	1.0000000000	
296	9.2592592593	2.9629629630	1.0000000000	
297	9.6296296296	2.9629629630	1.0000000000	
298	9.8765432099	2.9629629630	1.0000000000	
299	10.0000000000	2.9629629630	1.0000000000	
300	0.0000000000	3.3333333333	1.0000000000	
301	0.1234567901	3.3333333333	1.0000000000	
302	0.3703703704	3.3333333333	1.0000000000	
303	0.7407407407	3.3333333333	1.0000000000	
304	1.1111111111	3.3333333333	1.0000000000	
305	1.4814814815	3.3333333333	1.0000000000	
306	1.8518518519	3.3333333333	1.0000000000	
307	2.2222222222	3.3333333333	1.0000000000	
308	2.5925925926	3.3333333333	1.0000000000	
309	2.9629629630	3.3333333333	1.0000000000	
310	3.3333333333	3.3333333333	1.0000000000	
311	3.7037037037	3.3333333333	1.0000000000	
312	4.0740740741	3.3333333333	1.0000000000	
313	4.4444444444	3.3333333333	1.0000000000	
314	4.8148148148	3.3333333333	1.0000000000	
315	5.1851851852	3.3333333333	1.0000000000	
316	5.5555555556	3.3333333333	1.0000000000	
317	5.9259259259	3.3333333333	1.0000000000	
318	6.2962962963	3.3333333333	1.0000000000	
319	6.6666666667	3.3333333333	1.0000000000	
320	7.0370370370	3.3333333333	1.0000000000	
321	7.4074074074	3.3333333333	1.0000000000	
322	7.7777777778	3.3333333333	1.0000000000	
323	8.1481481481	3.3333333333	1.0000000000	
324	8.5185185185	3.3333333333	1.0000000000	
325	8.8888888889	3.3333333333	1.0000000000	
326	9.2592592593	3.3333333333	1.0000000000	
327	9.6296296296	3.3333333333	1.0000000000	
328	9.8765432099	3.3333333333	1.0000000000	
329	10.0000000000	3.3333333333	1.0000000000	
330	0.0000000000	3.7037037037	1.0000000000	
331	0.1234567901	3.7037037037	1.0000000000	
332	0.3703703704	3.7037037037	1.0000000000	
333	0.7407407407	3.7037037037	1.0000000000	
334	1.1111111111	3.7037037037	1.0000000000	
335	1.4814814815	3.7037037037	1.0000000000	
336	1.8518518519	3.7037037037	1.0000000000	
337	2.2222222222	3.7037037037	1.0000000000	
338	2.5925925926	3.7037037037	1.0000000000	
339	2.9629629630	3.7037037037	1.0000000000	
340	3.3333333333	3.7037037037	1.0000000000	
341	3.7037037037	3.7037037037	1.0000000000	
342	4.0740740741	3.7037037037	1.0000000000	
343	4.4444444444	3.7037037037	1.0000000000	
344	4.8148148148	3.7037037037	1.0000000000	
345	5.1851851852	3.7037037037	1.0000000000	
346	5.5555555556	3.7037037037	1.0000000000	
347	5.9259259259	3.7037037037	1.0000000000	
348	6.2962962963	3.7037037037	1.0000000000	
349	6.6666666667	3.7037037037	1.0000000000	
350	7.0370370370	3.7037037037	1.0000000000	
351	7.4074074074	3.7037037037	1.0000000000	
352	7.7777777778	3.7037037037	1.0000000000	
353	8.1481481481	3.7037037037	1.0000000000	
354	8.5185185185	3.7037037037	1.0000000000	
355	8.8888888889	3.7037037037	1.0000000000	
356	9.2592592593	3.7037037037	1.0000000000	
357	9.6296296296	3.7037037037	1.0000000000	
358	9.8765432099	3.7037037037	1.0000000000	
359	10.0000000000	3.7037037037	1.0000000000	
360	0.0000000000	4.0740740741	1.0000000000	
361	0.1234567901	4.0740740741	1.0000000000	
362	0.3703703704	4.0740740741	1.0000000000	
363	0.7407407407	4.0740740741	1.0000000000	
364	1.1111111111	4.0740740741	1.0000000000	
365	1.4814814815	4.0740740741	1.0000000000	
366	1.8518518519	4.0740740741	1.0000000000	
367	2.2222222222	4.0740740741	1.0000000000	
368	2.5925925926	4.0740740741	1.0000000000	
369	2.9629629630	4.0740740741	1.0000000000	
370	3.3333333333	4.0740740741	1.0000000000	
371	3.7037037037	4.0740740741	1.0000000000	
372	4.0740740741	4.0740740741	1.0000000000	
373	4.4444444444	4.0740740741	1.0000000000	
374	4.8148148148	4.0740740741	1.0000000000	
375	5.1851851852	4.0740740741	1.0000000000	
376	5.5555555556	4.0740740741	1.0000000000	
377	5.9259259259	4.0740740741	1.0000000000	
378	6.2962962963	4.0740740741	1.0000000000	
379	6.6666666667	4.0740740741	1.0000000000	
380	7.0370370370	4.0740740741	1.0000000000	
381	7.4074074074	4.0740740741	1.0000000000	
382	7.7777777778	4.0740740741	1.0000000000	
383	8.1481481481	4.0740740741	1.0000000000	
384	8.5185185185	4.0740740741	1.0000000000	
385	8.8888888889	4.0740740741	1.0000000000	
386	9.2592592593	4.0740740741	1.0000000000	
387	9.6296296296	4.0740740741	1.0000000000	
388	9.8765432099	4.0740740741	1.0000000000	
389	10.0000000000	4.0740740741	1.0000000000	
390	0.0000000000	4.4444444444	1.0000000000	
391	0.1234567901	4.4444444444	1.0000000000	
392	0.3703703704	4.4444444444	1.0000000000	
393	0.7407407407	4.4444444444	1.0000000000	
394	1.1111111111	4.4444444444	1.0000000000	
395	1.4814814815	4.4444444444	1.0000000000	
396	1.8518518519	4.4444444444	1.0000000000	
397	2.2222222222	4.4444444444	1.0000000000	
398	2.5925925926	4.4444444444	1.0000000000	
399	2.9629629630	4.4444444444	1.0000000000	
400	3.3333333333	4.4444444444	1.0000000000	
401	3.7037037037	4.4444444444	1.0000000000	
402	4.0740740741	4.4444444444	1.0000000000	
403	4.4444444444	4.4444444444	1.0000000000	
404	4.8148148148	4.4444444444	1.0000000000	
405	5.1851851852	4.4444444444	1.0000000000	
406	5.5555555556	4.4444444444	1.0000000000	
407	5.9259259259	4.4444444444	1.0000000000	
408	6.2962962963	4.4444444444	1.0000000000	
409	6.6666666667	4.4444444444	1.0000000000	
410	7.0370370370	4.4444444444	1.0000000000	
411	7.4074074074	4.4444444444	1.0000000000	
412	7.7777777778	4.4444444444	1.0000000000	
413	8.1481481481	4.4444444444	1.0000000000	
414	8.5185185185	4.4444444444	1.0000000000	
415	8.8888888889	4.4444444444	1.0000000000	
416	9.2592592593	4.4444444444	1.0000000000	
417	9.6296296296	4.4444444444	1.0000000000	
418	9.8765432099	4.4444444444	1.0000000000	
419	10.0000000000	4.4444444444	1.0000000000	
420	0.0000000000	4.8148148148	1.0000000000	
421	0.1234567901	4.8148148148	1.0000000000	
422	0.3703703704	4.8148148148	1.0000000000	
423	0.7407407407	4.8148148148	1.0000000000	
424	1.1111111111	4.8148148148	1.0000000000	
425	1.4814814815	4.8148148148	1.0000000000	
426	1.8518518519	4.8148148148	1.0000000000	
427	2.2222222222	4.8148148148	1.0000000000	
428	2.5925925926	4.8148148148	1.0000000000	
429	2.9629629630	4.8148148148	1.0000000000	
430	3.3333333333	4.8148148148	1.0000000000	
431	3.7037037037	4.8148148148	1.0000000000	
432	4.0740740741	4.8148148148	1.0000000000	
433	4.4444444444	4.8148148148	1.0000000000	
434	4.8148148148	4.8148148148	1.0000000000	
435	5.1851851852	4.8148148148	1.0000000000	
436	5.5555555556	4.8148148148	1.0000000000	
437	5.9259259259	4.8148148148	1.0000000000	
438	6.2962962963	4.8148148148	1.0000000000	
439	6.6666666667	4.8148148148	1.0000000000	
440	7.0370370370	4.8148148148	1.0000000000	
441	7.4074074074	4.8148148148	1.0000000000	
442	7.7777777778	4.8148148148	1.0000000000	
443	8.1481481481	4.8148148148	1.0000000000	
444	8.5185185185	4.8148148148	1.0000000000	
445	8.8888888889	4.8148148148	1.0000000000	
446	9.2592592593	4.8148148148	1.0000000000	
447	9.6296296296	4.8148148148	1.0000000000	
448	9.8765432099	4.8148148148	1.0000000000	
449	10.0000000000	4.8148148148	1.0000000000	
450	0.0000000000	5.1851851852	1.0000000000	
451	0.1234567901	5.1851851852	1.0000000000	
452	0.3703703704	5.1851851852	1.0000000000	
453	0.7407407407	5.1851851852	1.0000000000	
454	1.1111111111	5.1851851852	1.0000000000	
455	1.4814814815	5.1851851852	1.0000000000	
456	1.8518518519	5.1851851852	1.0000000000	
457	2.2222222222	5.1851851852	1.0000000000	
458	2.5925925926	5.1851851852	1.0000000000	
459	2.9629629630	5.1851851852	1.0000000000	
460	3.3333333333	5.1851851852	1.0000000000	
461	3.7037037037	5.1851851852	1.0000000000	
462	4.0740740741	5.1851851852	1.0000000000	
463	4.4444444444	5.1851851852	1.0000000000	
464	4.8148148148	5.1851851852	1.0000000000	
465	5.1851851852	5.1851851852	1.0000000000	
466	5.5555555556	5.1851851852	1.0000000000	
467	5.9259259259	5.1851851852	1.0000000000	
468	6.2962962963	5.1851851852	1.0000000000	
469	6.6666666667	5.1851851852	1.0000000000	
470	7.0370370370	5.1851851852	1.0000000000	
471	7.4074074074	5.1851851852	1.0000000000	
472	7.7777777778	5.1851851852	1.0000000000	
473	8.1481481481	5.1851851852	1.0000000000	
474	8.5185185185	5.1851851852	1.0000000000	
475	8.8888888889	5.1851851852	1.0000000000	
476	9.2592592593	5.1851851852	1.0000000000	
477	9.6296296296	5.1851851852	1.0000000000	
478	9.8765432099	5.1851851852	1.0000000000	
479	10.0000000000	5.1851851852	1.0000000000	
480	0.0000000000	5.5555555556	1.0000000000	
481	0.1234567901	5.5555555556	1.0000000000	
482	0.3703703704	5.5555555556	1.0000000000	
483	0.7407407407	5.5555555556	1.0000000000	
484	1.1111111111	5.5555555556	1.0000000000	
485	1.4814814815	5.5555555556	1.0000000000	
486	1.8518518519	5.5555555556	1.0000000000	
487	2.2222222222	5.5555555556	1.0000000000	
488	2.5925925926	5.5555555556	1.0000000000	
489	2.9629629630	5.5555555556	1.0000000000	
490	3.3333333333	5.5555555556	1.0000000000	
491	3.7037037037	5.5555555556	1.0000000000	
492	4.0740740741	5.5555555556	1.0000000000	
493	4.4444444444	5.5555555556	1.0000000000	
494	4.8148148148	5.5555555556	1.0000000000	
495	5.1851851852	5.5555555556	1.0000000000	
496	5.5555555556	5.5555555556	1.0000000000	
497	5.9259259259	5.5555555556	1.0000000000	
498	6.2962962963	5.5555555556	1.0000000000	
499	6.6666666667	5.5555555556	1.0000000000	
500	7.0370370370	5.5555555556	1.0000000000	
501	7.4074074074	5.5555555556	1.0000000000	
502	7.7777777778	5.5555555556	1.0000000000	
503	8.1481481481	5.5555555556	1.0000000000	
504	8.5185185185	5.5555555556	1.0000000000	
505	8.8888888889	5.5555555556	1.0000000000	
506	9.2592592593	5.5555555556	1.0000000000	
507	9.6296296296	5.5555555556	1.0000000000	
508	9.8765432099	5.5555555556	1.0000000000	
509	10.0000000000	5.5555555556	1.0000000000	
510	0.0000000000	5.9259259259	1.0000000000	
511	0.1234567901	5.9259259259	1.0000000000	
512	0.3703703704	5.9259259259	1.0000000000	
513	0.7407407407	5.9259259259	1.0000000000	
514	1.1111111111	5.9259259259	1.0000000000	
515	1.4814814815	5.9259259259	1.0000000000	
516	1.8518518519	5.9259259259	1.0000000000	
517	2.2222222222	5.9259259259	1.0000000000	
518	2.5925925926	5.9259259259	1.0000000000	
519	2.9629629630	5.9259259259	1.0000000000	
520	3.3333333333	5.9259259259	1.0000000000	
521	3.7037037037	5.9259259259	1.0000000000	
522	4.0740740741	5.9259259259	1.0000000000	
523	4.4444444444	5.9259259259	1.0000000000	
524	4.8148148148	5.9259259259	1.0000000000	
525	5.1851851852	5.9259259259	1.0000000000	
526	5.5555555556	5.9259259259	1.0000000000	
527	5.9259259259	5.9259259259	1.0000000000	
528	6.2962962963	5.9259259259	1.0000000000	
529	6.6666666667	5.9259259259	1.0000000000	
530	7.0370370370	5.9259259259	1.0000000000	
531	7.4074074074	5.9259259259	1.0000000000	
532	7.7777777778	5.9259259259	1.0000000000	
533	8.1481481481	5.9259259259	1.0000000000	
534	8.5185185185	5.9259259259	1.0000000000	
535	8.8888888889	5.9259259259	1.0000000000	
536	9.2592592593	5.9259259259	1.0000000000	
537	9.6296296296	5.9259259259	1.0000000000	
538	9.8765432099	5.9259259259	1.0000000000	
539	10.0000000000	5.9259259259	1.0000000000	
540	0.0000000000	6.2962962963	1.0000000000	
541	0.1234567901	6.2962962963	1.0000000000	
542	0.3703703704	6.2962962963	1.0000000000	
543	0.7407407407	6.2962962963	1.0000000000	
544	1.1111111111	6.2962962963	1.0000000000	
545	1.4814814815	6.2962962963	1.0000000000	
546	1.8518518519	6.2962962963	1.0000000000	
547	2.2222222222	6.2962962963	1.0000000000	
548	2.5925925926	6.2962962963	1.0000000000	
549	2.9629629630	6.2962962963	1.0000000000	
550	3.3333333333	6.2962962963	1.0000000000	
551	3.7037037037	6.2962962963	1.0000000000	
552	4.0740740741	6.2962962963	1.0000000000	
553	4.4444444444	6.2962962963	1.0000000000	
554	4.8148148148	6.2962962963	1.0000000000	
555	5.1851851852	6.2962962963	1.0000000000	
556	5.5555555556	6.2962962963	1.0000000000	
557	5.9259259259	6.2962962963	1.0000000000	
558	6.2962962963	6.2962962963	1.0000000000	
559	6.6666666667	6.2962962963	1.0000000000	
560	7.0370370370	6.2962962963	1.0000000000	
561	7.4074074074	6.2962962963	1.0000000000	
562	7.7777777778	6.2962962963	1.0000000000	
563	8.1481481481	6.2962962963	1.0000000000	
564	8.5185185185	6.2962962963	1.0000000000	
565	8.8888888889	6.2962962963	1.0000000000	
566	9.2592592593	6.2962962963	1.0000000000	
567	9.6296296296	6.2962962963	1.0000000000	
568	9.8765432099	6.2962962963	1.0000000000	
569	10.0000000000	6.2962962963	1.0000000000	
570	0.0000000000	6.6666666667	1.0000000000	
571	0.1234567901	6.6666666667	1.0000000000	
572	0.3703703704	6.6666666667	1.0000000000	
573	0.7407407407	6.6666666667	1.0000000000	
574	1.1111111111	6.6666666667	1.0000000000	
575	1.4814814815	6.6666666667	1.0000000000	
576	1.8518518519	6.6666666667	1.0000000000	
577	2.2222222222	6.6666666667	1.0000000000	
578	2.5925925926	6.6666666667	1.0000000000	
579	2.9629629630	6.6666666667	1.0000000000	
580	3.3333333333	6.6666666667	1.0000000000	
581	3.7037037037	6.6666666667	1.0000000000	
582	4.0740740741	6.6666666667	1.0000000000	
583	4.4444444444	6.6666666667	1.0000000000	
584	4.8148148148	6.6666666667	1.0000000000	
585	5.1851851852	6.6666666667	1.0000000000	
586	5.5555555556	6.6666666667	1.0000000000	
587	5.9259259259	6.6666666667	1.0000000000	
588	6.2962962963	6.6666666667	1.0000000000	
589	6.6666666667	6.6666666667	1.0000000000	
590	7.0370370370	6.6666666667	1.0000000000	
591	7.4074074074	6.6666666667	1.0000000000	
592	7.7777777778	6.6666666667	1.0000000000	
593	8.1481481481	6.6666666667	1.0000000000	
594	8.5185185185	6.6666666667	1.0000000000	
595	8.8888888889	6.6666666667	1.0000000000	
596	9.2592592593	6.6666666667	1.0000000000	
597	9.6296296296	6.6666666667	1.0000000000	
598	9.8765432099	6.6666666667	1.0000000000	
599	10.0000000000	6.6666666667	1.0000000000	
600	0.0000000000	7.0370370370	1.0000000000	
601	0.1234567901	7.0370370370	1.0000000000	
602	0.3703703704	7.0370370370	1.0000000000	
603	0.7407407407	7.0370370370	1.0000000000	
604	1.1111111111	7.0370370370	1.0000000000	
605	1.4814814815	7.0370370370	1.0000000000	
606	1.8518518519	7.0370370370	1.0000000000	
607	2.2222222222	7.0370370370	1.0000000000	
608	2.5925925926	7.0370370370	1.0000000000	
609	2.9629629630	7.0370370370	1.0000000000	
610	3.3333333333	7.0370370370	1.0000000000	
611	3.7037037037	7.0370370370	1.0000000000	
612	4.0740740741	7.0370370370	1.0000000000	
613	4.4444444444	7.0370370370	1.0000000000	
614	4.8148148148	7.0370370370	1.0000000000	
615	5.1851851852	7.0370370370	1.0000000000	
616	5.5555555556	7.0370370370	1.0000000000	
617	5.9259259259	7.0370370370	1.0000000000	
618	6.2962962963	7.0370370370	1.0000000000	
619	6.6666666667	7.0370370370	1.0000000000	
620	7.0370370370	7.0370370370	1.0000000000	
621	7.4074074074	7.0370370370	1.0000000000	
622	7.7777777778	7.0370370370	1.0000000000	
623	8.1481481481	7.0370370370	1.0000000000	
624	8.5185185185	7.0370370370	1.0000000000	
625	8.8888888889	7.0370370370	1.0000000000	
626	9.2592592593	7.0370370370	1.0000000000	
627	9.6296296296	7.0370370370	1.0000000000	
628	9.8765432099	7.0370370370	1.0000000000	
629	10.0000000000	7.0370370370	1.0000000000	
630	0.0000000000	7.4074074074	1.0000000000	
631	0.1234567901	7.4074074074	1.0000000000	
632	0.3703703704	7.4074074074	1.0000000000	
633	0.7407407407	7.4074074074	1.0000000000	
634	1.1111111111	7.4074074074	1.0000000000	
635	1.4814814815	7.4074074074	1.0000000000	
636	1.8518518519	7.4074074074	1.0000000000	
637	2.2222222222	7.4074074074	1.0000000000	
638	2.5925925926	7.4074074074	1.0000000000	
639	2.9629629630	7.4074074074	1.0000000000	
640	3.3333333333	7.4074074074	1.0000000000	
641	3.7037037037	7.4074074074	1.0000000000	
642	4.0740740741	7.4074074074	1.0000000000	
643	4.4444444444	7.4074074074	1.0000000000	
644	4.8148148148	7.4074074074	1.0000000000	
645	5.1851851852	7.4074074074	1.0000000000	
646	5.5555555556	7.4074074074	1.0000000000	
647	5.9259259259	7.4074074074	1.0000000000	
648	6.2962962963	7.4074074074	1.0000000000	
649	6.6666666667	7.4074074074	1.0000000000	
650	7.0370370370	7.4074074074	1.0000000000	
651	7.4074074074	7.4074074074	1.0000000000	
652	7.7777777778	7.4074074074	1.0000000000	
653	8.1481481481	7.4074074074	1.0000000000	
654	8.5185185185	7.4074074074	1.0000000000	
655	8.8888888889	7.4074074074	1.0000000000	
656	9.2592592593	7.4074074074	1.0000000000	
657	9.6296296296	7.4074074074	1.0000000000	
658	9.8765432099	7.4074074074	1.0000000000	
659	10.0000000000	7.4074074074	1.0000000000	
660	0.0000000000	7.7777777778	1.0000000000	
661	0.1234567901	7.7777777778	1.0000000000	
662	0.3703703704	7.7777777778	1.0000000000	
663	0.7407407407	7.7777777778	1.0000000000	
664	1.1111111111	7.7777777778	1.0000000000	
665	1.4814814815	7.7777777778	1.0000000000	
666	1.8518518519	7.7777777778	1.0000000000	
667	2.2222222222	7.7777777778	1.0000000000	
668	2.5925925926	7.7777777778	1.0000000000	
669	2.9629629630	7.7777777778	1.0000000000	
670	3.3333333333	7.7777777778	1.0000000000	
671	3.7037037037	7.7777777778	1.0000000000	
672	4.0740740741	7.7777777778	1.0000000000	
673	4.4444444444	7.7777777778	1.0000000000	
674	4.8148148148	7.7777777778	1.0000000000	
675	5.1851851852	7.7777777778	1.0000000000	
676	5.5555555556	7.7777777778	1.0000000000	
677	5.9259259259	7.7777777778	1.0000000000	
678	6.2962962963	7.7777777778	1.0000000000	
679	6.6666666667	7.7777777778	1.0000000000	
680	7.0370370370	7.7777777778	1.0000000000	
681	7.4074074074	7.7777777778	1.0000000000	
682	7.7777777778	7.7777777778	1.0000000000	
683	8.1481481481	7.7777777778	1.0000000000	
684	8.5185185185	7.7777777778	1.0000000000	
685	8.8888888889	7.7777777778	1.0000000000	
686	9.2592592593	7.7777777778	1.0000000000	
687	9.6296296296	7.7777777778	1.0000000000	
688	9.8765432099	7.7777777778	1.0000000000	
689	10.0000000000	7.7777777778	1.0000000000	
690	0.0000000000	8.1481481481	1.0000000000	
691	0.1234567901	8.1481481481	1.0000000000	
692	0.3703703704	8.1481481481	1.0000000000	
693	0.7407407407	8.1481481481	1.0000000000	
694	1.1111111111	8.1481481481	1.0000000000	
695	1.4814814815	8.1481481481	1.0000000000	
696	1.8518518519	8.1481481481	1.0000000000	
697	2.2222222222	8.1481481481	1.0000000000	
698	2.5925925926	8.1481481481	1.0000000000	
699	2.9629629630	8.1481481481	1.0000000000	
700	3.3333333333	8.1481481481	1.0000000000	
701	3.7037037037	8.1481481481	1.0000000000	
702	4.0740740741	8.1481481481	1.0000000000	
703	4.4444444444	8.1481481481	1.0000000000	
704	4.8148148148	8.1481481481	1.0000000000	
705	5.1851851852	8.1481481481	1.0000000000	
706	5.5555555556	8.1481481481	1.0000000000	
707	5.9259259259	8.1481481481	1.0000000000	
708	6.2962962963	8.1481481481	1.0000000000	
709	6.6666666667	8.1481481481	1.0000000000	
710	7.0370370370	8.1481481481	1.0000000000	
711	7.4074074074	8.1481481481	1.0000000000	
712	7.7777777778	8.1481481481	1.0000000000	
713	8.1481481481	8.1481481481	1.0000000000	
714	8.5185185185	8.1481481481	1.0000000000	
715	8.8888888889	8.1481481481	1.0000000000	
716	9.2592592593	8.1481481481	1.0000000000	
717	9.6296296296	8.1481481481	1.0000000000	
718	9.8765432099	8.1481481481	1.0000000000	
719	10.0000000000	8.1481481481	1.0000000000	
720	0.0000000000	8.5185185185	1.0000000000	
721	0.1234567901	8.5185185185	1.0000000000	
722	0.3703703704	8.5185185185	1.0000000000	
723	0.7407407407	8.5185185185	1.0000000000	
724	1.1111111111	8.5185185185	1.0000000000	
725	1.4814814815	8.5185185185	1.0000000000	
726	1.8518518519	8.5185185185	1.0000000000	
727	2.2222222222	8.5185185185	1.0000000000	
728	2.5925925926	8.5185185185	1.0000000000	
729	2.9629629630	8.5185185185	1.0000000000	
730	3.3333333333	8.5185185185	1.0000000000	
731	3.7037037037	8.5185185185	1.0000000000	
732	4.0740740741	8.5185185185	1.0000000000	
733	4.4444444444	8.5185185185	1.0000000000	
734	4.8148148148	8.5185185185	1.0000000000	
735	5.1851851852	8.5185185185	1.0000000000	
736	5.5555555556	8.5185185185	1.0000000000	
737	5.9259259259	8.5185185185	1.0000000000	
738	6.2962962963	8.5185185185	1.0000000000	
739	6.6666666667	8.5185185185	1.0000000000	
740	7.0370370370	8.5185185185	1.0000000000	
741	7.4074074074	8.5185185185	1.0000000000	
742	7.7777777778	8.5185185185	1.0000000000	
743	8.1481481481	8.5185185185	1.0000000000	
744	8.5185185185	8.5185185185	1.0000000000	
745	8.8888888889	8.5185185185	1.0000000000	
746	9.2592592593	8.5185185185	1.0000000000	
747	9.6296296296	8.5185185185	1.0000000000	
748	9.8765432099	8.5185185185	1.0000000000	
749	10.0000000000	8.5185185185	1.0000000000	
750	0.0000000000	8.8888888889	1.0000000000	
751	0.1234567901	8.8888888889	1.0000000000	
752	0.3703703704	8.8888888889	1.0000000000	
753	0.7407407407	8.8888888889	1.0000000000	
754	1.1111111111	8.8888888889	1.0000000000	
755	1.4814814815	8.8888888889	1.0000000000	
756	1.8518518519	8.8888888889	1.0000000000	
757	2.2222222222	8.8888888889	1.0000000000	
758	2.5925925926	8.8888888889	1.0000000000	
759	2.9629629630	8.8888888889	1.0000000000	
760	3.3333333333	8.8888888889	1.0000000000	
761	3.7037037037	8.8888888889	1.0000000000	
762	4.0740740741	8.8888888889	1.0000000000	
763	4.4444444444	8.8888888889	1.0000000000	
764	4.8148148148	8.8888888889	1.0000000000	
765	5.1851851852	8.8888888889	1.0000000000	
766	5.5555555556	8.8888888889	1.0000000000	
767	5.9259259259	8.8888888889	1.0000000000	
768	6.2962962963	8.8888888889	1.0000000000	
769	6.6666666667	8.8888888889	1.0000000000	
770	7.0370370370	8.8888888889	1.0000000000	
771	7.4074074074	8.8888888889	1.0000000000	
772	7.7777777778	8.8888888889	1.0000000000	
773	8.1481481481	8.8888888889	1.0000000000	
774	8.5185185185	8.8888888889	1.0000000000	
775	8.8888888889	8.8888888889	1.0000000000	
776	9.2592592593	8.8888888889	1.0000000000	
777	9.6296296296	8.8888888889	1.0000000000	
778	9.8765432099	8.8888888889	1.0000000000	
779	10.0000000000	8.8888888889	1.0000000000	
780	0.0000000000	9.2592592593	1.0000000000	
781	0.1234567901	9.2592592593	1.0000000000	
782	0.3703703704	9.2592592593	1.0000000000	
783	0.7407407407	9.2592592593	1.0000000000	
784	1.1111111111	9.2592592593	1.0000000000	
785	1.4814814815	9.2592592593	1.0000000000	
786	1.8518518519	9.2592592593	1.0000000000	
787	2.2222222222	9.2592592593	1.0000000000	
788	2.5925925926	9.2592592593	1.0000000000	
789	2.9629629630	9.2592592593	1.0000000000	
790	3.3333333333	9.2592592593	1.0000000000	
791	3.7037037037	9.2592592593	1.0000000000	
792	4.0740740741	9.2592592593	1.0000000000	
793	4.4444444444	9.2592592593	1.0000000000	
794	4.8148148148	9.2592592593	1.0000000000	
795	5.1851851852	9.2592592593	1.0000000000	
796	5.5555555556	9.2592592593	1.0000000000	
797	5.9259259259	9.2592592593	1.0000000000	
798	6.2962962963	9.2592592593	1.0000000000	
799	6.6666666667	9.2592592593	1.0000000000	
800	7.0370370370	9.2592592593	1.0000000000	
801	7.4074074074	9.2592592593	1.0000000000	
802	7.7777777778	9.2592592593	1.0000000000	
803	8.1481481481	9.2592592593	1.0000000000	
804	8.5185185185	9.2592592593	1.0000000000	
805	8.8888888889	9.2592592593	1.0000000000	
806	9.2592592593	9.2592592593	1.0000000000	
807	9.6296296296	9.2592592593	1.0000000000	
808	9.8765432099	9.2592592593	1.0000000000	
809	10.0000000000	9.2592592593	1.0000000000	
810	0.0000000000	9.6296296296	1.0000000000	
811	0.1234567901	9.6296296296	1.0000000000	
812	0.3703703704	9.6296296296	1.0000000000	
813	0.7407407407	9.6296296296	1.0000000000	
814	1.1111111111	9.6296296296	1.0000000000	
815	1.4814814815	9.6296296296	1.0000000000	
816	1.8518518519	9.6296296296	1.0000000000	
817	2.2222222222	9.6296296296	1.0000000000	
818	2.5925925926	9.6296296296	1.0000000000	
819	2.9629629630	9.6296296296	1.0000000000	
820	3.3333333333	9.6296296296	1.0000000000	
821	3.7037037037	9.6296296296	1.0000000000	
822	4.0740740741	9.6296296296	1.0000000000	
823	4.4444444444	9.6296296296	1.0000000000	
824	4.8148148148	9.6296296296	1.0000000000	
825	5.1851851852	9.6296296296	1.0000000000	
826	5.5555555556	9.6296296296	1.0000000000	
827	5.9259259259	9.6296296296	1.0000000000	
828	6.2962962963	9.6296296296	1.0000000000	
829	6.6666666667	9.6296296296	1.0000000000	
830	7.0370370370	9.6296296296	1.0000000000	
831	7.4074074074	9.6296296296	1.0000000000	
832	7.7777777778	9.6296296296	1.0000000000	
833	8.1481481481	9.6296296296	1.0000000000	
834	8.5185185185	9.6296296296	1.0000000000	
835	8.8888888889	9.6296296296	1.0000000000	
836	9.2592592593	9.6296296296	1.0000000000	
837	9.6296296296	9.6296296296	1.0000000000	
838	9.8765432099	9.6296296296	1.0000000000	
839	10.0000000000	9.6296296296	1.0000000000	
840	0.0000000000	9.8765432099	1.0000000000	
841	0.1234567901	9.8765432099	1.0000000000	
842	0.3703703704	9.8765432099	1.0000000000	
843	0.7407407407	9.8765432099	1.0000000000	
844	1.1111111111	9.8765432099	1.0000000000	
845	1.4814814815	9.8765432099	1.0000000000	
846	1.8518518519	9.8765432099	1.0000000000	
847	2.2222222222	9.8765432099	1.0000000000	
848	2.5925925926	9.8765432099	1.0000000000	
849	2.9629629630	9.8765432099	1.0000000000	
850	3.3333333333	9.8765432099	1.0000000000	
851	3.7037037037	9.8765432099	1.0000000000	
852	4.0740740741	9.8765432099	1.0000000000	
853	4.4444444444	9.8765432099	1.0000000000	
854	4.8148148148	9.8765432099	1.0000000000	
855	5.1851851852	9.8765432099	1.0000000000	
856	5.5555555556	9.8765432099	1.0000000000	
857	5.9259259259	9.8765432099	1.0000000000	
858	6.2962962963	9.8765432099	1.0000000000	
859	6.6666666667	9.8765432099	1.0000000000	
860	7.0370370370	9.8765432099	1.0000000000	
861	7.4074074074	9.8765432099	1.0000000000	
862	7.7777777778	9.8765432099	1.0000000000	
863	8.1481481481	9.8765432099	1.0000000000	
864	8.5185185185	9.8765432099	1.0000000000	
865	8.8888888889	9.8765432099	1.0000000000	
866	9.2592592593	9.8765432099	1.0000000000	
867	9.6296296296	9.8765432099	1.0000000000	
868	9.8765432099	9.8765432099	1.0000000000	
869	10.0000000000	9.8765432099	1.0000000000	
870	0.0000000000	10.0000000000	1.0000000000	
871	0.1234567901	10.0000000000	1.0000000000	
872	0.3703703704	10.0000000000	1.0000000000	
873	0.7407407407	10.0000000000	1.0000000000	
874	1.1111111111	10.0000000000	1.0000000000	
875	1.4814814815	10.0000000000	1.0000000000	
876	1.8518518519	10.0000000000	1.0000000000	
877	2.2222222222	10.0000000000	1.0000000000	
878	2.5925925926	10.0000000000	1.0000000000	
879	2.9629629630	10.0000000000	1.0000000000	
880	3.3333333333	10.0000000000	1.0000000000	
881	3.7037037037	10.0000000000	1.0000000000	
882	4.0740740741	10.0000000000	1.0000000000	
883	4.4444444444	10.0000000000	1.0000000000	
884	4.8148148148	10.0000000000	1.0000000000	
885	5.1851851852	10.0000000000	1.0000000000	
886	5.5555555556	10.0000000000	1.0000000000	
887	5.9259259259	10.0000000000	1.0000000000	
888	6.2962962963	10.0000000000	1.0000000000	
889	6.6666666667	10.0000000000	1.0000000000	
890	7.0370370370	10.0000000000	1.0000000000	
891	7.4074074074	10.0000000000	1.0000000000	
892	7.7777777778	10.0000000000	1.0000000000	
893	8.1481481481	10.0000000000	1.0000000000	
894	8.5185185185	10.0000000000	1.0000000000	
895	8.8888888889	10.0000000000	1.0000000000	
896	9.2592592593	10.0000000000	1.0000000000	
897	9.6296296296	10.0000000000	1.0000000000	
898	9.8765432099	10.0000000000	1.0000000000	
899	10.0000000000	10.0000000000	1.0000000000	
900	1.0000000000	0.0000000000	1.0000000000	
901	1.0123456790	0.0000000000	1.0000000000	
902	1.0370370370	0.0000000000	1.0000000000	
903	1.0740740741	0.0000000000	1.0000000000	
904	1.1111111111	0.0000000000	1.0000000000	
905	1.1481481481	0.0000000000	1.0000000000	
906	1.1851851852	0.0000000000	1.0000000000	
907	1.2222222222	0.0000000000	1.0000000000	
908	1.2592592593	0.0000000000	1.0000000000	
909	1.2962962963	0.0000000000	1.0000000000	
910	1.3333333333	0.0000000000	1.0000000000	
911	1.3703703704	0.0000000000	1.0000000000	
912	1.4074074074	0.0000000000	1.0000000000	
913	1.4444444444	0.0000000000	1.0000000000	
914	1.4814814815	0.0000000000	1.0000000000	
915	1.5185185185	0.0000000000	1.0000000000	
916	1.5555555556	0.0000000000	1.0000000000	
917	1.5925925926	0.0000000000	1.0000000000	
918	1.6296296296	0.0000000000	1.0000000000	
919	1.6666666667	0.0000000000	1.0000000000	
920	1.7037037037	0.0000000000	1.0000000000	
921	1.7407407407	0.0000000000	1.0000000000	
922	1.7777777778	0.0000000000	1.0000000000	
923	1.8148148148	0.0000000000	1.0000000000	
924	1.8518518519	0.0000000000	1.0000000000	
925	1.8888888889	0.0000000000	1.0000000000	
926	1.9259259259	0.0000000000	1.0000000000	
927	1.9629629630	0.0000000000	1.0000000000	
928	1.9876543210	0.0000000000	1.0000000000	
929	2.0000000000	0.0000000000	1.0000000000	
930	1.0000000000	0.0175866119	0.9927680687	
931	1.0123456790	0.0178037305	0.9927680687	
932	1.0370370370	0.0182379679	0.9927680687	
933	1.0740740741	0.0188893239	0.9927680687	
934	1.1111111111	0.0195406799	0.9927680687	
935	1.1481481481	0.0201920358	0.9927680687	
936	1.1851851852	0.0208433918	0.9927680687	
937	1.2222222222	0.0214947478	0.9927680687	
938	1.2592592593	0.0221461038	0.9927680687	
939	1.2962962963	0.0227974598	0.9927680687	
940	1.3333333333	0.0234488158	0.9927680687	
941	1.3703703704	0.0241001718	0.9927680687	
942	1.4074074074	0.0247515278	0.9927680687	
943	1.4444444444	0.0254028838	0.9927680687	
944	1.4814814815	0.0260542398	0.9927680687	
945	1.5185185185	0.0267055958	0.9927680687	
946	1.5555555556	0.0273569518	0.9927680687	
947	1.5925925926	0.0280083078	0.9927680687	
948	1.6296296296	0.0286596638	0.9927680687	
949	1.6666666667	0.0293110198	0.9927680687	
950	1.7037037037	0.0299623758	0.9927680687	
951	1.7407407407	0.0306137318	0.9927680687	
952	1.7777777778	0.0312650878	0.9927680687	
953	1.8148148148	0.0319164438	0.9927680687	
954	1.8518518519	0.0325677998	0.9927680687	
955	1.8888888889	0.0332191557	0.9927680687	
956	1.9259259259	0.0338705117	0.9927680687	
957	1.9629629630	0.0345218677	0.9927680687	
958	1.9876543210	0.0349561051	0.9927680687	
959	2.0000000000	0.0351732237	0.9927680687	
960	0.9990657361	0.0531235841	0.9788399046	
961	1.0113998810	0.0537794308	0.9788399046	
962	1.0360681708	0.0550911242	0.9788399046	
963	1.0730706055	0.0570586644	0.9788399046	
964	1.1100730402	0.0590262045	0.9788399046	
965	1.1470754748	0.0609937447	0.9788399046	
966	1.1840779095	0.0629612848	0.9788399046	
967	1.2210803442	0.0649288250	0.9788399046	
968	1.2580827789	0.0668963651	0.9788399046	
969	1.2950852135	0.0688639053	0.9788399046	
970	1.3320876482	0.0708314454	0.9788399046	
971	1.3690900829	0.0727989856	0.9788399046	
972	1.4060925175	0.0747665257	0.9788399046	
973	1.4430949522	0.0767340659	0.9788399046	
974	1.4800973869	0.0787016060	0.9788399046	
975	1.5170998216	0.0806691462	0.9788399046	
976	1.5541022562	0.0826366863	0.9788399046	
977	1.5911046909	0.0846042265	0.9788399046	
978	1.6281071256	0.0865717666	0.9788399046	
979	1.6651095602	0.0885393068	0.9788399046	
980	1.7021119949	0.0905068469	0.9788399046	
981	1.7391144296	0.0924743871	0.9788399046	
982	1.7761168643	0.0944419272	0.9788399046	
983	1.8131192989	0.0964094674	0.9788399046	
984	1.8501217336	0.0983770075	0.9788399046	
985	1.8871241683	0.1003445477	0.9788399046	
986	1.9241266029	0.1023120878	0.9788399046	
987	1.9611290376	0.1042796280	0.9788399046	
988	1.9857973274	0.1055913214	0.9788399046	
989	1.9981314723	0.1062471681	0.9788399046	
990	0.9947582761	0.1070008574	0.9595547544	
991	1.0070392425	0.1083218557	0.9595547544	
992	1.0316011752	0.1109638522	0.9595547544	
993	1.0684440743	0.1149268469	0.9595547544	
994	1.1052869735	0.1188898416	0.9595547544	
995	1.1421298726	0.1228528363	0.9595547544	
996	1.1789727717	0.1268158310	0.9595547544	
997	1.2158156708	0.1307788258	0.9595547544	
998	1.2526585699	0.1347418205	0.9595547544	
999	1.2895014690	0.1387048152	0.9595547544	
1000	1.3263443681	0.1426678099	0.9595547544	
1001	1.3631872673	0.1466308046	0.9595547544	
1002	1.4000301664	0.1505937994	0.9595547544	
1003	1.4368730655	0.1545567941	0.9595547544	
1004	1.4737159646	0.1585197888	0.9595547544	
1005	1.5105588637	0.1624827835	0.9595547544	
1006	1.5474017628	0.1664457783	0.9595547544	
1007	1.5842446620	0.1704087730	0.9595547544	
1008	1.6210875611	0.1743717677	0.9595547544	
1009	1.6579304602	0.1783347624	0.9595547544	
1010	1.6947733593	0.1822977571	0.9595547544	
1011	1.7316162584	0.1862607519	0.9595547544	
1012	1.7684591575	0.1902237466	0.9595547544	
1013	1.8053020566	0.1941867413	0.9595547544	
1014	1.8421449558	0.1981497360	0.9595547544	
1015	1.8789878549	0.2021127307	0.9595547544	
1016	1.9158307540	0.2060757255	0.9595547544	
1017	1.9526736531	0.2100387202	0.9595547544	
1018	1.9772355859	0.2126807167	0.9595547544	
1019	1.9895165522	0.2140017149	0.9595547544	
1020	0.9873779321	0.1616034144	0.9418767001	
1021	0.9995677831	0.1635985182	0.9418767001	
1022	1.0239474852	0.1675887260	0.9418767001	
1023	1.0605170382	0.1735740377	0.9418767001	
1024	1.0970865912	0.1795593493	0.9418767001	
1025	1.1336561443	0.1855446609	0.9418767001	
1026	1.1702256973	0.1915299726	0.9418767001	
1027	1.2067952504	0.1975152842	0.9418767001	
1028	1.2433648034	0.2035005959	0.9418767001	
1029	1.2799343565	0.2094859075	0.9418767001	
1030	1.3165039095	0.2154712192	0.9418767001	
1031	1.3530734625	0.2214565308	0.9418767001	
1032	1.3896430156	0.2274418424	0.9418767001	
1033	1.4262125686	0.2334271541	0.9418767001	
1034	1.4627821217	0.2394124657	0.9418767001	
1035	1.4993516747	0.2453977774	0.9418767001	
1036	1.5359212277	0.2513830890	0.9418767001	
1037	1.5724907808	0.2573684007	0.9418767001	
1038	1.6090603338	0.2633537123	0.9418767001	
1039	1.6456298869	0.2693390239	0.9418767001	
1040	1.6821994399	0.2753243356	0.9418767001	
1041	1.7187689930	0.2813096472	0.9418767001	
1042	1.7553385460	0.2872949589	0.9418767001	
1043	1.7919080990	0.2932802705	0.9418767001	
1044	1.8284776521	0.2992655822	0.9418767001	
1045	1.8650472051	0.3052508938	0.9418767001	
1046	1.9016167582	0.3112362054	0.9418767001	
1047	1.9381863112	0.3172215171	0.9418767001	
1048	1.9625660132	0.3212117249	0.9418767001	
1049	1.9747558642	0.3232068287	0.9418767001	
1050	0.9767871104	0.2166884503	0.9258057416	
1051	0.9888462106	0.2193636164	0.9258057416	
1052	1.0129644108	0.2247139485	0.9258057416	
1053	1.0491417112	0.2327394466	0.9258057416	
1054	1.0853190116	0.2407649448	0.9258057416	
1055	1.1214963120	0.2487904429	0.9258057416	
1056	1.1576736124	0.2568159411	0.9258057416	
1057	1.1938509128	0.2648414393	0.9258057416	
1058	1.2300282132	0.2728669374	0.9258057416	
1059	1.2662055135	0.2808924356	0.9258057416	
1060	1.3023828139	0.2889179337	0.9258057416	
1061	1.3385601143	0.2969434319	0.9258057416	
1062	1.3747374147	0.3049689301	0.9258057416	
1063	1.4109147151	0.3129944282	0.9258057416	
1064	1.4470920155	0.3210199264	0.9258057416	
1065	1.4832693159	0.3290454245	0.9258057416	
1066	1.5194466162	0.3370709227	0.9258057416	
1067	1.5556239166	0.3450964209	0.9258057416	
1068	1.5918012170	0.3531219190	0.9258057416	
1069	1.6279785174	0.3611474172	0.9258057416	
1070	1.6641558178	0.3691729153	0.9258057416	
1071	1.7003331182	0.3771984135	0.9258057416	
1072	1.7365104186	0.3852239117	0.9258057416	
1073	1.7726877190	0.3932494098	0.9258057416	
1074	1.8088650193	0.4012749080	0.9258057416	
1075	1.8450423197	0.4093004061	0.9258057416	
1076	1.8812196201	0.4173259043	0.9258057416	
1077	1.9173969205	0.4253514025	0.9258057416	
1078	1.9415151208	0.4307017346	0.9258057416	
1079	1.9535742209	0.4333769006	0.9258057416	
1080	0.9628719954	0.2719900726	0.9113418789	
1081	0.9747593040	0.2753479748	0.9113418789	
1082	0.9985339212	0.2820637790	0.9113418789	
1083	1.0341958469	0.2921374854	0.9113418789	
1084	1.0698577727	0.3022111918	0.9113418789	
1085	1.1055196985	0.3122848982	0.9113418789	
1086	1.1411816242	0.3223586046	0.9113418789	
1087	1.1768435500	0.3324323110	0.9113418789	
1088	1.2125054757	0.3425060174	0.9113418789	
1089	1.2481674015	0.3525797238	0.9113418789	
1090	1.2838293272	0.3626534302	0.9113418789	
1091	1.3194912530	0.3727271366	0.9113418789	
1092	1.3551531788	0.3828008430	0.9113418789	
1093	1.3908151045	0.3928745493	0.9113418789	
1094	1.4264770303	0.4029482557	0.9113418789	
1095	1.4621389560	0.4130219621	0.9113418789	
1096	1.4978008818	0.4230956685	0.9113418789	
1097	1.5334628075	0.4331693749	0.9113418789	
1098	1.5691247333	0.4432430813	0.9113418789	
1099	1.6047866591	0.4533167877	0.9113418789	
1100	1.6404485848	0.4633904941	0.9113418789	
1101	1.6761105106	0.4734642005	0.9113418789	
1102	1.7117724363	0.4835379069	0.9113418789	
1103	1.7474343621	0.4936116133	0.9113418789	
1104	1.7830962878	0.5036853197	0.9113418789	
1105	1.8187582136	0.5137590261	0.9113418789	
1106	1.8544201394	0.5238327325	0.9113418789	
1107	1.8900820651	0.5339064389	0.9113418789	
1108	1.9138566823	0.5406222431	0.9113418789	
1109	1.9257439909	0.5439801452	0.9113418789	
1110	0.9455467119	0.3272219917	0.8984851121	
1111	0.9572201281	0.3312617693	0.8984851121	
1112	0.9805669605	0.3393413247	0.8984851121	
1113	1.0155872091	0.3514606577	0.8984851121	
1114	1.0506074576	0.3635799907	0.8984851121	
1115	1.0856277062	0.3756993238	0.8984851121	
1116	1.1206479548	0.3878186568	0.8984851121	
1117	1.1556682034	0.3999379898	0.8984851121	
1118	1.1906884520	0.4120573228	0.8984851121	
1119	1.2257087006	0.4241766559	0.8984851121	
1120	1.2607289492	0.4362959889	0.8984851121	
1121	1.2957491978	0.4484153219	0.8984851121	
1122	1.3307694464	0.4605346549	0.8984851121	
1123	1.3657896949	0.4726539880	0.8984851121	
1124	1.4008099435	0.4847733210	0.8984851121	
1125	1.4358301921	0.4968926540	0.8984851121	
1126	1.4708504407	0.5090119870	0.8984851121	
1127	1.5058706893	0.5211313201	0.8984851121	
1128	1.5408909379	0.5332506531	0.8984851121	
1129	1.5759111865	0.5453699861	0.8984851121	
1130	1.6109314351	0.5574893191	0.8984851121	
1131	1.6459516836	0.5696086521	0.8984851121	
1132	1.6809719322	0.5817279852	0.8984851121	
1133	1.7159921808	0.5938473182	0.8984851121	
1134	1.7510124294	0.6059666512	0.8984851121	
1135	1.7860326780	0.6180859842	0.8984851121	
1136	1.8210529266	0.6302053173	0.8984851121	
1137	1.8560731752	0.6423246503	0.8984851121	
1138	1.8794200076	0.6504042056	0.8984851121	
1139	1.8910934238	0.6544439833	0.8984851121	
1140	0.9247571580	0.3820810439	0.8872354411	
1141	0.9361739130	0.3867980938	0.8872354411	
1142	0.9590074231	0.3962321936	0.8872354411	
1143	0.9932576882	0.4103833434	0.8872354411	
1144	1.0275079533	0.4245344932	0.8872354411	
1145	1.0617582184	0.4386856430	0.8872354411	
1146	1.0960084835	0.4528367927	0.8872354411	
1147	1.1302587486	0.4669879425	0.8872354411	
1148	1.1645090137	0.4811390923	0.8872354411	
1149	1.1987592788	0.4952902421	0.8872354411	
1150	1.2330095440	0.5094413918	0.8872354411	
1151	1.2672598091	0.5235925416	0.8872354411	
1152	1.3015100742	0.5377436914	0.8872354411	
1153	1.3357603393	0.5518948412	0.8872354411	
1154	1.3700106044	0.5660459909	0.8872354411	
1155	1.4042608695	0.5801971407	0.8872354411	
1156	1.4385111346	0.5943482905	0.8872354411	
1157	1.4727613997	0.6084994402	0.8872354411	
1158	1.5070116648	0.6226505900	0.8872354411	
1159	1.5412619299	0.6368017398	0.8872354411	
1160	1.5755121951	0.6509528896	0.8872354411	
1161	1.6097624602	0.6651040393	0.8872354411	
1162	1.6440127253	0.6792551891	0.8872354411	
1163	1.6782629904	0.6934063389	0.8872354411	
1164	1.7125132555	0.7075574887	0.8872354411	
1165	1.7467635206	0.7217086384	0.8872354411	
1166	1.7810137857	0.7358597882	0.8872354411	
1167	1.8152640508	0.7500109380	0.8872354411	
1168	1.8380975609	0.7594450378	0.8872354411	
1169	1.8495143159	0.7641620878	0.8872354411	
1170	0.9004843234	0.4362515075	0.8775928660	
1171	0.9116014138	0.4416373286	0.8775928660	
1172	0.9338355947	0.4524089708	0.8775928660	
1173	0.9671868659	0.4685664340	0.8775928660	
1174	1.0005381371	0.4847238972	0.8775928660	
1175	1.0338894084	0.5008813605	0.8775928660	
1176	1.0672406796	0.5170388237	0.8775928660	
1177	1.1005919508	0.5331962870	0.8775928660	
1178	1.1339432221	0.5493537502	0.8775928660	
1179	1.1672944933	0.5655112135	0.8775928660	
1180	1.2006457646	0.5816686767	0.8775928660	
1181	1.2339970358	0.5978261399	0.8775928660	
1182	1.2673483070	0.6139836032	0.8775928660	
1183	1.3006995783	0.6301410664	0.8775928660	
1184	1.3340508495	0.6462985297	0.8775928660	
1185	1.3674021207	0.6624559929	0.8775928660	
1186	1.4007533920	0.6786134561	0.8775928660	
1187	1.4341046632	0.6947709194	0.8775928660	
1188	1.4674559345	0.7109283826	0.8775928660	
1189	1.5008072057	0.7270858459	0.8775928660	
1190	1.5341584769	0.7432433091	0.8775928660	
1191	1.5675097482	0.7594007723	0.8775928660	
1192	1.6008610194	0.7755582356	0.8775928660	
1193	1.6342122906	0.7917156988	0.8775928660	
1194	1.6675635619	0.8078731621	0.8775928660	
1195	1.7009148331	0.8240306253	0.8775928660	
1196	1.7342661044	0.8401880886	0.8775928660	
1197	1.7676173756	0.8563455518	0.8775928660	
1198	1.7898515564	0.8671171940	0.8775928660	
1199	1.8009686468	0.8725030150	0.8775928660	
1200	0.8727469108	0.4894101254	0.8695573868	
1201	0.8835215640	0.4954522257	0.8695573868	
1202	0.9050708704	0.5075364263	0.8695573868	
1203	0.9373948301	0.5256627273	0.8695573868	
1204	0.9697187897	0.5437890282	0.8695573868	
1205	1.0020427494	0.5619153292	0.8695573868	
1206	1.0343667090	0.5800416301	0.8695573868	
1207	1.0666906687	0.5981679310	0.8695573868	
1208	1.0990146284	0.6162942320	0.8695573868	
1209	1.1313385880	0.6344205329	0.8695573868	
1210	1.1636625477	0.6525468339	0.8695573868	
1211	1.1959865073	0.6706731348	0.8695573868	
1212	1.2283104670	0.6887994357	0.8695573868	
1213	1.2606344267	0.7069257367	0.8695573868	
1214	1.2929583863	0.7250520376	0.8695573868	
1215	1.3252823460	0.7431783386	0.8695573868	
1216	1.3576063056	0.7613046395	0.8695573868	
1217	1.3899302653	0.7794309404	0.8695573868	
1218	1.4222542249	0.7975572414	0.8695573868	
1219	1.4545781846	0.8156835423	0.8695573868	
1220	1.4869021443	0.8338098433	0.8695573868	
1221	1.5192261039	0.8519361442	0.8695573868	
1222	1.5515500636	0.8700624451	0.8695573868	
1223	1.5838740232	0.8881887461	0.8695573868	
1224	1.6161979829	0.9063150470	0.8695573868	
1225	1.6485219425	0.9244413480	0.8695573868	
1226	1.6808459022	0.9425676489	0.8695573868	
1227	1.7131698619	0.9606939499	0.8695573868	
1228	1.7347191683	0.9727781505	0.8695573868	
1229	1.7454938215	0.9788202508	0.8695573868	
1230	0.8416030937	0.5412317028	0.8631290034	
1231	0.8519932553	0.5479135757	0.8631290034	
1232	0.8727735786	0.5612773214	0.8631290034	
1233	0.9039440636	0.5813229400	0.8631290034	
1234	0.9351145485	0.6013685587	0.8631290034	
1235	0.9662850335	0.6214141773	0.8631290034	
1236	0.9974555185	0.6414597959	0.8631290034	
1237	1.0286260034	0.6615054145	0.8631290034	
1238	1.0597964884	0.6815510332	0.8631290034	
1239	1.0909669733	0.7015966518	0.8631290034	
1240	1.1221374583	0.7216422704	0.8631290034	
1241	1.1533079432	0.7416878890	0.8631290034	
1242	1.1844784282	0.7617335077	0.8631290034	
1243	1.2156489131	0.7817791263	0.8631290034	
1244	1.2468193981	0.8018247449	0.8631290034	
1245	1.2779898830	0.8218703635	0.8631290034	
1246	1.3091603680	0.8419159821	0.8631290034	
1247	1.3403308529	0.8619616008	0.8631290034	
1248	1.3715013379	0.8820072194	0.8631290034	
1249	1.4026718228	0.9020528380	0.8631290034	
1250	1.4338423078	0.9220984566	0.8631290034	
1251	1.4650127927	0.9421440753	0.8631290034	
1252	1.4961832777	0.9621896939	0.8631290034	
1253	1.5273537626	0.9822353125	0.8631290034	
1254	1.5585242476	1.0022809311	0.8631290034	
1255	1.5896947325	1.0223265497	0.8631290034	
1256	1.6208652175	1.0423721684	0.8631290034	
1257	1.6520357024	1.0624177870	0.8631290034	
1258	1.6728160257	1.0757815327	0.8631290034	
1259	1.6832061874	1.0824634056	0.8631290034	
1260	0.8071512755	0.5913951058	0.8583077158	
1261	0.8171161060	0.5986962799	0.8583077158	
1262	0.8370457672	0.6132986282	0.8583077158	
1263	0.8669402589	0.6352021507	0.8583077158	
1264	0.8968347505	0.6571056731	0.8583077158	
1265	0.9267292422	0.6790091955	0.8583077158	
1266	0.9566237339	0.7009127180	0.8583077158	
1267	0.9865182256	0.7228162404	0.8583077158	
1268	1.0164127173	0.7447197628	0.8583077158	
1269	1.0463072090	0.7666232853	0.8583077158	
1270	1.0762017006	0.7885268077	0.8583077158	
1271	1.1060961923	0.8104303302	0.8583077158	
1272	1.1359906840	0.8323338526	0.8583077158	
1273	1.1658851757	0.8542373750	0.8583077158	
1274	1.1957796674	0.8761408975	0.8583077158	
1275	1.2256741591	0.8980444199	0.8583077158	
1276	1.2555686507	0.9199479423	0.8583077158	
1277	1.2854631424	0.9418514648	0.8583077158	
1278	1.3153576341	0.9637549872	0.8583077158	
1279	1.3452521258	0.9856585096	0.8583077158	
1280	1.3751466175	1.0075620321	0.8583077158	
1281	1.4050411092	1.0294655545	0.8583077158	
1282	1.4349356009	1.0513690770	0.8583077158	
1283	1.4648300925	1.0732725994	0.8583077158	
1284	1.4947245842	1.0951761218	0.8583077158	
1285	1.5246190759	1.1170796443	0.8583077158	
1286	1.5545135676	1.1389831667	0.8583077158	
1287	1.5844080593	1.1608866891	0.8583077158	
1288	1.6043377204	1.1754890374	0.8583077158	
1289	1.6143025510	1.1827902116	0.8583077158	
1290	0.7695297517	0.6395894493	0.8550935241	
1291	0.7790301190	0.6474856153	0.8550935241	
1292	0.7980308536	0.6632779474	0.8550935241	
1293	0.8265319555	0.6869664455	0.8550935241	
1294	0.8550330574	0.7106549437	0.8550935241	
1295	0.8835341594	0.7343434418	0.8550935241	
1296	0.9120352613	0.7580319399	0.8550935241	
1297	0.9405363632	0.7817204380	0.8550935241	
1298	0.9690374651	0.8054089361	0.8550935241	
1299	0.9975385670	0.8290974343	0.8550935241	
1300	1.0260396689	0.8527859324	0.8550935241	
1301	1.0545407708	0.8764744305	0.8550935241	
1302	1.0830418728	0.9001629286	0.8550935241	
1303	1.1115429747	0.9238514267	0.8550935241	
1304	1.1400440766	0.9475399249	0.8550935241	
1305	1.1685451785	0.9712284230	0.8550935241	
1306	1.1970462804	0.9949169211	0.8550935241	
1307	1.2255473823	1.0186054192	0.8550935241	
1308	1.2540484842	1.0422939174	0.8550935241	
1309	1.2825495862	1.0659824155	0.8550935241	
1310	1.3110506881	1.0896709136	0.8550935241	
1311	1.3395517900	1.1133594117	0.8550935241	
1312	1.3680528919	1.1370479098	0.8550935241	
1313	1.3965539938	1.1607364080	0.8550935241	
1314	1.4250550957	1.1844249061	0.8550935241	
1315	1.4535561976	1.2081134042	0.8550935241	
1316	1.4820572996	1.2318019023	0.8550935241	
1317	1.5105584015	1.2554904005	0.8550935241	
1318	1.5295591361	1.2712827325	0.8550935241	
1319	1.5390595034	1.2791788986	0.8550935241	
1320	0.7289152329	0.6855202405	0.8534864283	
1321	0.7379141864	0.6939834534	0.8534864283	
1322	0.7559120934	0.7109098791	0.8534864283	
1323	0.7829089538	0.7362995176	0.8534864283	
1324	0.8099058143	0.7616891561	0.8534864283	
1325	0.8369026748	0.7870787947	0.8534864283	
1326	0.8638995353	0.8124684332	0.8534864283	
1327	0.8908963958	0.8378580718	0.8534864283	
1328	0.9178932562	0.8632477103	0.8534864283	
1329	0.9448901167	0.8886373488	0.8534864283	
1330	0.9718869772	0.9140269874	0.8534864283	
1331	0.9988838377	0.9394166259	0.8534864283	
1332	1.0258806981	0.9648062644	0.8534864283	
1333	1.0528775586	0.9901959030	0.8534864283	
1334	1.0798744191	1.0155855415	0.8534864283	
1335	1.1068712796	1.0409751801	0.8534864283	
1336	1.1338681400	1.0663648186	0.8534864283	
1337	1.1608650005	1.0917544571	0.8534864283	
1338	1.1878618610	1.1171440957	0.8534864283	
1339	1.2148587215	1.1425337342	0.8534864283	
1340	1.2418555820	1.1679233727	0.8534864283	
1341	1.2688524424	1.1933130113	0.8534864283	
1342	1.2958493029	1.2187026498	0.8534864283	
1343	1.3228461634	1.2440922884	0.8534864283	
1344	1.3498430239	1.2694819269	0.8534864283	
1345	1.3768398843	1.2948715654	0.8534864283	
1346	1.4038367448	1.3202612040	0.8534864283	
1347	1.4308336053	1.3456508425	0.8534864283	
1348	1.4488315123	1.3625772682	0.8534864283	
1349	1.4578304658	1.3710404811	0.8534864283	
1350	0.6855202405	0.7289152329	0.8534864283	
1351	0.6939834534	0.7379141864	0.8534864283	
1352	0.7109098791	0.7559120934	0.8534864283	
1353	0.7362995176	0.7829089538	0.8534864283	
1354	0.7616891561	0.8099058143	0.8534864283	
1355	0.7870787947	0.8369026748	0.8534864283	
1356	0.8124684332	0.8638995353	0.8534864283	
1357	0.8378580718	0.8908963958	0.8534864283	
1358	0.8632477103	0.9178932562	0.8534864283	
1359	0.8886373488	0.9448901167	0.8534864283	
1360	0.9140269874	0.9718869772	0.8534864283	
1361	0.9394166259	0.9988838377	0.8534864283	
1362	0.9648062644	1.0258806981	0.8534864283	
1363	0.9901959030	1.0528775586	0.8534864283	
1364	1.0155855415	1.0798744191	0.8534864283	
1365	1.0409751801	1.1068712796	0.8534864283	
1366	1.0663648186	1.1338681400	0.8534864283	
1367	1.0917544571	1.1608650005	0.8534864283	
1368	1.1171440957	1.1878618610	0.8534864283	
1369	1.1425337342	1.2148587215	0.8534864283	
1370	1.1679233727	1.2418555820	0.8534864283	
1371	1.1933130113	1.2688524424	0.8534864283	
1372	1.2187026498	1.2958493029	0.8534864283	
1373	1.2440922884	1.3228461634	0.8534864283	
1374	1.2694819269	1.3498430239	0.8534864283	
1375	1.2948715654	1.3768398843	0.8534864283	
1376	1.3202612040	1.4038367448	0.8534864283	
1377	1.3456508425	1.4308336053	0.8534864283	
1378	1.3625772682	1.4488315123	0.8534864283	
1379	1.3710404811	1.4578304658	0.8534864283	
1380	0.6395894493	0.7695297517	0.8550935241	
1381	0.6474856153	0.7790301190	0.8550935241	
1382	0.6632779474	0.7980308536	0.8550935241	
1383	0.6869664455	0.8265319555	0.8550935241	
1384	0.7106549437	0.8550330574	0.8550935241	
1385	0.7343434418	0.8835341594	0.8550935241	
1386	0.7580319399	0.9120352613	0.8550935241	
1387	0.7817204380	0.9405363632	0.8550935241	
1388	0.8054089361	0.9690374651	0.8550935241	
1389	0.8290974343	0.9975385670	0.8550935241	
1390	0.8527859324	1.0260396689	0.8550935241	
1391	0.8764744305	1.0545407708	0.8550935241	
1392	0.9001629286	1.0830418728	0.8550935241	
1393	0.9238514267	1.1115429747	0.8550935241	
1394	0.9475399249	1.1400440766	0.8550935241	
1395	0.9712284230	1.1685451785	0.8550935241	
1396	0.9949169211	1.1970462804	0.8550935241	
1397	1.0186054192	1.2255473823	0.8550935241	
1398	1.0422939174	1.2540484842	0.8550935241	
1399	1.0659824155	1.2825495862	0.8550935241	
1400	1.0896709136	1.3110506881	0.8550935241	
1401	1.1133594117	1.3395517900	0.8550935241	
1402	1.1370479098	1.3680528919	0.8550935241	
1403	1.1607364080	1.3965539938	0.8550935241	
1404	1.1844249061	1.4250550957	0.8550935241	
1405	1.2081134042	1.4535561976	0.8550935241	
1406	1.2318019023	1.4820572996	0.8550935241	
1407	1.2554904005	1.5105584015	0.8550935241	
1408	1.2712827325	1.5295591361	0.8550935241	
1409	1.2791788986	1.5390595034	0.8550935241	
1410	0.5913951058	0.8071512755	0.8583077158	
1411	0.5986962799	0.8171161060	0.8583077158	
1412	0.6132986282	0.8370457672	0.8583077158	
1413	0.6352021507	0.8669402589	0.8583077158	
1414	0.6571056731	0.8968347505	0.8583077158	
1415	0.6790091955	0.9267292422	0.8583077158	
1416	0.7009127180	0.9566237339	0.8583077158	
1417	0.7228162404	0.9865182256	0.8583077158	
1418	0.7447197628	1.0164127173	0.8583077158	
1419	0.7666232853	1.0463072090	0.8583077158	
1420	0.7885268077	1.0762017006	0.8583077158	
1421	0.8104303302	1.1060961923	0.8583077158	
1422	0.8323338526	1.1359906840	0.8583077158	
1423	0.8542373750	1.1658851757	0.8583077158	
1424	0.8761408975	1.1957796674	0.8583077158	
1425	0.8980444199	1.2256741591	0.8583077158	
1426	0.9199479423	1.2555686507	0.8583077158	
1427	0.9418514648	1.2854631424	0.8583077158	
1428	0.9637549872	1.3153576341	0.8583077158	
1429	0.9856585096	1.3452521258	0.8583077158	
1430	1.0075620321	1.3751466175	0.8583077158	
1431	1.0294655545	1.4050411092	0.8583077158	
1432	1.0513690770	1.4349356009	0.8583077158	
1433	1.0732725994	1.4648300925	0.8583077158	
1434	1.0951761218	1.4947245842	0.8583077158	
1435	1.1170796443	1.5246190759	0.8583077158	
1436	1.1389831667	1.5545135676	0.8583077158	
1437	1.1608866891	1.5844080593	0.8583077158	
1438	1.1754890374	1.6043377204	0.8583077158	
1439	1.1827902116	1.6143025510	0.8583077158	
1440	0.5412317028	0.8416030937	0.8631290034	
1441	0.5479135757	0.8519932553	0.8631290034	
1442	0.5612773214	0.8727735786	0.8631290034	
1443	0.5813229400	0.9039440636	0.8631290034	
1444	0.6013685587	0.9351145485	0.8631290034	
1445	0.6214141773	0.9662850335	0.8631290034	
1446	0.6414597959	0.9974555185	0.8631290034	
1447	0.6615054145	1.0286260034	0.8631290034	
1448	0.6815510332	1.0597964884	0.8631290034	
1449	0.7015966518	1.0909669733	0.8631290034	
1450	0.7216422704	1.1221374583	0.8631290034	
1451	0.7416878890	1.1533079432	0.8631290034	
1452	0.7617335077	1.1844784282	0.8631290034	
1453	0.7817791263	1.2156489131	0.8631290034	
1454	0.8018247449	1.2468193981	0.8631290034	
1455	0.8218703635	1.2779898830	0.8631290034	
1456	0.8419159821	1.3091603680	0.8631290034	
1457	0.8619616008	1.3403308529	0.8631290034	
1458	0.8820072194	1.3715013379	0.8631290034	
1459	0.9020528380	1.4026718228	0.8631290034	
1460	0.9220984566	1.4338423078	0.8631290034	
1461	0.9421440753	1.4650127927	0.8631290034	
1462	0.9621896939	1.4961832777	0.8631290034	
1463	0.9822353125	1.5273537626	0.8631290034	
1464	1.0022809311	1.5585242476	0.8631290034	
1465	1.0223265497	1.5896947325	0.8631290034	
1466	1.0423721684	1.6208652175	0.8631290034	
1467	1.0624177870	1.6520357024	0.8631290034	
1468	1.0757815327	1.6728160257	0.8631290034	
1469	1.0824634056	1.6832061874	0.8631290034	
1470	0.4894101254	0.8727469108	0.8695573868	
1471	0.4954522257	0.8835215640	0.8695573868	
1472	0.5075364263	0.9050708704	0.8695573868	
1473	0.5256627273	0.9373948301	0.8695573868	
1474	0.5437890282	0.9697187897	0.8695573868	
1475	0.5619153292	1.0020427494	0.8695573868	
1476	0.5800416301	1.0343667090	0.8695573868	
1477	0.5981679310	1.0666906687	0.8695573868	
1478	0.6162942320	1.0990146284	0.8695573868	
1479	0.6344205329	1.1313385880	0.8695573868	
1480	0.6525468339	1.1636625477	0.8695573868	
1481	0.6706731348	1.1959865073	0.8695573868	
1482	0.6887994357	1.2283104670	0.8695573868	
1483	0.7069257367	1.2606344267	0.8695573868	
1484	0.7250520376	1.2929583863	0.8695573868	
1485	0.7431783386	1.3252823460	0.8695573868	
1486	0.7613046395	1.3576063056	0.8695573868	
1487	0.7794309404	1.3899302653	0.8695573868	
1488	0.7975572414	1.4222542249	0.8695573868	
1489	0.8156835423	1.4545781846	0.8695573868	
1490	0.8338098433	1.4869021443	0.8695573868	
1491	0.8519361442	1.5192261039	0.8695573868	
1492	0.8700624451	1.5515500636	0.8695573868	
1493	0.8881887461	1.5838740232	0.8695573868	
1494	0.9063150470	1.6161979829	0.8695573868	
1495	0.9244413480	1.6485219425	0.8695573868	
1496	0.9425676489	1.6808459022	0.8695573868	
1497	0.9606939499	1.7131698619	0.8695573868	
1498	0.9727781505	1.7347191683	0.8695573868	
1499	0.9788202508	1.7454938215	0.8695573868	
1500	0.4362515075	0.9004843234	0.8775928660	
1501	0.4416373286	0.9116014138	0.8775928660	
1502	0.4524089708	0.9338355947	0.8775928660	
1503	0.4685664340	0.9671868659	0.8775928660	
1504	0.4847238972	1.0005381371	0.8775928660	
1505	0.5008813605	1.0338894084	0.8775928660	
1506	0.5170388237	1.0672406796	0.8775928660	
1507	0.5331962870	1.1005919508	0.8775928660	
1508	0.5493537502	1.1339432221	0.8775928660	
1509	0.5655112135	1.1672944933	0.8775928660	
1510	0.5816686767	1.2006457646	0.8775928660	
1511	0.5978261399	1.2339970358	0.8775928660	
1512	0.6139836032	1.2673483070	0.8775928660	
1513	0.6301410664	1.3006995783	0.8775928660	
1514	0.6462985297	1.3340508495	0.8775928660	
1515	0.6624559929	1.3674021207	0.8775928660	
1516	0.6786134561	1.4007533920	0.8775928660	
1517	0.6947709194	1.4341046632	0.8775928660	
1518	0.7109283826	1.4674559345	0.8775928660	
1519	0.7270858459	1.5008072057	0.8775928660	
1520	0.7432433091	1.5341584769	0.8775928660	
1521	0.7594007723	1.5675097482	0.8775928660	
1522	0.7755582356	1.6008610194	0.8775928660	
1523	0.7917156988	1.6342122906	0.8775928660	
1524	0.8078731621	1.6675635619	0.8775928660	
1525	0.8240306253	1.7009148331	0.8775928660	
1526	0.8401880886	1.7342661044	0.8775928660	
1527	0.8563455518	1.7676173756	0.8775928660	
1528	0.8671171940	1.7898515564	0.8775928660	
1529	0.8725030150	1.8009686468	0.8775928660	
1530	0.3820810439	0.9247571580	0.8872354411	
1531	0.3867980938	0.9361739130	0.8872354411	
1532	0.3962321936	0.9590074231	0.8872354411	
1533	0.4103833434	0.9932576882	0.8872354411	
1534	0.4245344932	1.0275079533	0.8872354411	
1535	0.4386856430	1.0617582184	0.8872354411	
1536	0.4528367927	1.0960084835	0.8872354411	
1537	0.4669879425	1.1302587486	0.8872354411	
1538	0.4811390923	1.1645090137	0.8872354411	
1539	0.4952902421	1.1987592788	0.8872354411	
1540	0.5094413918	1.2330095440	0.8872354411	
1541	0.5235925416	1.2672598091	0.8872354411	
1542	0.5377436914	1.3015100742	0.8872354411	
1543	0.5518948412	1.3357603393	0.8872354411	
1544	0.5660459909	1.3700106044	0.8872354411	
1545	0.5801971407	1.4042608695	0.8872354411	
1546	0.5943482905	1.4385111346	0.8872354411	
1547	0.6084994402	1.4727613997	0.8872354411	
1548	0.6226505900	1.5070116648	0.8872354411	
1549	0.6368017398	1.5412619299	0.8872354411	
1550	0.6509528896	1.5755121951	0.8872354411	
1551	0.6651040393	1.6097624602	0.8872354411	
1552	0.6792551891	1.6440127253	0.8872354411	
1553	0.6934063389	1.6782629904	0.8872354411	
1554	0.7075574887	1.7125132555	0.8872354411	
1555	0.7217086384	1.7467635206	0.8872354411	
1556	0.7358597882	1.7810137857	0.8872354411	
1557	0.7500109380	1.8152640508	0.8872354411	
1558	0.7594450378	1.8380975609	0.8872354411	
1559	0.7641620878	1.8495143159	0.8872354411	
1560	0.3272219917	0.9455467119	0.8984851121	
1561	0.3312617693	0.9572201281	0.8984851121	
1562	0.3393413247	0.9805669605	0.8984851121	
1563	0.3514606577	1.0155872091	0.8984851121	
1564	0.3635799907	1.0506074576	0.8984851121	
1565	0.3756993238	1.0856277062	0.8984851121	
1566	0.3878186568	1.1206479548	0.8984851121	
1567	0.3999379898	1.1556682034	0.8984851121	
1568	0.4120573228	1.1906884520	0.8984851121	
1569	0.4241766559	1.2257087006	0.8984851121	
1570	0.4362959889	1.2607289492	0.8984851121	
1571	0.4484153219	1.2957491978	0.8984851121	
1572	0.4605346549	1.3307694464	0.8984851121	
1573	0.4726539880	1.3657896949	0.8984851121	
1574	0.4847733210	1.4008099435	0.8984851121	
1575	0.4968926540	1.4358301921	0.8984851121	
1576	0.5090119870	1.4708504407	0.8984851121	
1577	0.5211313201	1.5058706893	0.8984851121	
1578	0.5332506531	1.5408909379	0.8984851121	
1579	0.5453699861	1.5759111865	0.8984851121	
1580	0.5574893191	1.6109314351	0.8984851121	
1581	0.5696086521	1.6459516836	0.8984851121	
1582	0.5817279852	1.6809719322	0.8984851121	
1583	0.5938473182	1.7159921808	0.8984851121	
1584	0.6059666512	1.7510124294	0.8984851121	
1585	0.6180859842	1.7860326780	0.8984851121	
1586	0.6302053173	1.8210529266	0.8984851121	
1587	0.6423246503	1.8560731752	0.8984851121	
1588	0.6504042056	1.8794200076	0.8984851121	
1589	0.6544439833	1.8910934238	0.8984851121	
1590	0.2719900726	0.9628719954	0.9113418789	
1591	0.2753479748	0.9747593040	0.9113418789	
1592	0.2820637790	0.9985339212	0.9113418789	
1593	0.2921374854	1.0341958469	0.9113418789	
1594	0.3022111918	1.0698577727	0.9113418789	
1595	0.3122848982	1.1055196985	0.9113418789	
1596	0.3223586046	1.1411816242	0.9113418789	
1597	0.3324323110	1.1768435500	0.9113418789	
1598	0.3425060174	1.2125054757	0.9113418789	
1599	0.3525797238	1.2481674015	0.9113418789	
1600	0.3626534302	1.2838293272	0.9113418789	
1601	0.3727271366	1.3194912530	0.9113418789	
1602	0.3828008430	1.3551531788	0.9113418789	
1603	0.3928745493	1.3908151045	0.9113418789	
1604	0.4029482557	1.4264770303	0.9113418789	
1605	0.4130219621	1.4621389560	0.9113418789	
1606	0.4230956685	1.4978008818	0.9113418789	
1607	0.4331693749	1.5334628075	0.9113418789	
1608	0.4432430813	1.5691247333	0.9113418789	
1609	0.4533167877	1.6047866591	0.9113418789	
1610	0.4633904941	1.6404485848	0.9113418789	
1611	0.4734642005	1.6761105106	0.9113418789	
1612	0.4835379069	1.7117724363	0.9113418789	
1613	0.4936116133	1.7474343621	0.9113418789	
1614	0.5036853197	1.7830962878	0.9113418789	
1615	0.5137590261	1.8187582136	0.9113418789	
1616	0.5238327325	1.8544201394	0.9113418789	
1617	0.5339064389	1.8900820651	0.9113418789	
1618	0.5406222431	1.9138566823	0.9113418789	
1619	0.5439801452	1.9257439909	0.9113418789	
1620	0.2166884503	0.9767871104	0.9258057416	
1621	0.2193636164	0.9888462106	0.9258057416	
1622	0.2247139485	1.0129644108	0.9258057416	
1623	0.2327394466	1.0491417112	0.9258057416	
1624	0.2407649448	1.0853190116	0.9258057416	
1625	0.2487904429	1.1214963120	0.9258057416	
1626	0.2568159411	1.1576736124	0.9258057416	
1627	0.2648414393	1.1938509128	0.9258057416	
1628	0.2728669374	1.2300282132	0.9258057416	
1629	0.2808924356	1.2662055135	0.9258057416	
1630	0.2889179337	1.3023828139	0.9258057416	
1631	0.2969434319	1.3385601143	0.9258057416	
1632	0.3049689301	1.3747374147	0.9258057416	
1633	0.3129944282	1.4109147151	0.9258057416	
1634	0.3210199264	1.4470920155	0.9258057416	
1635	0.3290454245	1.4832693159	0.9258057416	
1636	0.3370709227	1.5194466162	0.9258057416	
1637	0.3450964209	1.5556239166	0.9258057416	
1638	0.3531219190	1.5918012170	0.9258057416	
1639	0.3611474172	1.6279785174	0.9258057416	
1640	0.3691729153	1.6641558178	0.9258057416	
1641	0.3771984135	1.7003331182	0.9258057416	
1642	0.3852239117	1.7365104186	0.9258057416	
1643	0.3932494098	1.7726877190	0.9258057416	
1644	0.4012749080	1.8088650193	0.9258057416	
1645	0.4093004061	1.8450423197	0.9258057416	
1646	0.4173259043	1.8812196201	0.9258057416	
1647	0.4253514025	1.9173969205	0.9258057416	
1648	0.4307017346	1.9415151208	0.9258057416	
1649	0.4333769006	1.9535742209	0.9258057416	
1650	0.1616034144	0.9873779321	0.9418767001	
1651	0.1635985182	0.9995677831	0.9418767001	
1652	0.1675887260	1.0239474852	0.9418767001	
1653	0.1735740377	1.0605170382	0.9418767001	
1654	0.1795593493	1.0970865912	0.9418767001	
1655	0.1855446609	1.1336561443	0.9418767001	
1656	0.1915299726	1.1702256973	0.9418767001	
1657	0.1975152842	1.2067952504	0.9418767001	
1658	0.2035005959	1.2433648034	0.9418767001	
1659	0.2094859075	1.2799343565	0.9418767001	
1660	0.2154712192	1.3165039095	0.9418767001	
1661	0.2214565308	1.3530734625	0.9418767001	
1662	0.2274418424	1.3896430156	0.9418767001	
1663	0.2334271541	1.4262125686	0.9418767001	
1664	0.2394124657	1.4627821217	0.9418767001	
1665	0.2453977774	1.4993516747	0.9418767001	
1666	0.2513830890	1.5359212277	0.9418767001	
1667	0.2573684007	1.5724907808	0.9418767001	
1668	0.2633537123	1.6090603338	0.9418767001	
1669	0.2693390239	1.6456298869	0.9418767001	
1670	0.2753243356	1.6821994399	0.9418767001	
1671	0.2813096472	1.7187689930	0.9418767001	
1672	0.2872949589	1.7553385460	0.9418767001	
1673	0.2932802705	1.7919080990	0.9418767001	
1674	0.2992655822	1.8284776521	0.9418767001	
1675	0.3052508938	1.8650472051	0.9418767001	
1676	0.3112362054	1.9016167582	0.9418767001	
1677	0.3172215171	1.9381863112	0.9418767001	
1678	0.3212117249	1.9625660132	0.9418767001	
1679	0.3232068287	1.9747558642	0.9418767001	
1680	0.1070008574	0.9947582761	0.9595547544	
1681	0.1083218557	1.0070392425	0.9595547544	
1682	0.1109638522	1.0316011752	0.9595547544	
1683	0.1149268469	1.0684440743	0.9595547544	
1684	0.1188898416	1.1052869735	0.9595547544	
1685	0.1228528363	1.1421298726	0.9595547544	
1686	0.1268158310	1.1789727717	0.9595547544	
1687	0.1307788258	1.2158156708	0.9595547544	
1688	0.1347418205	1.2526585699	0.9595547544	
1689	0.1387048152	1.2895014690	0.9595547544	
1690	0.1426678099	1.3263443681	0.9595547544	
1691	0.1466308046	1.3631872673	0.9595547544	
1692	0.1505937994	1.4000301664	0.9595547544	
1693	0.1545567941	1.4368730655	0.9595547544	
1694	0.1585197888	1.4737159646	0.9595547544	
1695	0.1624827835	1.5105588637	0.9595547544	
1696	0.1664457783	1.5474017628	0.9595547544	
1697	0.1704087730	1.5842446620	0.9595547544	
1698	0.1743717677	1.6210875611	0.9595547544	
1699	0.1783347624	1.6579304602	0.9595547544	
1700	0.1822977571	1.6947733593	0.9595547544	
1701	0.1862607519	1.7316162584	0.9595547544	
1702	0.1902237466	1.7684591575	0.9595547544	
1703	0.1941867413	1.8053020566	0.9595547544	
1704	0.1981497360	1.8421449558	0.9595547544	
1705	0.2021127307	1.8789878549	0.9595547544	
1706	0.2060757255	1.9158307540	0.9595547544	
1707	0.2100387202	1.9526736531	0.9595547544	
1708	0.2126807167	1.9772355859	0.9595547544	
1709	0.2140017149	1.9895165522	0.9595547544	
1710	0.0531235841	0.9990657361	0.9788399046	
1711	0.0537794308	1.0113998810	0.9788399046	
1712	0.0550911242	1.0360681708	0.9788399046	
1713	0.0570586644	1.0730706055	0.9788399046	
1714	0.0590262045	1.1100730402	0.9788399046	
1715	0.0609937447	1.1470754748	0.9788399046	
1716	0.0629612848	1.1840779095	0.9788399046	
1717	0.0649288250	1.2210803442	0.9788399046	
1718	0.0668963651	1.2580827789	0.9788399046	
1719	0.0688639053	1.2950852135	0.9788399046	
1720	0.0708314454	1.3320876482	0.9788399046	
1721	0.0727989856	1.3690900829	0.9788399046	
1722	0.0747665257	1.4060925175	0.9788399046	
1723	0.0767340659	1.4430949522	0.9788399046	
1724	0.0787016060	1.4800973869	0.9788399046	
1725	0.0806691462	1.5170998216	0.9788399046	
1726	0.0826366863	1.5541022562	0.9788399046	
1727	0.0846042265	1.5911046909	0.9788399046	
1728	0.0865717666	1.6281071256	0.9788399046	
1729	0.0885393068	1.6651095602	0.9788399046	
1730	0.0905068469	1.7021119949	0.9788399046	
1731	0.0924743871	1.7391144296	0.9788399046	
1732	0.0944419272	1.7761168643	0.9788399046	
1733	0.0964094674	1.8131192989	0.9788399046	
1734	0.0983770075	1.8501217336	0.9788399046	
1735	0.1003445477	1.8871241683	0.9788399046	
1736	0.1023120878	1.9241266029	0.9788399046	
1737	0.1042796280	1.9611290376	0.9788399046	
1738	0.1055913214	1.9857973274	0.9788399046	
1739	0.1062471681	1.9981314723	0.9788399046	
1740	0.0175866119	1.0000000000	0.9927680687	
1741	0.0178037305	1.0123456790	0.9927680687	
1742	0.0182379679	1.0370370370	0.9927680687	
1743	0.0188893239	1.0740740741	0.9927680687	
1744	0.0195406799	1.1111111111	0.9927680687	
1745	0.0201920358	1.1481481481	0.9927680687	
1746	0.0208433918	1.1851851852	0.9927680687	
1747	0.0214947478	1.2222222222	0.9927680687	
1748	0.0221461038	1.2592592593	0.9927680687	
1749	0.0227974598	1.2962962963	0.9927680687	
1750	0.0234488158	1.3333333333	0.9927680687	
1751	0.0241001718	1.3703703704	0.9927680687	
1752	0.0247515278	1.4074074074	0.9927680687	
1753	0.0254028838	1.4444444444	0.9927680687	
1754	0.0260542398	1.4814814815	0.9927680687	
1755	0.0267055958	1.5185185185	0.9927680687	
1756	0.0273569518	1.5555555556	0.9927680687	
1757	0.0280083078	1.5925925926	0.9927680687	
1758	0.0286596638	1.6296296296	0.9927680687	
1759	0.0293110198	1.6666666667	0.9927680687	
1760	0.0299623758	1.7037037037	0.9927680687	
1761	0.0306137318	1.7407407407	0.9927680687	
1762	0.0312650878	1.7777777778	0.9927680687	
1763	0.0319164438	1.8148148148	0.9927680687	
1764	0.0325677998	1.8518518519	0.9927680687	
1765	0.0332191557	1.8888888889	0.9927680687	
1766	0.0338705117	1.9259259259	0.9927680687	
1767	0.0345218677	1.9629629630	0.9927680687	
1768	0.0349561051	1.9876543210	0.9927680687	
1769	0.0351732237	2.0000000000	0.9927680687	
1770	0.0000000000	1.0000000000	1.0000000000	
1771	0.0000000000	1.0123456790	1.0000000000	
1772	0.0000000000	1.0370370370	1.0000000000	
1773	0.0000000000	1.0740740741	1.0000000000	
1774	0.0000000000	1.1111111111	1.0000000000	
1775	0.0000000000	1.1481481481	1.0000000000	
1776	0.0000000000	1.1851851852	1.0000000000	
1777	0.0000000000	1.2222222222	1.0000000000	
1778	0.0000000000	1.2592592593	1.0000000000	
1779	0.0000000000	1.2962962963	1.0000000000	
1780	0.0000000000	1.3333333333	1.0000000000	
1781	0.0000000000	1.3703703704	1.0000000000	
1782	0.0000000000	1.4074074074	1.0000000000	
1783	0.0000000000	1.4444444444	1.0000000000	
1784	0.0000000000	1.4814814815	1.0000000000	
1785	0.0000000000	1.5185185185	1.0000000000	
1786	0.0000000000	1.5555555556	1.0000000000	
1787	0.0000000000	1.5925925926	1.0000000000	
1788	0.0000000000	1.6296296296	1.0000000000	
1789	0.0000000000	1.6666666667	1.0000000000	
1790	0.0000000000	1.7037037037	1.0000000000	
1791	0.0000000000	1.7407407407	1.0000000000	
1792	0.0000000000	1.7777777778	1.0000000000	
1793	0.0000000000	1.8148148148	1.0000000000	
1794	0.0000000000	1.8518518519	1.0000000000	
1795	0.0000000000	1.8888888889	1.0000000000	
1796	0.0000000000	1.9259259259	1.0000000000	
1797	0.0000000000	1.9629629630	1.0000000000	
1798	0.0000000000	1.9876543210	1.0000000000	
1799	0.0000000000	2.0000000000	1.0000000000	

0	1	0.0000000000
1	1	0.0000000000
2	1	0.0000000000
3	1	0.0000000000
4	1	0.0000000000
5	1	0.0000000000
6	1	0.0000000000
7	1	0.0000000000
8	1	0.0000000000
9	1	0.0000000000
10	1	0.0000000000
11	1	0.0000000000
12	1	0.0000000000
13	1	0.0000000000
14	1	0.0000000000
15	1	0.0000000000
16	1	0.0000000000
17	1	0.0000000000
18	1	0.0000000000
19	1	0.0000000000
20	1	0.0000000000
21	1	0.0000000000
22	1	0.0000000000
23	1	0.0000000000
24	1	0.0000000000
25	1	0.0000000000
26	1	0.0000000000
27	1	0.0000000000
28	1	0.0000000000
29	1	0.0000000000
0	0	0.0000000000
30	0	0.0000000000
60	0	0.0000000000
90	0	0.0000000000
120	0	0.0000000000
150	0	0.0000000000
180	0	0.0000000000
210	0	0.0000000000
240	0	0.0000000000
270	0	0.0000000000
300	0	0.0000000000
330	0	0.0000000000
360	0	0.0000000000
390	0	0.0000000000
420	0	0.0000000000
450	0	0.0000000000
480	0	0.0000000000
510	0	0.0000000000
540	0	0.0000000000
570	0	0.0000000000
600	0	0.0000000000
630	0	0.0000000000
660	0	0.0000000000
690	0	0.0000000000
720	0	0.0000000000
750	0	0.0000000000
780	0	0.0000000000
810	0	0.0000000000
840	0	0.0000000000
870	0	0.0000000000
900	1	0.0000000000
901	1	0.0000000000
902	1	0.0000000000
903	1	0.0000000000
904	1	0.0000000000
905	1	0.0000000000
906	1	0.0000000000
907	1	0.0000000000
908	1	0.0000000000
909	1	0.0000000000
910	1	0.0000000000
911	1	0.0000000000
912	1	0.0000000000
913	1	0.0000000000
914	1	0.0000000000
915	1	0.0000000000
916	1	0.0000000000
917	1	0.0000000000
918	1	0.0000000000
919	1	0.0000000000
920	1	0.0000000000
921	1	0.0000000000
922	1	0.0000000000
923	1	0.0000000000
924	1	0.0000000000
925	1	0.0000000000
926	1	0.0000000000
927	1	0.0000000000
928	1	0.0000000000
929	1	0.0000000000
959	1	0.0000000000
989	1	0.0000000000
1019	1	0.0000000000
1049	1	0.0000000000
1079	1	0.0000000000
1109	1	0.0000000000
1139	1	0.0000000000
1169	1	0.0000000000
1199	1	0.0000000000
1229	1	0.0000000000
1259	1	0.0000000000
1289	1	0.0000000000
1319	1	0.0000000000
1349	1	0.0000000000
1379	1	0.0000000000
1409	1	0.0000000000
1439	1	0.0000000000
1469	1	0.0000000000
1499	1	0.0000000000
1529	1	0.0000000000
1559	1	0.0000000000
1589	1	0.0000000000
1619	1	0.0000000000
1649	1	0.0000000000
1679	1	0.0000000000
1709	1	0.0000000000
1739	1	0.0000000000
1769	1	0.0000000000
1799	1	0.0000000000
929	0	0.0000000000
959	0	0.0000000000
989	0	0.0000000000
1019	0	0.0000000000
1049	0	0.0000000000
1079	0	0.0000000000
1109	0	0.0000000000
1139	0	0.0000000000
1169	0	0.0000000000
1199	0	0.0000000000
1229	0	0.0000000000
1259	0	0.0000000000
1289	0	0.0000000000
1319	0	0.0000000000
1349	0	0.0000000000
1379	0	0.0000000000
1409	0	0.0000000000
1439	0	0.0000000000
1469	0	0.0000000000
1499	0	0.0000000000
1529	0	0.0000000000
1559	0	0.0000000000
1589	0	0.0000000000
1619	0	0.0000000000
1649	0	0.0000000000
1679	0	0.0000000000
1709	0	0.0000000000
1739	0	0.0000000000
1769	0	0.0000000000
1770	0	0.0000000000
1771	0	0.0000000000
1772	0	0.0000000000
1773	0	0.0000000000
1774	0	0.0000000000
1775	0	0.0000000000
1776	0	0.0000000000
1777	0	0.0000000000
1778	0	0.0000000000
1779	0	0.0000000000
1780	0	0.0000000000
1781	0	0.0000000000
1782	0	0.0000000000
1783	0	0.0000000000
1784	0	0.0000000000
1785	0	0.0000000000
1786	0	0.0000000000
1787	0	0.0000000000
1788	0	0.0000000000
1789	0	0.0000000000
1790	0	0.0000000000
1791	0	0.0000000000
1792	0	0.0000000000
1793	0	0.0000000000
1794	0	0.0000000000
1795	0	0.0000000000
1796	0	0.0000000000
1797	0	0.0000000000
1798	0	0.0000000000
1799	0	0.0000000000


1	0	0	1.0000000000	0.0000000000	1.0000000000	10.0000000000	0.0000000000	0.0000000000
