206000.000	0.300000

1

1000

3	3

14	14

10	10

0	1	2	3	4	5	6	7	8	9	10	11	12	13	14	15	16	17	18	19	20	21	22	23	24	25	26	27	28	29	30	31	32	33	34	35	36	37	38	39	40	41	42	43	44	45	46	47	48	49	50	51	52	53	54	55	56	57	58	59	60	61	62	63	64	65	66	67	68	69	70	71	72	73	74	75	76	77	78	79	80	81	82	83	84	85	86	87	88	89	90	91	92	93	94	95	96	97	98	99	100	101	102	103	104	105	106	107	108	109	110	111	112	113	114	115	116	117	118	119	120	121	122	123	124	125	126	127	128	129	130	131	132	133	134	135	136	137	138	139	140	141	142	143	144	145	146	147	148	149	150	151	152	153	154	155	156	157	158	159	160	161	162	163	164	165	166	167	168	169	170	171	172	173	174	175	176	177	178	179	180	181	182	183	184	185	186	187	188	189	190	191	192	193	194	195	196	197	198	199	200	201	202	203	204	205	206	207	208	209	210	211	212	213	214	215	216	217	218	219	220	221	222	223	224	225	226	227	228	229	230	231	232	233	234	235	236	237	238	239	240	241	242	243	244	245	246	247	248	249	250	251	252	253	254	255	256	257	258	259	260	261	262	263	264	265	266	267	268	269	270	271	272	273	274	275	276	277	278	279	280	281	282	283	284	285	286	287	288	289	290	291	292	293	294	295	296	297	298	299	300	301	302	303	304	305	306	307	308	309	310	311	312	313	314	315	316	317	318	319	320	321	322	323	324	325	326	327	328	329	330	331	332	333	334	335	336	337	338	339	340	341	342	343	344	345	346	347	348	349	350	351	352	353	354	355	356	357	358	359	360	361	362	363	364	365	366	367	368	369	370	371	372	373	374	375	376	377	378	379	380	381	382	383	384	385	386	387	388	389	390	391	392	393	394	395	396	397	398	399	400	401	402	403	404	405	406	407	408	409	410	411	412	413	414	415	416	417	418	419	420	421	422	423	424	425	426	427	428	429	430	431	432	433	434	435	436	437	438	439	440	441	442	443	444	445	446	447	448	449	450	451	452	453	454	455	456	457	458	459	460	461	462	463	464	465	466	467	468	469	470	471	472	473	474	475	476	477	478	479	480	481	482	483	484	485	486	487	488	489	490	491	492	493	494	495	496	497	498	499	500	501	502	503	504	505	506	507	508	509	510	511	512	513	514	515	516	517	518	519	520	521	522	523	524	525	526	527	528	529	530	531	532	533	534	535	536	537	538	539	540	541	542	543	544	545	546	547	548	549	550	551	552	553	554	555	556	557	558	559	560	561	562	563	564	565	566	567	568	569	570	571	572	573	574	575	576	577	578	579	580	581	582	583	584	585	586	587	588	589	590	591	592	593	594	595	596	597	598	599	600	601	602	603	604	605	606	607	608	609	610	611	612	613	614	615	616	617	618	619	620	621	622	623	624	625	626	627	628	629	630	631	632	633	634	635	636	637	638	639	640	641	642	643	644	645	646	647	648	649	650	651	652	653	654	655	656	657	658	659	660	661	662	663	664	665	666	667	668	669	670	671	672	673	674	675	676	677	678	679	680	681	682	683	684	685	686	687	688	689	690	691	692	693	694	695	696	697	698	699	700	701	702	703	704	705	706	707	708	709	710	711	712	713	714	715	716	717	718	719	720	721	722	723	724	725	726	727	728	729	730	731	732	733	734	735	736	737	738	739	740	741	742	743	744	745	746	747	748	749	750	751	752	753	754	755	756	757	758	759	760	761	762	763	764	765	766	767	768	769	770	771	772	773	774	775	776	777	778	779	780	781	782	783	784	785	786	787	788	789	790	791	792	793	794	795	796	797	798	799	800	801	802	803	804	805	806	807	808	809	810	811	812	813	814	815	816	817	818	819	820	821	822	823	824	825	826	827	828	829	830	831	832	833	834	835	836	837	838	839	840	841	842	843	844	845	846	847	848	849	850	851	852	853	854	855	856	857	858	859	860	861	862	863	864	865	866	867	868	869	870	871	872	873	874	875	876	877	878	879	880	881	882	883	884	885	886	887	888	889	890	891	892	893	894	895	896	897	898	899	900	901	902	903	904	905	906	907	908	909	910	911	912	913	914	915	916	917	918	919	920	921	922	923	924	925	926	927	928	929	930	931	932	933	934	935	936	937	938	939	940	941	942	943	944	945	946	947	948	949	950	951	952	953	954	955	956	957	958	959	960	961	962	963	964	965	966	967	968	969	970	971	972	973	974	975	976	977	978	979	980	981	982	983	984	985	986	987	988	989	990	991	992	993	994	995	996	997	998	999	

1464	0	0

0.00000	0.00000	0.00000	0.00000	0.14286	0.28571	0.42857	0.57143	0.71429	0.85714	1.00000	1.00000	1.00000	1.00000	
0.00000	0.00000	0.00000	0.00000	0.14286	0.28571	0.42857	0.57143	0.71429	0.85714	1.00000	1.00000	1.00000	1.00000	
0.00000	0.00000	0.00000	0.00000	0.14286	0.28571	0.42857	0.57143	0.71429	0.85714	1.00000	1.00000	1.00000	1.00000	

0	0.3000000000	3.0000000000	3.0000000000	1.0000000000	
1	0.3190476190	3.0000000000	3.0000000000	1.0000000000	
2	0.3571428571	3.0000000000	3.0000000000	1.0000000000	
3	0.4142857143	3.0000000000	3.0000000000	1.0000000000	
4	0.4714285714	3.0000000000	3.0000000000	1.0000000000	
5	0.5285714286	3.0000000000	3.0000000000	1.0000000000	
6	0.5857142857	3.0000000000	3.0000000000	1.0000000000	
7	0.6428571429	3.0000000000	3.0000000000	1.0000000000	
8	0.6809523810	3.0000000000	3.0000000000	1.0000000000	
9	0.7000000000	3.0000000000	3.0000000000	1.0000000000	
10	0.3000000000	3.1428571429	3.0000000000	1.0000000000	
11	0.3190476190	3.1428571429	3.0000000000	1.0000000000	
12	0.3571428571	3.1428571429	3.0000000000	1.0000000000	
13	0.4142857143	3.1428571429	3.0000000000	1.0000000000	
14	0.4714285714	3.1428571429	3.0000000000	1.0000000000	
15	0.5285714286	3.1428571429	3.0000000000	1.0000000000	
16	0.5857142857	3.1428571429	3.0000000000	1.0000000000	
17	0.6428571429	3.1428571429	3.0000000000	1.0000000000	
18	0.6809523810	3.1428571429	3.0000000000	1.0000000000	
19	0.7000000000	3.1428571429	3.0000000000	1.0000000000	
20	0.3000000000	3.4285714286	3.0000000000	1.0000000000	
21	0.3190476190	3.4285714286	3.0000000000	1.0000000000	
22	0.3571428571	3.4285714286	3.0000000000	1.0000000000	
23	0.4142857143	3.4285714286	3.0000000000	1.0000000000	
24	0.4714285714	3.4285714286	3.0000000000	1.0000000000	
25	0.5285714286	3.4285714286	3.0000000000	1.0000000000	
26	0.5857142857	3.4285714286	3.0000000000	1.0000000000	
27	0.6428571429	3.4285714286	3.0000000000	1.0000000000	
28	0.6809523810	3.4285714286	3.0000000000	1.0000000000	
29	0.7000000000	3.4285714286	3.0000000000	1.0000000000	
30	0.3000000000	3.8571428571	3.0000000000	1.0000000000	
31	0.3190476190	3.8571428571	3.0000000000	1.0000000000	
32	0.3571428571	3.8571428571	3.0000000000	1.0000000000	
33	0.4142857143	3.8571428571	3.0000000000	1.0000000000	
34	0.4714285714	3.8571428571	3.0000000000	1.0000000000	
35	0.5285714286	3.8571428571	3.0000000000	1.0000000000	
36	0.5857142857	3.8571428571	3.0000000000	1.0000000000	
37	0.6428571429	3.8571428571	3.0000000000	1.0000000000	
38	0.6809523810	3.8571428571	3.0000000000	1.0000000000	
39	0.7000000000	3.8571428571	3.0000000000	1.0000000000	
40	0.3000000000	4.2857142857	3.0000000000	1.0000000000	
41	0.3190476190	4.2857142857	3.0000000000	1.0000000000	
42	0.3571428571	4.2857142857	3.0000000000	1.0000000000	
43	0.4142857143	4.2857142857	3.0000000000	1.0000000000	
44	0.4714285714	4.2857142857	3.0000000000	1.0000000000	
45	0.5285714286	4.2857142857	3.0000000000	1.0000000000	
46	0.5857142857	4.2857142857	3.0000000000	1.0000000000	
47	0.6428571429	4.2857142857	3.0000000000	1.0000000000	
48	0.6809523810	4.2857142857	3.0000000000	1.0000000000	
49	0.7000000000	4.2857142857	3.0000000000	1.0000000000	
50	0.3000000000	4.7142857143	3.0000000000	1.0000000000	
51	0.3190476190	4.7142857143	3.0000000000	1.0000000000	
52	0.3571428571	4.7142857143	3.0000000000	1.0000000000	
53	0.4142857143	4.7142857143	3.0000000000	1.0000000000	
54	0.4714285714	4.7142857143	3.0000000000	1.0000000000	
55	0.5285714286	4.7142857143	3.0000000000	1.0000000000	
56	0.5857142857	4.7142857143	3.0000000000	1.0000000000	
57	0.6428571429	4.7142857143	3.0000000000	1.0000000000	
58	0.6809523810	4.7142857143	3.0000000000	1.0000000000	
59	0.7000000000	4.7142857143	3.0000000000	1.0000000000	
60	0.3000000000	5.1428571429	3.0000000000	1.0000000000	
61	0.3190476190	5.1428571429	3.0000000000	1.0000000000	
62	0.3571428571	5.1428571429	3.0000000000	1.0000000000	
63	0.4142857143	5.1428571429	3.0000000000	1.0000000000	
64	0.4714285714	5.1428571429	3.0000000000	1.0000000000	
65	0.5285714286	5.1428571429	3.0000000000	1.0000000000	
66	0.5857142857	5.1428571429	3.0000000000	1.0000000000	
67	0.6428571429	5.1428571429	3.0000000000	1.0000000000	
68	0.6809523810	5.1428571429	3.0000000000	1.0000000000	
69	0.7000000000	5.1428571429	3.0000000000	1.0000000000	
70	0.3000000000	5.5714285714	3.0000000000	1.0000000000	
71	0.3190476190	5.5714285714	3.0000000000	1.0000000000	
72	0.3571428571	5.5714285714	3.0000000000	1.0000000000	
73	0.4142857143	5.5714285714	3.0000000000	1.0000000000	
74	0.4714285714	5.5714285714	3.0000000000	1.0000000000	
75	0.5285714286	5.5714285714	3.0000000000	1.0000000000	
76	0.5857142857	5.5714285714	3.0000000000	1.0000000000	
77	0.6428571429	5.5714285714	3.0000000000	1.0000000000	
78	0.6809523810	5.5714285714	3.0000000000	1.0000000000	
79	0.7000000000	5.5714285714	3.0000000000	1.0000000000	
80	0.3000000000	5.8571428571	3.0000000000	1.0000000000	
81	0.3190476190	5.8571428571	3.0000000000	1.0000000000	
82	0.3571428571	5.8571428571	3.0000000000	1.0000000000	
83	0.4142857143	5.8571428571	3.0000000000	1.0000000000	
84	0.4714285714	5.8571428571	3.0000000000	1.0000000000	
85	0.5285714286	5.8571428571	3.0000000000	1.0000000000	
86	0.5857142857	5.8571428571	3.0000000000	1.0000000000	
87	0.6428571429	5.8571428571	3.0000000000	1.0000000000	
88	0.6809523810	5.8571428571	3.0000000000	1.0000000000	
89	0.7000000000	5.8571428571	3.0000000000	1.0000000000	
90	0.3000000000	6.0000000000	3.0000000000	1.0000000000	
91	0.3190476190	6.0000000000	3.0000000000	1.0000000000	
92	0.3571428571	6.0000000000	3.0000000000	1.0000000000	
93	0.4142857143	6.0000000000	3.0000000000	1.0000000000	
94	0.4714285714	6.0000000000	3.0000000000	1.0000000000	
95	0.5285714286	6.0000000000	3.0000000000	1.0000000000	
96	0.5857142857	6.0000000000	3.0000000000	1.0000000000	
97	0.6428571429	6.0000000000	3.0000000000	1.0000000000	
98	0.6809523810	6.0000000000	3.0000000000	1.0000000000	
99	0.7000000000	6.0000000000	3.0000000000	1.0000000000	
100	0.3000000000	3.0000000000	3.1428571429	1.0000000000	
101	0.3190476190	3.0000000000	3.1428571429	1.0000000000	
102	0.3571428571	3.0000000000	3.1428571429	1.0000000000	
103	0.4142857143	3.0000000000	3.1428571429	1.0000000000	
104	0.4714285714	3.0000000000	3.1428571429	1.0000000000	
105	0.5285714286	3.0000000000	3.1428571429	1.0000000000	
106	0.5857142857	3.0000000000	3.1428571429	1.0000000000	
107	0.6428571429	3.0000000000	3.1428571429	1.0000000000	
108	0.6809523810	3.0000000000	3.1428571429	1.0000000000	
109	0.7000000000	3.0000000000	3.1428571429	1.0000000000	
110	0.3000000000	3.1428571429	3.1428571429	1.0000000000	
111	0.3190476190	3.1428571429	3.1428571429	1.0000000000	
112	0.3571428571	3.1428571429	3.1428571429	1.0000000000	
113	0.4142857143	3.1428571429	3.1428571429	1.0000000000	
114	0.4714285714	3.1428571429	3.1428571429	1.0000000000	
115	0.5285714286	3.1428571429	3.1428571429	1.0000000000	
116	0.5857142857	3.1428571429	3.1428571429	1.0000000000	
117	0.6428571429	3.1428571429	3.1428571429	1.0000000000	
118	0.6809523810	3.1428571429	3.1428571429	1.0000000000	
119	0.7000000000	3.1428571429	3.1428571429	1.0000000000	
120	0.3000000000	3.4285714286	3.1428571429	1.0000000000	
121	0.3190476190	3.4285714286	3.1428571429	1.0000000000	
122	0.3571428571	3.4285714286	3.1428571429	1.0000000000	
123	0.4142857143	3.4285714286	3.1428571429	1.0000000000	
124	0.4714285714	3.4285714286	3.1428571429	1.0000000000	
125	0.5285714286	3.4285714286	3.1428571429	1.0000000000	
126	0.5857142857	3.4285714286	3.1428571429	1.0000000000	
127	0.6428571429	3.4285714286	3.1428571429	1.0000000000	
128	0.6809523810	3.4285714286	3.1428571429	1.0000000000	
129	0.7000000000	3.4285714286	3.1428571429	1.0000000000	
130	0.3000000000	3.8571428571	3.1428571429	1.0000000000	
131	0.3190476190	3.8571428571	3.1428571429	1.0000000000	
132	0.3571428571	3.8571428571	3.1428571429	1.0000000000	
133	0.4142857143	3.8571428571	3.1428571429	1.0000000000	
134	0.4714285714	3.8571428571	3.1428571429	1.0000000000	
135	0.5285714286	3.8571428571	3.1428571429	1.0000000000	
136	0.5857142857	3.8571428571	3.1428571429	1.0000000000	
137	0.6428571429	3.8571428571	3.1428571429	1.0000000000	
138	0.6809523810	3.8571428571	3.1428571429	1.0000000000	
139	0.7000000000	3.8571428571	3.1428571429	1.0000000000	
140	0.3000000000	4.2857142857	3.1428571429	1.0000000000	
141	0.3190476190	4.2857142857	3.1428571429	1.0000000000	
142	0.3571428571	4.2857142857	3.1428571429	1.0000000000	
143	0.4142857143	4.2857142857	3.1428571429	1.0000000000	
144	0.4714285714	4.2857142857	3.1428571429	1.0000000000	
145	0.5285714286	4.2857142857	3.1428571429	1.0000000000	
146	0.5857142857	4.2857142857	3.1428571429	1.0000000000	
147	0.6428571429	4.2857142857	3.1428571429	1.0000000000	
148	0.6809523810	4.2857142857	3.1428571429	1.0000000000	
149	0.7000000000	4.2857142857	3.1428571429	1.0000000000	
150	0.3000000000	4.7142857143	3.1428571429	1.0000000000	
151	0.3190476190	4.7142857143	3.1428571429	1.0000000000	
152	0.3571428571	4.7142857143	3.1428571429	1.0000000000	
153	0.4142857143	4.7142857143	3.1428571429	1.0000000000	
154	0.4714285714	4.7142857143	3.1428571429	1.0000000000	
155	0.5285714286	4.7142857143	3.1428571429	1.0000000000	
156	0.5857142857	4.7142857143	3.1428571429	1.0000000000	
157	0.6428571429	4.7142857143	3.1428571429	1.0000000000	
158	0.6809523810	4.7142857143	3.1428571429	1.0000000000	
159	0.7000000000	4.7142857143	3.1428571429	1.0000000000	
160	0.3000000000	5.1428571429	3.1428571429	1.0000000000	
161	0.3190476190	5.1428571429	3.1428571429	1.0000000000	
162	0.3571428571	5.1428571429	3.1428571429	1.0000000000	
163	0.4142857143	5.1428571429	3.1428571429	1.0000000000	
164	0.4714285714	5.1428571429	3.1428571429	1.0000000000	
165	0.5285714286	5.1428571429	3.1428571429	1.0000000000	
166	0.5857142857	5.1428571429	3.1428571429	1.0000000000	
167	0.6428571429	5.1428571429	3.1428571429	1.0000000000	
168	0.6809523810	5.1428571429	3.1428571429	1.0000000000	
169	0.7000000000	5.1428571429	3.1428571429	1.0000000000	
170	0.3000000000	5.5714285714	3.1428571429	1.0000000000	
171	0.3190476190	5.5714285714	3.1428571429	1.0000000000	
172	0.3571428571	5.5714285714	3.1428571429	1.0000000000	
173	0.4142857143	5.5714285714	3.1428571429	1.0000000000	
174	0.4714285714	5.5714285714	3.1428571429	1.0000000000	
175	0.5285714286	5.5714285714	3.1428571429	1.0000000000	
176	0.5857142857	5.5714285714	3.1428571429	1.0000000000	
177	0.6428571429	5.5714285714	3.1428571429	1.0000000000	
178	0.6809523810	5.5714285714	3.1428571429	1.0000000000	
179	0.7000000000	5.5714285714	3.1428571429	1.0000000000	
180	0.3000000000	5.8571428571	3.1428571429	1.0000000000	
181	0.3190476190	5.8571428571	3.1428571429	1.0000000000	
182	0.3571428571	5.8571428571	3.1428571429	1.0000000000	
183	0.4142857143	5.8571428571	3.1428571429	1.0000000000	
184	0.4714285714	5.8571428571	3.1428571429	1.0000000000	
185	0.5285714286	5.8571428571	3.1428571429	1.0000000000	
186	0.5857142857	5.8571428571	3.1428571429	1.0000000000	
187	0.6428571429	5.8571428571	3.1428571429	1.0000000000	
188	0.6809523810	5.8571428571	3.1428571429	1.0000000000	
189	0.7000000000	5.8571428571	3.1428571429	1.0000000000	
190	0.3000000000	6.0000000000	3.1428571429	1.0000000000	
191	0.3190476190	6.0000000000	3.1428571429	1.0000000000	
192	0.3571428571	6.0000000000	3.1428571429	1.0000000000	
193	0.4142857143	6.0000000000	3.1428571429	1.0000000000	
194	0.4714285714	6.0000000000	3.1428571429	1.0000000000	
195	0.5285714286	6.0000000000	3.1428571429	1.0000000000	
196	0.5857142857	6.0000000000	3.1428571429	1.0000000000	
197	0.6428571429	6.0000000000	3.1428571429	1.0000000000	
198	0.6809523810	6.0000000000	3.1428571429	1.0000000000	
199	0.7000000000	6.0000000000	3.1428571429	1.0000000000	
200	0.3000000000	3.0000000000	3.4285714286	1.0000000000	
201	0.3190476190	3.0000000000	3.4285714286	1.0000000000	
202	0.3571428571	3.0000000000	3.4285714286	1.0000000000	
203	0.4142857143	3.0000000000	3.4285714286	1.0000000000	
204	0.4714285714	3.0000000000	3.4285714286	1.0000000000	
205	0.5285714286	3.0000000000	3.4285714286	1.0000000000	
206	0.5857142857	3.0000000000	3.4285714286	1.0000000000	
207	0.6428571429	3.0000000000	3.4285714286	1.0000000000	
208	0.6809523810	3.0000000000	3.4285714286	1.0000000000	
209	0.7000000000	3.0000000000	3.4285714286	1.0000000000	
210	0.3000000000	3.1428571429	3.4285714286	1.0000000000	
211	0.3190476190	3.1428571429	3.4285714286	1.0000000000	
212	0.3571428571	3.1428571429	3.4285714286	1.0000000000	
213	0.4142857143	3.1428571429	3.4285714286	1.0000000000	
214	0.4714285714	3.1428571429	3.4285714286	1.0000000000	
215	0.5285714286	3.1428571429	3.4285714286	1.0000000000	
216	0.5857142857	3.1428571429	3.4285714286	1.0000000000	
217	0.6428571429	3.1428571429	3.4285714286	1.0000000000	
218	0.6809523810	3.1428571429	3.4285714286	1.0000000000	
219	0.7000000000	3.1428571429	3.4285714286	1.0000000000	
220	0.3000000000	3.4285714286	3.4285714286	1.0000000000	
221	0.3190476190	3.4285714286	3.4285714286	1.0000000000	
222	0.3571428571	3.4285714286	3.4285714286	1.0000000000	
223	0.4142857143	3.4285714286	3.4285714286	1.0000000000	
224	0.4714285714	3.4285714286	3.4285714286	1.0000000000	
225	0.5285714286	3.4285714286	3.4285714286	1.0000000000	
226	0.5857142857	3.4285714286	3.4285714286	1.0000000000	
227	0.6428571429	3.4285714286	3.4285714286	1.0000000000	
228	0.6809523810	3.4285714286	3.4285714286	1.0000000000	
229	0.7000000000	3.4285714286	3.4285714286	1.0000000000	
230	0.3000000000	3.8571428571	3.4285714286	1.0000000000	
231	0.3190476190	3.8571428571	3.4285714286	1.0000000000	
232	0.3571428571	3.8571428571	3.4285714286	1.0000000000	
233	0.4142857143	3.8571428571	3.4285714286	1.0000000000	
234	0.4714285714	3.8571428571	3.4285714286	1.0000000000	
235	0.5285714286	3.8571428571	3.4285714286	1.0000000000	
236	0.5857142857	3.8571428571	3.4285714286	1.0000000000	
237	0.6428571429	3.8571428571	3.4285714286	1.0000000000	
238	0.6809523810	3.8571428571	3.4285714286	1.0000000000	
239	0.7000000000	3.8571428571	3.4285714286	1.0000000000	
240	0.3000000000	4.2857142857	3.4285714286	1.0000000000	
241	0.3190476190	4.2857142857	3.4285714286	1.0000000000	
242	0.3571428571	4.2857142857	3.4285714286	1.0000000000	
243	0.4142857143	4.2857142857	3.4285714286	1.0000000000	
244	0.4714285714	4.2857142857	3.4285714286	1.0000000000	
245	0.5285714286	4.2857142857	3.4285714286	1.0000000000	
246	0.5857142857	4.2857142857	3.4285714286	1.0000000000	
247	0.6428571429	4.2857142857	3.4285714286	1.0000000000	
248	0.6809523810	4.2857142857	3.4285714286	1.0000000000	
249	0.7000000000	4.2857142857	3.4285714286	1.0000000000	
250	0.3000000000	4.7142857143	3.4285714286	1.0000000000	
251	0.3190476190	4.7142857143	3.4285714286	1.0000000000	
252	0.3571428571	4.7142857143	3.4285714286	1.0000000000	
253	0.4142857143	4.7142857143	3.4285714286	1.0000000000	
254	0.4714285714	4.7142857143	3.4285714286	1.0000000000	
255	0.5285714286	4.7142857143	3.4285714286	1.0000000000	
256	0.5857142857	4.7142857143	3.4285714286	1.0000000000	
257	0.6428571429	4.7142857143	3.4285714286	1.0000000000	
258	0.6809523810	4.7142857143	3.4285714286	1.0000000000	
259	0.7000000000	4.7142857143	3.4285714286	1.0000000000	
260	0.3000000000	5.1428571429	3.4285714286	1.0000000000	
261	0.3190476190	5.1428571429	3.4285714286	1.0000000000	
262	0.3571428571	5.1428571429	3.4285714286	1.0000000000	
263	0.4142857143	5.1428571429	3.4285714286	1.0000000000	
264	0.4714285714	5.1428571429	3.4285714286	1.0000000000	
265	0.5285714286	5.1428571429	3.4285714286	1.0000000000	
266	0.5857142857	5.1428571429	3.4285714286	1.0000000000	
267	0.6428571429	5.1428571429	3.4285714286	1.0000000000	
268	0.6809523810	5.1428571429	3.4285714286	1.0000000000	
269	0.7000000000	5.1428571429	3.4285714286	1.0000000000	
270	0.3000000000	5.5714285714	3.4285714286	1.0000000000	
271	0.3190476190	5.5714285714	3.4285714286	1.0000000000	
272	0.3571428571	5.5714285714	3.4285714286	1.0000000000	
273	0.4142857143	5.5714285714	3.4285714286	1.0000000000	
274	0.4714285714	5.5714285714	3.4285714286	1.0000000000	
275	0.5285714286	5.5714285714	3.4285714286	1.0000000000	
276	0.5857142857	5.5714285714	3.4285714286	1.0000000000	
277	0.6428571429	5.5714285714	3.4285714286	1.0000000000	
278	0.6809523810	5.5714285714	3.4285714286	1.0000000000	
279	0.7000000000	5.5714285714	3.4285714286	1.0000000000	
280	0.3000000000	5.8571428571	3.4285714286	1.0000000000	
281	0.3190476190	5.8571428571	3.4285714286	1.0000000000	
282	0.3571428571	5.8571428571	3.4285714286	1.0000000000	
283	0.4142857143	5.8571428571	3.4285714286	1.0000000000	
284	0.4714285714	5.8571428571	3.4285714286	1.0000000000	
285	0.5285714286	5.8571428571	3.4285714286	1.0000000000	
286	0.5857142857	5.8571428571	3.4285714286	1.0000000000	
287	0.6428571429	5.8571428571	3.4285714286	1.0000000000	
288	0.6809523810	5.8571428571	3.4285714286	1.0000000000	
289	0.7000000000	5.8571428571	3.4285714286	1.0000000000	
290	0.3000000000	6.0000000000	3.4285714286	1.0000000000	
291	0.3190476190	6.0000000000	3.4285714286	1.0000000000	
292	0.3571428571	6.0000000000	3.4285714286	1.0000000000	
293	0.4142857143	6.0000000000	3.4285714286	1.0000000000	
294	0.4714285714	6.0000000000	3.4285714286	1.0000000000	
295	0.5285714286	6.0000000000	3.4285714286	1.0000000000	
296	0.5857142857	6.0000000000	3.4285714286	1.0000000000	
297	0.6428571429	6.0000000000	3.4285714286	1.0000000000	
298	0.6809523810	6.0000000000	3.4285714286	1.0000000000	
299	0.7000000000	6.0000000000	3.4285714286	1.0000000000	
300	0.3000000000	3.0000000000	3.8571428571	1.0000000000	
301	0.3190476190	3.0000000000	3.8571428571	1.0000000000	
302	0.3571428571	3.0000000000	3.8571428571	1.0000000000	
303	0.4142857143	3.0000000000	3.8571428571	1.0000000000	
304	0.4714285714	3.0000000000	3.8571428571	1.0000000000	
305	0.5285714286	3.0000000000	3.8571428571	1.0000000000	
306	0.5857142857	3.0000000000	3.8571428571	1.0000000000	
307	0.6428571429	3.0000000000	3.8571428571	1.0000000000	
308	0.6809523810	3.0000000000	3.8571428571	1.0000000000	
309	0.7000000000	3.0000000000	3.8571428571	1.0000000000	
310	0.3000000000	3.1428571429	3.8571428571	1.0000000000	
311	0.3190476190	3.1428571429	3.8571428571	1.0000000000	
312	0.3571428571	3.1428571429	3.8571428571	1.0000000000	
313	0.4142857143	3.1428571429	3.8571428571	1.0000000000	
314	0.4714285714	3.1428571429	3.8571428571	1.0000000000	
315	0.5285714286	3.1428571429	3.8571428571	1.0000000000	
316	0.5857142857	3.1428571429	3.8571428571	1.0000000000	
317	0.6428571429	3.1428571429	3.8571428571	1.0000000000	
318	0.6809523810	3.1428571429	3.8571428571	1.0000000000	
319	0.7000000000	3.1428571429	3.8571428571	1.0000000000	
320	0.3000000000	3.4285714286	3.8571428571	1.0000000000	
321	0.3190476190	3.4285714286	3.8571428571	1.0000000000	
322	0.3571428571	3.4285714286	3.8571428571	1.0000000000	
323	0.4142857143	3.4285714286	3.8571428571	1.0000000000	
324	0.4714285714	3.4285714286	3.8571428571	1.0000000000	
325	0.5285714286	3.4285714286	3.8571428571	1.0000000000	
326	0.5857142857	3.4285714286	3.8571428571	1.0000000000	
327	0.6428571429	3.4285714286	3.8571428571	1.0000000000	
328	0.6809523810	3.4285714286	3.8571428571	1.0000000000	
329	0.7000000000	3.4285714286	3.8571428571	1.0000000000	
330	0.3000000000	3.8571428571	3.8571428571	1.0000000000	
331	0.3190476190	3.8571428571	3.8571428571	1.0000000000	
332	0.3571428571	3.8571428571	3.8571428571	1.0000000000	
333	0.4142857143	3.8571428571	3.8571428571	1.0000000000	
334	0.4714285714	3.8571428571	3.8571428571	1.0000000000	
335	0.5285714286	3.8571428571	3.8571428571	1.0000000000	
336	0.5857142857	3.8571428571	3.8571428571	1.0000000000	
337	0.6428571429	3.8571428571	3.8571428571	1.0000000000	
338	0.6809523810	3.8571428571	3.8571428571	1.0000000000	
339	0.7000000000	3.8571428571	3.8571428571	1.0000000000	
340	0.3000000000	4.2857142857	3.8571428571	1.0000000000	
341	0.3190476190	4.2857142857	3.8571428571	1.0000000000	
342	0.3571428571	4.2857142857	3.8571428571	1.0000000000	
343	0.4142857143	4.2857142857	3.8571428571	1.0000000000	
344	0.4714285714	4.2857142857	3.8571428571	1.0000000000	
345	0.5285714286	4.2857142857	3.8571428571	1.0000000000	
346	0.5857142857	4.2857142857	3.8571428571	1.0000000000	
347	0.6428571429	4.2857142857	3.8571428571	1.0000000000	
348	0.6809523810	4.2857142857	3.8571428571	1.0000000000	
349	0.7000000000	4.2857142857	3.8571428571	1.0000000000	
350	0.3000000000	4.7142857143	3.8571428571	1.0000000000	
351	0.3190476190	4.7142857143	3.8571428571	1.0000000000	
352	0.3571428571	4.7142857143	3.8571428571	1.0000000000	
353	0.4142857143	4.7142857143	3.8571428571	1.0000000000	
354	0.4714285714	4.7142857143	3.8571428571	1.0000000000	
355	0.5285714286	4.7142857143	3.8571428571	1.0000000000	
356	0.5857142857	4.7142857143	3.8571428571	1.0000000000	
357	0.6428571429	4.7142857143	3.8571428571	1.0000000000	
358	0.6809523810	4.7142857143	3.8571428571	1.0000000000	
359	0.7000000000	4.7142857143	3.8571428571	1.0000000000	
360	0.3000000000	5.1428571429	3.8571428571	1.0000000000	
361	0.3190476190	5.1428571429	3.8571428571	1.0000000000	
362	0.3571428571	5.1428571429	3.8571428571	1.0000000000	
363	0.4142857143	5.1428571429	3.8571428571	1.0000000000	
364	0.4714285714	5.1428571429	3.8571428571	1.0000000000	
365	0.5285714286	5.1428571429	3.8571428571	1.0000000000	
366	0.5857142857	5.1428571429	3.8571428571	1.0000000000	
367	0.6428571429	5.1428571429	3.8571428571	1.0000000000	
368	0.6809523810	5.1428571429	3.8571428571	1.0000000000	
369	0.7000000000	5.1428571429	3.8571428571	1.0000000000	
370	0.3000000000	5.5714285714	3.8571428571	1.0000000000	
371	0.3190476190	5.5714285714	3.8571428571	1.0000000000	
372	0.3571428571	5.5714285714	3.8571428571	1.0000000000	
373	0.4142857143	5.5714285714	3.8571428571	1.0000000000	
374	0.4714285714	5.5714285714	3.8571428571	1.0000000000	
375	0.5285714286	5.5714285714	3.8571428571	1.0000000000	
376	0.5857142857	5.5714285714	3.8571428571	1.0000000000	
377	0.6428571429	5.5714285714	3.8571428571	1.0000000000	
378	0.6809523810	5.5714285714	3.8571428571	1.0000000000	
379	0.7000000000	5.5714285714	3.8571428571	1.0000000000	
380	0.3000000000	5.8571428571	3.8571428571	1.0000000000	
381	0.3190476190	5.8571428571	3.8571428571	1.0000000000	
382	0.3571428571	5.8571428571	3.8571428571	1.0000000000	
383	0.4142857143	5.8571428571	3.8571428571	1.0000000000	
384	0.4714285714	5.8571428571	3.8571428571	1.0000000000	
385	0.5285714286	5.8571428571	3.8571428571	1.0000000000	
386	0.5857142857	5.8571428571	3.8571428571	1.0000000000	
387	0.6428571429	5.8571428571	3.8571428571	1.0000000000	
388	0.6809523810	5.8571428571	3.8571428571	1.0000000000	
389	0.7000000000	5.8571428571	3.8571428571	1.0000000000	
390	0.3000000000	6.0000000000	3.8571428571	1.0000000000	
391	0.3190476190	6.0000000000	3.8571428571	1.0000000000	
392	0.3571428571	6.0000000000	3.8571428571	1.0000000000	
393	0.4142857143	6.0000000000	3.8571428571	1.0000000000	
394	0.4714285714	6.0000000000	3.8571428571	1.0000000000	
395	0.5285714286	6.0000000000	3.8571428571	1.0000000000	
396	0.5857142857	6.0000000000	3.8571428571	1.0000000000	
397	0.6428571429	6.0000000000	3.8571428571	1.0000000000	
398	0.6809523810	6.0000000000	3.8571428571	1.0000000000	
399	0.7000000000	6.0000000000	3.8571428571	1.0000000000	
400	0.3000000000	3.0000000000	4.2857142857	1.0000000000	
401	0.3190476190	3.0000000000	4.2857142857	1.0000000000	
402	0.3571428571	3.0000000000	4.2857142857	1.0000000000	
403	0.4142857143	3.0000000000	4.2857142857	1.0000000000	
404	0.4714285714	3.0000000000	4.2857142857	1.0000000000	
405	0.5285714286	3.0000000000	4.2857142857	1.0000000000	
406	0.5857142857	3.0000000000	4.2857142857	1.0000000000	
407	0.6428571429	3.0000000000	4.2857142857	1.0000000000	
408	0.6809523810	3.0000000000	4.2857142857	1.0000000000	
409	0.7000000000	3.0000000000	4.2857142857	1.0000000000	
410	0.3000000000	3.1428571429	4.2857142857	1.0000000000	
411	0.3190476190	3.1428571429	4.2857142857	1.0000000000	
412	0.3571428571	3.1428571429	4.2857142857	1.0000000000	
413	0.4142857143	3.1428571429	4.2857142857	1.0000000000	
414	0.4714285714	3.1428571429	4.2857142857	1.0000000000	
415	0.5285714286	3.1428571429	4.2857142857	1.0000000000	
416	0.5857142857	3.1428571429	4.2857142857	1.0000000000	
417	0.6428571429	3.1428571429	4.2857142857	1.0000000000	
418	0.6809523810	3.1428571429	4.2857142857	1.0000000000	
419	0.7000000000	3.1428571429	4.2857142857	1.0000000000	
420	0.3000000000	3.4285714286	4.2857142857	1.0000000000	
421	0.3190476190	3.4285714286	4.2857142857	1.0000000000	
422	0.3571428571	3.4285714286	4.2857142857	1.0000000000	
423	0.4142857143	3.4285714286	4.2857142857	1.0000000000	
424	0.4714285714	3.4285714286	4.2857142857	1.0000000000	
425	0.5285714286	3.4285714286	4.2857142857	1.0000000000	
426	0.5857142857	3.4285714286	4.2857142857	1.0000000000	
427	0.6428571429	3.4285714286	4.2857142857	1.0000000000	
428	0.6809523810	3.4285714286	4.2857142857	1.0000000000	
429	0.7000000000	3.4285714286	4.2857142857	1.0000000000	
430	0.3000000000	3.8571428571	4.2857142857	1.0000000000	
431	0.3190476190	3.8571428571	4.2857142857	1.0000000000	
432	0.3571428571	3.8571428571	4.2857142857	1.0000000000	
433	0.4142857143	3.8571428571	4.2857142857	1.0000000000	
434	0.4714285714	3.8571428571	4.2857142857	1.0000000000	
435	0.5285714286	3.8571428571	4.2857142857	1.0000000000	
436	0.5857142857	3.8571428571	4.2857142857	1.0000000000	
437	0.6428571429	3.8571428571	4.2857142857	1.0000000000	
438	0.6809523810	3.8571428571	4.2857142857	1.0000000000	
439	0.7000000000	3.8571428571	4.2857142857	1.0000000000	
440	0.3000000000	4.2857142857	4.2857142857	1.0000000000	
441	0.3190476190	4.2857142857	4.2857142857	1.0000000000	
442	0.3571428571	4.2857142857	4.2857142857	1.0000000000	
443	0.4142857143	4.2857142857	4.2857142857	1.0000000000	
444	0.4714285714	4.2857142857	4.2857142857	1.0000000000	
445	0.5285714286	4.2857142857	4.2857142857	1.0000000000	
446	0.5857142857	4.2857142857	4.2857142857	1.0000000000	
447	0.6428571429	4.2857142857	4.2857142857	1.0000000000	
448	0.6809523810	4.2857142857	4.2857142857	1.0000000000	
449	0.7000000000	4.2857142857	4.2857142857	1.0000000000	
450	0.3000000000	4.7142857143	4.2857142857	1.0000000000	
451	0.3190476190	4.7142857143	4.2857142857	1.0000000000	
452	0.3571428571	4.7142857143	4.2857142857	1.0000000000	
453	0.4142857143	4.7142857143	4.2857142857	1.0000000000	
454	0.4714285714	4.7142857143	4.2857142857	1.0000000000	
455	0.5285714286	4.7142857143	4.2857142857	1.0000000000	
456	0.5857142857	4.7142857143	4.2857142857	1.0000000000	
457	0.6428571429	4.7142857143	4.2857142857	1.0000000000	
458	0.6809523810	4.7142857143	4.2857142857	1.0000000000	
459	0.7000000000	4.7142857143	4.2857142857	1.0000000000	
460	0.3000000000	5.1428571429	4.2857142857	1.0000000000	
461	0.3190476190	5.1428571429	4.2857142857	1.0000000000	
462	0.3571428571	5.1428571429	4.2857142857	1.0000000000	
463	0.4142857143	5.1428571429	4.2857142857	1.0000000000	
464	0.4714285714	5.1428571429	4.2857142857	1.0000000000	
465	0.5285714286	5.1428571429	4.2857142857	1.0000000000	
466	0.5857142857	5.1428571429	4.2857142857	1.0000000000	
467	0.6428571429	5.1428571429	4.2857142857	1.0000000000	
468	0.6809523810	5.1428571429	4.2857142857	1.0000000000	
469	0.7000000000	5.1428571429	4.2857142857	1.0000000000	
470	0.3000000000	5.5714285714	4.2857142857	1.0000000000	
471	0.3190476190	5.5714285714	4.2857142857	1.0000000000	
472	0.3571428571	5.5714285714	4.2857142857	1.0000000000	
473	0.4142857143	5.5714285714	4.2857142857	1.0000000000	
474	0.4714285714	5.5714285714	4.2857142857	1.0000000000	
475	0.5285714286	5.5714285714	4.2857142857	1.0000000000	
476	0.5857142857	5.5714285714	4.2857142857	1.0000000000	
477	0.6428571429	5.5714285714	4.2857142857	1.0000000000	
478	0.6809523810	5.5714285714	4.2857142857	1.0000000000	
479	0.7000000000	5.5714285714	4.2857142857	1.0000000000	
480	0.3000000000	5.8571428571	4.2857142857	1.0000000000	
481	0.3190476190	5.8571428571	4.2857142857	1.0000000000	
482	0.3571428571	5.8571428571	4.2857142857	1.0000000000	
483	0.4142857143	5.8571428571	4.2857142857	1.0000000000	
484	0.4714285714	5.8571428571	4.2857142857	1.0000000000	
485	0.5285714286	5.8571428571	4.2857142857	1.0000000000	
486	0.5857142857	5.8571428571	4.2857142857	1.0000000000	
487	0.6428571429	5.8571428571	4.2857142857	1.0000000000	
488	0.6809523810	5.8571428571	4.2857142857	1.0000000000	
489	0.7000000000	5.8571428571	4.2857142857	1.0000000000	
490	0.3000000000	6.0000000000	4.2857142857	1.0000000000	
491	0.3190476190	6.0000000000	4.2857142857	1.0000000000	
492	0.3571428571	6.0000000000	4.2857142857	1.0000000000	
493	0.4142857143	6.0000000000	4.2857142857	1.0000000000	
494	0.4714285714	6.0000000000	4.2857142857	1.0000000000	
495	0.5285714286	6.0000000000	4.2857142857	1.0000000000	
496	0.5857142857	6.0000000000	4.2857142857	1.0000000000	
497	0.6428571429	6.0000000000	4.2857142857	1.0000000000	
498	0.6809523810	6.0000000000	4.2857142857	1.0000000000	
499	0.7000000000	6.0000000000	4.2857142857	1.0000000000	
500	0.3000000000	3.0000000000	4.7142857143	1.0000000000	
501	0.3190476190	3.0000000000	4.7142857143	1.0000000000	
502	0.3571428571	3.0000000000	4.7142857143	1.0000000000	
503	0.4142857143	3.0000000000	4.7142857143	1.0000000000	
504	0.4714285714	3.0000000000	4.7142857143	1.0000000000	
505	0.5285714286	3.0000000000	4.7142857143	1.0000000000	
506	0.5857142857	3.0000000000	4.7142857143	1.0000000000	
507	0.6428571429	3.0000000000	4.7142857143	1.0000000000	
508	0.6809523810	3.0000000000	4.7142857143	1.0000000000	
509	0.7000000000	3.0000000000	4.7142857143	1.0000000000	
510	0.3000000000	3.1428571429	4.7142857143	1.0000000000	
511	0.3190476190	3.1428571429	4.7142857143	1.0000000000	
512	0.3571428571	3.1428571429	4.7142857143	1.0000000000	
513	0.4142857143	3.1428571429	4.7142857143	1.0000000000	
514	0.4714285714	3.1428571429	4.7142857143	1.0000000000	
515	0.5285714286	3.1428571429	4.7142857143	1.0000000000	
516	0.5857142857	3.1428571429	4.7142857143	1.0000000000	
517	0.6428571429	3.1428571429	4.7142857143	1.0000000000	
518	0.6809523810	3.1428571429	4.7142857143	1.0000000000	
519	0.7000000000	3.1428571429	4.7142857143	1.0000000000	
520	0.3000000000	3.4285714286	4.7142857143	1.0000000000	
521	0.3190476190	3.4285714286	4.7142857143	1.0000000000	
522	0.3571428571	3.4285714286	4.7142857143	1.0000000000	
523	0.4142857143	3.4285714286	4.7142857143	1.0000000000	
524	0.4714285714	3.4285714286	4.7142857143	1.0000000000	
525	0.5285714286	3.4285714286	4.7142857143	1.0000000000	
526	0.5857142857	3.4285714286	4.7142857143	1.0000000000	
527	0.6428571429	3.4285714286	4.7142857143	1.0000000000	
528	0.6809523810	3.4285714286	4.7142857143	1.0000000000	
529	0.7000000000	3.4285714286	4.7142857143	1.0000000000	
530	0.3000000000	3.8571428571	4.7142857143	1.0000000000	
531	0.3190476190	3.8571428571	4.7142857143	1.0000000000	
532	0.3571428571	3.8571428571	4.7142857143	1.0000000000	
533	0.4142857143	3.8571428571	4.7142857143	1.0000000000	
534	0.4714285714	3.8571428571	4.7142857143	1.0000000000	
535	0.5285714286	3.8571428571	4.7142857143	1.0000000000	
536	0.5857142857	3.8571428571	4.7142857143	1.0000000000	
537	0.6428571429	3.8571428571	4.7142857143	1.0000000000	
538	0.6809523810	3.8571428571	4.7142857143	1.0000000000	
539	0.7000000000	3.8571428571	4.7142857143	1.0000000000	
540	0.3000000000	4.2857142857	4.7142857143	1.0000000000	
541	0.3190476190	4.2857142857	4.7142857143	1.0000000000	
542	0.3571428571	4.2857142857	4.7142857143	1.0000000000	
543	0.4142857143	4.2857142857	4.7142857143	1.0000000000	
544	0.4714285714	4.2857142857	4.7142857143	1.0000000000	
545	0.5285714286	4.2857142857	4.7142857143	1.0000000000	
546	0.5857142857	4.2857142857	4.7142857143	1.0000000000	
547	0.6428571429	4.2857142857	4.7142857143	1.0000000000	
548	0.6809523810	4.2857142857	4.7142857143	1.0000000000	
549	0.7000000000	4.2857142857	4.7142857143	1.0000000000	
550	0.3000000000	4.7142857143	4.7142857143	1.0000000000	
551	0.3190476190	4.7142857143	4.7142857143	1.0000000000	
552	0.3571428571	4.7142857143	4.7142857143	1.0000000000	
553	0.4142857143	4.7142857143	4.7142857143	1.0000000000	
554	0.4714285714	4.7142857143	4.7142857143	1.0000000000	
555	0.5285714286	4.7142857143	4.7142857143	1.0000000000	
556	0.5857142857	4.7142857143	4.7142857143	1.0000000000	
557	0.6428571429	4.7142857143	4.7142857143	1.0000000000	
558	0.6809523810	4.7142857143	4.7142857143	1.0000000000	
559	0.7000000000	4.7142857143	4.7142857143	1.0000000000	
560	0.3000000000	5.1428571429	4.7142857143	1.0000000000	
561	0.3190476190	5.1428571429	4.7142857143	1.0000000000	
562	0.3571428571	5.1428571429	4.7142857143	1.0000000000	
563	0.4142857143	5.1428571429	4.7142857143	1.0000000000	
564	0.4714285714	5.1428571429	4.7142857143	1.0000000000	
565	0.5285714286	5.1428571429	4.7142857143	1.0000000000	
566	0.5857142857	5.1428571429	4.7142857143	1.0000000000	
567	0.6428571429	5.1428571429	4.7142857143	1.0000000000	
568	0.6809523810	5.1428571429	4.7142857143	1.0000000000	
569	0.7000000000	5.1428571429	4.7142857143	1.0000000000	
570	0.3000000000	5.5714285714	4.7142857143	1.0000000000	
571	0.3190476190	5.5714285714	4.7142857143	1.0000000000	
572	0.3571428571	5.5714285714	4.7142857143	1.0000000000	
573	0.4142857143	5.5714285714	4.7142857143	1.0000000000	
574	0.4714285714	5.5714285714	4.7142857143	1.0000000000	
575	0.5285714286	5.5714285714	4.7142857143	1.0000000000	
576	0.5857142857	5.5714285714	4.7142857143	1.0000000000	
577	0.6428571429	5.5714285714	4.7142857143	1.0000000000	
578	0.6809523810	5.5714285714	4.7142857143	1.0000000000	
579	0.7000000000	5.5714285714	4.7142857143	1.0000000000	
580	0.3000000000	5.8571428571	4.7142857143	1.0000000000	
581	0.3190476190	5.8571428571	4.7142857143	1.0000000000	
582	0.3571428571	5.8571428571	4.7142857143	1.0000000000	
583	0.4142857143	5.8571428571	4.7142857143	1.0000000000	
584	0.4714285714	5.8571428571	4.7142857143	1.0000000000	
585	0.5285714286	5.8571428571	4.7142857143	1.0000000000	
586	0.5857142857	5.8571428571	4.7142857143	1.0000000000	
587	0.6428571429	5.8571428571	4.7142857143	1.0000000000	
588	0.6809523810	5.8571428571	4.7142857143	1.0000000000	
589	0.7000000000	5.8571428571	4.7142857143	1.0000000000	
590	0.3000000000	6.0000000000	4.7142857143	1.0000000000	
591	0.3190476190	6.0000000000	4.7142857143	1.0000000000	
592	0.3571428571	6.0000000000	4.7142857143	1.0000000000	
593	0.4142857143	6.0000000000	4.7142857143	1.0000000000	
594	0.4714285714	6.0000000000	4.7142857143	1.0000000000	
595	0.5285714286	6.0000000000	4.7142857143	1.0000000000	
596	0.5857142857	6.0000000000	4.7142857143	1.0000000000	
597	0.6428571429	6.0000000000	4.7142857143	1.0000000000	
598	0.6809523810	6.0000000000	4.7142857143	1.0000000000	
599	0.7000000000	6.0000000000	4.7142857143	1.0000000000	
600	0.3000000000	3.0000000000	5.1428571429	1.0000000000	
601	0.3190476190	3.0000000000	5.1428571429	1.0000000000	
602	0.3571428571	3.0000000000	5.1428571429	1.0000000000	
603	0.4142857143	3.0000000000	5.1428571429	1.0000000000	
604	0.4714285714	3.0000000000	5.1428571429	1.0000000000	
605	0.5285714286	3.0000000000	5.1428571429	1.0000000000	
606	0.5857142857	3.0000000000	5.1428571429	1.0000000000	
607	0.6428571429	3.0000000000	5.1428571429	1.0000000000	
608	0.6809523810	3.0000000000	5.1428571429	1.0000000000	
609	0.7000000000	3.0000000000	5.1428571429	1.0000000000	
610	0.3000000000	3.1428571429	5.1428571429	1.0000000000	
611	0.3190476190	3.1428571429	5.1428571429	1.0000000000	
612	0.3571428571	3.1428571429	5.1428571429	1.0000000000	
613	0.4142857143	3.1428571429	5.1428571429	1.0000000000	
614	0.4714285714	3.1428571429	5.1428571429	1.0000000000	
615	0.5285714286	3.1428571429	5.1428571429	1.0000000000	
616	0.5857142857	3.1428571429	5.1428571429	1.0000000000	
617	0.6428571429	3.1428571429	5.1428571429	1.0000000000	
618	0.6809523810	3.1428571429	5.1428571429	1.0000000000	
619	0.7000000000	3.1428571429	5.1428571429	1.0000000000	
620	0.3000000000	3.4285714286	5.1428571429	1.0000000000	
621	0.3190476190	3.4285714286	5.1428571429	1.0000000000	
622	0.3571428571	3.4285714286	5.1428571429	1.0000000000	
623	0.4142857143	3.4285714286	5.1428571429	1.0000000000	
624	0.4714285714	3.4285714286	5.1428571429	1.0000000000	
625	0.5285714286	3.4285714286	5.1428571429	1.0000000000	
626	0.5857142857	3.4285714286	5.1428571429	1.0000000000	
627	0.6428571429	3.4285714286	5.1428571429	1.0000000000	
628	0.6809523810	3.4285714286	5.1428571429	1.0000000000	
629	0.7000000000	3.4285714286	5.1428571429	1.0000000000	
630	0.3000000000	3.8571428571	5.1428571429	1.0000000000	
631	0.3190476190	3.8571428571	5.1428571429	1.0000000000	
632	0.3571428571	3.8571428571	5.1428571429	1.0000000000	
633	0.4142857143	3.8571428571	5.1428571429	1.0000000000	
634	0.4714285714	3.8571428571	5.1428571429	1.0000000000	
635	0.5285714286	3.8571428571	5.1428571429	1.0000000000	
636	0.5857142857	3.8571428571	5.1428571429	1.0000000000	
637	0.6428571429	3.8571428571	5.1428571429	1.0000000000	
638	0.6809523810	3.8571428571	5.1428571429	1.0000000000	
639	0.7000000000	3.8571428571	5.1428571429	1.0000000000	
640	0.3000000000	4.2857142857	5.1428571429	1.0000000000	
641	0.3190476190	4.2857142857	5.1428571429	1.0000000000	
642	0.3571428571	4.2857142857	5.1428571429	1.0000000000	
643	0.4142857143	4.2857142857	5.1428571429	1.0000000000	
644	0.4714285714	4.2857142857	5.1428571429	1.0000000000	
645	0.5285714286	4.2857142857	5.1428571429	1.0000000000	
646	0.5857142857	4.2857142857	5.1428571429	1.0000000000	
647	0.6428571429	4.2857142857	5.1428571429	1.0000000000	
648	0.6809523810	4.2857142857	5.1428571429	1.0000000000	
649	0.7000000000	4.2857142857	5.1428571429	1.0000000000	
650	0.3000000000	4.7142857143	5.1428571429	1.0000000000	
651	0.3190476190	4.7142857143	5.1428571429	1.0000000000	
652	0.3571428571	4.7142857143	5.1428571429	1.0000000000	
653	0.4142857143	4.7142857143	5.1428571429	1.0000000000	
654	0.4714285714	4.7142857143	5.1428571429	1.0000000000	
655	0.5285714286	4.7142857143	5.1428571429	1.0000000000	
656	0.5857142857	4.7142857143	5.1428571429	1.0000000000	
657	0.6428571429	4.7142857143	5.1428571429	1.0000000000	
658	0.6809523810	4.7142857143	5.1428571429	1.0000000000	
659	0.7000000000	4.7142857143	5.1428571429	1.0000000000	
660	0.3000000000	5.1428571429	5.1428571429	1.0000000000	
661	0.3190476190	5.1428571429	5.1428571429	1.0000000000	
662	0.3571428571	5.1428571429	5.1428571429	1.0000000000	
663	0.4142857143	5.1428571429	5.1428571429	1.0000000000	
664	0.4714285714	5.1428571429	5.1428571429	1.0000000000	
665	0.5285714286	5.1428571429	5.1428571429	1.0000000000	
666	0.5857142857	5.1428571429	5.1428571429	1.0000000000	
667	0.6428571429	5.1428571429	5.1428571429	1.0000000000	
668	0.6809523810	5.1428571429	5.1428571429	1.0000000000	
669	0.7000000000	5.1428571429	5.1428571429	1.0000000000	
670	0.3000000000	5.5714285714	5.1428571429	1.0000000000	
671	0.3190476190	5.5714285714	5.1428571429	1.0000000000	
672	0.3571428571	5.5714285714	5.1428571429	1.0000000000	
673	0.4142857143	5.5714285714	5.1428571429	1.0000000000	
674	0.4714285714	5.5714285714	5.1428571429	1.0000000000	
675	0.5285714286	5.5714285714	5.1428571429	1.0000000000	
676	0.5857142857	5.5714285714	5.1428571429	1.0000000000	
677	0.6428571429	5.5714285714	5.1428571429	1.0000000000	
678	0.6809523810	5.5714285714	5.1428571429	1.0000000000	
679	0.7000000000	5.5714285714	5.1428571429	1.0000000000	
680	0.3000000000	5.8571428571	5.1428571429	1.0000000000	
681	0.3190476190	5.8571428571	5.1428571429	1.0000000000	
682	0.3571428571	5.8571428571	5.1428571429	1.0000000000	
683	0.4142857143	5.8571428571	5.1428571429	1.0000000000	
684	0.4714285714	5.8571428571	5.1428571429	1.0000000000	
685	0.5285714286	5.8571428571	5.1428571429	1.0000000000	
686	0.5857142857	5.8571428571	5.1428571429	1.0000000000	
687	0.6428571429	5.8571428571	5.1428571429	1.0000000000	
688	0.6809523810	5.8571428571	5.1428571429	1.0000000000	
689	0.7000000000	5.8571428571	5.1428571429	1.0000000000	
690	0.3000000000	6.0000000000	5.1428571429	1.0000000000	
691	0.3190476190	6.0000000000	5.1428571429	1.0000000000	
692	0.3571428571	6.0000000000	5.1428571429	1.0000000000	
693	0.4142857143	6.0000000000	5.1428571429	1.0000000000	
694	0.4714285714	6.0000000000	5.1428571429	1.0000000000	
695	0.5285714286	6.0000000000	5.1428571429	1.0000000000	
696	0.5857142857	6.0000000000	5.1428571429	1.0000000000	
697	0.6428571429	6.0000000000	5.1428571429	1.0000000000	
698	0.6809523810	6.0000000000	5.1428571429	1.0000000000	
699	0.7000000000	6.0000000000	5.1428571429	1.0000000000	
700	0.3000000000	3.0000000000	5.5714285714	1.0000000000	
701	0.3190476190	3.0000000000	5.5714285714	1.0000000000	
702	0.3571428571	3.0000000000	5.5714285714	1.0000000000	
703	0.4142857143	3.0000000000	5.5714285714	1.0000000000	
704	0.4714285714	3.0000000000	5.5714285714	1.0000000000	
705	0.5285714286	3.0000000000	5.5714285714	1.0000000000	
706	0.5857142857	3.0000000000	5.5714285714	1.0000000000	
707	0.6428571429	3.0000000000	5.5714285714	1.0000000000	
708	0.6809523810	3.0000000000	5.5714285714	1.0000000000	
709	0.7000000000	3.0000000000	5.5714285714	1.0000000000	
710	0.3000000000	3.1428571429	5.5714285714	1.0000000000	
711	0.3190476190	3.1428571429	5.5714285714	1.0000000000	
712	0.3571428571	3.1428571429	5.5714285714	1.0000000000	
713	0.4142857143	3.1428571429	5.5714285714	1.0000000000	
714	0.4714285714	3.1428571429	5.5714285714	1.0000000000	
715	0.5285714286	3.1428571429	5.5714285714	1.0000000000	
716	0.5857142857	3.1428571429	5.5714285714	1.0000000000	
717	0.6428571429	3.1428571429	5.5714285714	1.0000000000	
718	0.6809523810	3.1428571429	5.5714285714	1.0000000000	
719	0.7000000000	3.1428571429	5.5714285714	1.0000000000	
720	0.3000000000	3.4285714286	5.5714285714	1.0000000000	
721	0.3190476190	3.4285714286	5.5714285714	1.0000000000	
722	0.3571428571	3.4285714286	5.5714285714	1.0000000000	
723	0.4142857143	3.4285714286	5.5714285714	1.0000000000	
724	0.4714285714	3.4285714286	5.5714285714	1.0000000000	
725	0.5285714286	3.4285714286	5.5714285714	1.0000000000	
726	0.5857142857	3.4285714286	5.5714285714	1.0000000000	
727	0.6428571429	3.4285714286	5.5714285714	1.0000000000	
728	0.6809523810	3.4285714286	5.5714285714	1.0000000000	
729	0.7000000000	3.4285714286	5.5714285714	1.0000000000	
730	0.3000000000	3.8571428571	5.5714285714	1.0000000000	
731	0.3190476190	3.8571428571	5.5714285714	1.0000000000	
732	0.3571428571	3.8571428571	5.5714285714	1.0000000000	
733	0.4142857143	3.8571428571	5.5714285714	1.0000000000	
734	0.4714285714	3.8571428571	5.5714285714	1.0000000000	
735	0.5285714286	3.8571428571	5.5714285714	1.0000000000	
736	0.5857142857	3.8571428571	5.5714285714	1.0000000000	
737	0.6428571429	3.8571428571	5.5714285714	1.0000000000	
738	0.6809523810	3.8571428571	5.5714285714	1.0000000000	
739	0.7000000000	3.8571428571	5.5714285714	1.0000000000	
740	0.3000000000	4.2857142857	5.5714285714	1.0000000000	
741	0.3190476190	4.2857142857	5.5714285714	1.0000000000	
742	0.3571428571	4.2857142857	5.5714285714	1.0000000000	
743	0.4142857143	4.2857142857	5.5714285714	1.0000000000	
744	0.4714285714	4.2857142857	5.5714285714	1.0000000000	
745	0.5285714286	4.2857142857	5.5714285714	1.0000000000	
746	0.5857142857	4.2857142857	5.5714285714	1.0000000000	
747	0.6428571429	4.2857142857	5.5714285714	1.0000000000	
748	0.6809523810	4.2857142857	5.5714285714	1.0000000000	
749	0.7000000000	4.2857142857	5.5714285714	1.0000000000	
750	0.3000000000	4.7142857143	5.5714285714	1.0000000000	
751	0.3190476190	4.7142857143	5.5714285714	1.0000000000	
752	0.3571428571	4.7142857143	5.5714285714	1.0000000000	
753	0.4142857143	4.7142857143	5.5714285714	1.0000000000	
754	0.4714285714	4.7142857143	5.5714285714	1.0000000000	
755	0.5285714286	4.7142857143	5.5714285714	1.0000000000	
756	0.5857142857	4.7142857143	5.5714285714	1.0000000000	
757	0.6428571429	4.7142857143	5.5714285714	1.0000000000	
758	0.6809523810	4.7142857143	5.5714285714	1.0000000000	
759	0.7000000000	4.7142857143	5.5714285714	1.0000000000	
760	0.3000000000	5.1428571429	5.5714285714	1.0000000000	
761	0.3190476190	5.1428571429	5.5714285714	1.0000000000	
762	0.3571428571	5.1428571429	5.5714285714	1.0000000000	
763	0.4142857143	5.1428571429	5.5714285714	1.0000000000	
764	0.4714285714	5.1428571429	5.5714285714	1.0000000000	
765	0.5285714286	5.1428571429	5.5714285714	1.0000000000	
766	0.5857142857	5.1428571429	5.5714285714	1.0000000000	
767	0.6428571429	5.1428571429	5.5714285714	1.0000000000	
768	0.6809523810	5.1428571429	5.5714285714	1.0000000000	
769	0.7000000000	5.1428571429	5.5714285714	1.0000000000	
770	0.3000000000	5.5714285714	5.5714285714	1.0000000000	
771	0.3190476190	5.5714285714	5.5714285714	1.0000000000	
772	0.3571428571	5.5714285714	5.5714285714	1.0000000000	
773	0.4142857143	5.5714285714	5.5714285714	1.0000000000	
774	0.4714285714	5.5714285714	5.5714285714	1.0000000000	
775	0.5285714286	5.5714285714	5.5714285714	1.0000000000	
776	0.5857142857	5.5714285714	5.5714285714	1.0000000000	
777	0.6428571429	5.5714285714	5.5714285714	1.0000000000	
778	0.6809523810	5.5714285714	5.5714285714	1.0000000000	
779	0.7000000000	5.5714285714	5.5714285714	1.0000000000	
780	0.3000000000	5.8571428571	5.5714285714	1.0000000000	
781	0.3190476190	5.8571428571	5.5714285714	1.0000000000	
782	0.3571428571	5.8571428571	5.5714285714	1.0000000000	
783	0.4142857143	5.8571428571	5.5714285714	1.0000000000	
784	0.4714285714	5.8571428571	5.5714285714	1.0000000000	
785	0.5285714286	5.8571428571	5.5714285714	1.0000000000	
786	0.5857142857	5.8571428571	5.5714285714	1.0000000000	
787	0.6428571429	5.8571428571	5.5714285714	1.0000000000	
788	0.6809523810	5.8571428571	5.5714285714	1.0000000000	
789	0.7000000000	5.8571428571	5.5714285714	1.0000000000	
790	0.3000000000	6.0000000000	5.5714285714	1.0000000000	
791	0.3190476190	6.0000000000	5.5714285714	1.0000000000	
792	0.3571428571	6.0000000000	5.5714285714	1.0000000000	
793	0.4142857143	6.0000000000	5.5714285714	1.0000000000	
794	0.4714285714	6.0000000000	5.5714285714	1.0000000000	
795	0.5285714286	6.0000000000	5.5714285714	1.0000000000	
796	0.5857142857	6.0000000000	5.5714285714	1.0000000000	
797	0.6428571429	6.0000000000	5.5714285714	1.0000000000	
798	0.6809523810	6.0000000000	5.5714285714	1.0000000000	
799	0.7000000000	6.0000000000	5.5714285714	1.0000000000	
800	0.3000000000	3.0000000000	5.8571428571	1.0000000000	
801	0.3190476190	3.0000000000	5.8571428571	1.0000000000	
802	0.3571428571	3.0000000000	5.8571428571	1.0000000000	
803	0.4142857143	3.0000000000	5.8571428571	1.0000000000	
804	0.4714285714	3.0000000000	5.8571428571	1.0000000000	
805	0.5285714286	3.0000000000	5.8571428571	1.0000000000	
806	0.5857142857	3.0000000000	5.8571428571	1.0000000000	
807	0.6428571429	3.0000000000	5.8571428571	1.0000000000	
808	0.6809523810	3.0000000000	5.8571428571	1.0000000000	
809	0.7000000000	3.0000000000	5.8571428571	1.0000000000	
810	0.3000000000	3.1428571429	5.8571428571	1.0000000000	
811	0.3190476190	3.1428571429	5.8571428571	1.0000000000	
812	0.3571428571	3.1428571429	5.8571428571	1.0000000000	
813	0.4142857143	3.1428571429	5.8571428571	1.0000000000	
814	0.4714285714	3.1428571429	5.8571428571	1.0000000000	
815	0.5285714286	3.1428571429	5.8571428571	1.0000000000	
816	0.5857142857	3.1428571429	5.8571428571	1.0000000000	
817	0.6428571429	3.1428571429	5.8571428571	1.0000000000	
818	0.6809523810	3.1428571429	5.8571428571	1.0000000000	
819	0.7000000000	3.1428571429	5.8571428571	1.0000000000	
820	0.3000000000	3.4285714286	5.8571428571	1.0000000000	
821	0.3190476190	3.4285714286	5.8571428571	1.0000000000	
822	0.3571428571	3.4285714286	5.8571428571	1.0000000000	
823	0.4142857143	3.4285714286	5.8571428571	1.0000000000	
824	0.4714285714	3.4285714286	5.8571428571	1.0000000000	
825	0.5285714286	3.4285714286	5.8571428571	1.0000000000	
826	0.5857142857	3.4285714286	5.8571428571	1.0000000000	
827	0.6428571429	3.4285714286	5.8571428571	1.0000000000	
828	0.6809523810	3.4285714286	5.8571428571	1.0000000000	
829	0.7000000000	3.4285714286	5.8571428571	1.0000000000	
830	0.3000000000	3.8571428571	5.8571428571	1.0000000000	
831	0.3190476190	3.8571428571	5.8571428571	1.0000000000	
832	0.3571428571	3.8571428571	5.8571428571	1.0000000000	
833	0.4142857143	3.8571428571	5.8571428571	1.0000000000	
834	0.4714285714	3.8571428571	5.8571428571	1.0000000000	
835	0.5285714286	3.8571428571	5.8571428571	1.0000000000	
836	0.5857142857	3.8571428571	5.8571428571	1.0000000000	
837	0.6428571429	3.8571428571	5.8571428571	1.0000000000	
838	0.6809523810	3.8571428571	5.8571428571	1.0000000000	
839	0.7000000000	3.8571428571	5.8571428571	1.0000000000	
840	0.3000000000	4.2857142857	5.8571428571	1.0000000000	
841	0.3190476190	4.2857142857	5.8571428571	1.0000000000	
842	0.3571428571	4.2857142857	5.8571428571	1.0000000000	
843	0.4142857143	4.2857142857	5.8571428571	1.0000000000	
844	0.4714285714	4.2857142857	5.8571428571	1.0000000000	
845	0.5285714286	4.2857142857	5.8571428571	1.0000000000	
846	0.5857142857	4.2857142857	5.8571428571	1.0000000000	
847	0.6428571429	4.2857142857	5.8571428571	1.0000000000	
848	0.6809523810	4.2857142857	5.8571428571	1.0000000000	
849	0.7000000000	4.2857142857	5.8571428571	1.0000000000	
850	0.3000000000	4.7142857143	5.8571428571	1.0000000000	
851	0.3190476190	4.7142857143	5.8571428571	1.0000000000	
852	0.3571428571	4.7142857143	5.8571428571	1.0000000000	
853	0.4142857143	4.7142857143	5.8571428571	1.0000000000	
854	0.4714285714	4.7142857143	5.8571428571	1.0000000000	
855	0.5285714286	4.7142857143	5.8571428571	1.0000000000	
856	0.5857142857	4.7142857143	5.8571428571	1.0000000000	
857	0.6428571429	4.7142857143	5.8571428571	1.0000000000	
858	0.6809523810	4.7142857143	5.8571428571	1.0000000000	
859	0.7000000000	4.7142857143	5.8571428571	1.0000000000	
860	0.3000000000	5.1428571429	5.8571428571	1.0000000000	
861	0.3190476190	5.1428571429	5.8571428571	1.0000000000	
862	0.3571428571	5.1428571429	5.8571428571	1.0000000000	
863	0.4142857143	5.1428571429	5.8571428571	1.0000000000	
864	0.4714285714	5.1428571429	5.8571428571	1.0000000000	
865	0.5285714286	5.1428571429	5.8571428571	1.0000000000	
866	0.5857142857	5.1428571429	5.8571428571	1.0000000000	
867	0.6428571429	5.1428571429	5.8571428571	1.0000000000	
868	0.6809523810	5.1428571429	5.8571428571	1.0000000000	
869	0.7000000000	5.1428571429	5.8571428571	1.0000000000	
870	0.3000000000	5.5714285714	5.8571428571	1.0000000000	
871	0.3190476190	5.5714285714	5.8571428571	1.0000000000	
872	0.3571428571	5.5714285714	5.8571428571	1.0000000000	
873	0.4142857143	5.5714285714	5.8571428571	1.0000000000	
874	0.4714285714	5.5714285714	5.8571428571	1.0000000000	
875	0.5285714286	5.5714285714	5.8571428571	1.0000000000	
876	0.5857142857	5.5714285714	5.8571428571	1.0000000000	
877	0.6428571429	5.5714285714	5.8571428571	1.0000000000	
878	0.6809523810	5.5714285714	5.8571428571	1.0000000000	
879	0.7000000000	5.5714285714	5.8571428571	1.0000000000	
880	0.3000000000	5.8571428571	5.8571428571	1.0000000000	
881	0.3190476190	5.8571428571	5.8571428571	1.0000000000	
882	0.3571428571	5.8571428571	5.8571428571	1.0000000000	
883	0.4142857143	5.8571428571	5.8571428571	1.0000000000	
884	0.4714285714	5.8571428571	5.8571428571	1.0000000000	
885	0.5285714286	5.8571428571	5.8571428571	1.0000000000	
886	0.5857142857	5.8571428571	5.8571428571	1.0000000000	
887	0.6428571429	5.8571428571	5.8571428571	1.0000000000	
888	0.6809523810	5.8571428571	5.8571428571	1.0000000000	
889	0.7000000000	5.8571428571	5.8571428571	1.0000000000	
890	0.3000000000	6.0000000000	5.8571428571	1.0000000000	
891	0.3190476190	6.0000000000	5.8571428571	1.0000000000	
892	0.3571428571	6.0000000000	5.8571428571	1.0000000000	
893	0.4142857143	6.0000000000	5.8571428571	1.0000000000	
894	0.4714285714	6.0000000000	5.8571428571	1.0000000000	
895	0.5285714286	6.0000000000	5.8571428571	1.0000000000	
896	0.5857142857	6.0000000000	5.8571428571	1.0000000000	
897	0.6428571429	6.0000000000	5.8571428571	1.0000000000	
898	0.6809523810	6.0000000000	5.8571428571	1.0000000000	
899	0.7000000000	6.0000000000	5.8571428571	1.0000000000	
900	0.3000000000	3.0000000000	6.0000000000	1.0000000000	
901	0.3190476190	3.0000000000	6.0000000000	1.0000000000	
902	0.3571428571	3.0000000000	6.0000000000	1.0000000000	
903	0.4142857143	3.0000000000	6.0000000000	1.0000000000	
904	0.4714285714	3.0000000000	6.0000000000	1.0000000000	
905	0.5285714286	3.0000000000	6.0000000000	1.0000000000	
906	0.5857142857	3.0000000000	6.0000000000	1.0000000000	
907	0.6428571429	3.0000000000	6.0000000000	1.0000000000	
908	0.6809523810	3.0000000000	6.0000000000	1.0000000000	
909	0.7000000000	3.0000000000	6.0000000000	1.0000000000	
910	0.3000000000	3.1428571429	6.0000000000	1.0000000000	
911	0.3190476190	3.1428571429	6.0000000000	1.0000000000	
912	0.3571428571	3.1428571429	6.0000000000	1.0000000000	
913	0.4142857143	3.1428571429	6.0000000000	1.0000000000	
914	0.4714285714	3.1428571429	6.0000000000	1.0000000000	
915	0.5285714286	3.1428571429	6.0000000000	1.0000000000	
916	0.5857142857	3.1428571429	6.0000000000	1.0000000000	
917	0.6428571429	3.1428571429	6.0000000000	1.0000000000	
918	0.6809523810	3.1428571429	6.0000000000	1.0000000000	
919	0.7000000000	3.1428571429	6.0000000000	1.0000000000	
920	0.3000000000	3.4285714286	6.0000000000	1.0000000000	
921	0.3190476190	3.4285714286	6.0000000000	1.0000000000	
922	0.3571428571	3.4285714286	6.0000000000	1.0000000000	
923	0.4142857143	3.4285714286	6.0000000000	1.0000000000	
924	0.4714285714	3.4285714286	6.0000000000	1.0000000000	
925	0.5285714286	3.4285714286	6.0000000000	1.0000000000	
926	0.5857142857	3.4285714286	6.0000000000	1.0000000000	
927	0.6428571429	3.4285714286	6.0000000000	1.0000000000	
928	0.6809523810	3.4285714286	6.0000000000	1.0000000000	
929	0.7000000000	3.4285714286	6.0000000000	1.0000000000	
930	0.3000000000	3.8571428571	6.0000000000	1.0000000000	
931	0.3190476190	3.8571428571	6.0000000000	1.0000000000	
932	0.3571428571	3.8571428571	6.0000000000	1.0000000000	
933	0.4142857143	3.8571428571	6.0000000000	1.0000000000	
934	0.4714285714	3.8571428571	6.0000000000	1.0000000000	
935	0.5285714286	3.8571428571	6.0000000000	1.0000000000	
936	0.5857142857	3.8571428571	6.0000000000	1.0000000000	
937	0.6428571429	3.8571428571	6.0000000000	1.0000000000	
938	0.6809523810	3.8571428571	6.0000000000	1.0000000000	
939	0.7000000000	3.8571428571	6.0000000000	1.0000000000	
940	0.3000000000	4.2857142857	6.0000000000	1.0000000000	
941	0.3190476190	4.2857142857	6.0000000000	1.0000000000	
942	0.3571428571	4.2857142857	6.0000000000	1.0000000000	
943	0.4142857143	4.2857142857	6.0000000000	1.0000000000	
944	0.4714285714	4.2857142857	6.0000000000	1.0000000000	
945	0.5285714286	4.2857142857	6.0000000000	1.0000000000	
946	0.5857142857	4.2857142857	6.0000000000	1.0000000000	
947	0.6428571429	4.2857142857	6.0000000000	1.0000000000	
948	0.6809523810	4.2857142857	6.0000000000	1.0000000000	
949	0.7000000000	4.2857142857	6.0000000000	1.0000000000	
950	0.3000000000	4.7142857143	6.0000000000	1.0000000000	
951	0.3190476190	4.7142857143	6.0000000000	1.0000000000	
952	0.3571428571	4.7142857143	6.0000000000	1.0000000000	
953	0.4142857143	4.7142857143	6.0000000000	1.0000000000	
954	0.4714285714	4.7142857143	6.0000000000	1.0000000000	
955	0.5285714286	4.7142857143	6.0000000000	1.0000000000	
956	0.5857142857	4.7142857143	6.0000000000	1.0000000000	
957	0.6428571429	4.7142857143	6.0000000000	1.0000000000	
958	0.6809523810	4.7142857143	6.0000000000	1.0000000000	
959	0.7000000000	4.7142857143	6.0000000000	1.0000000000	
960	0.3000000000	5.1428571429	6.0000000000	1.0000000000	
961	0.3190476190	5.1428571429	6.0000000000	1.0000000000	
962	0.3571428571	5.1428571429	6.0000000000	1.0000000000	
963	0.4142857143	5.1428571429	6.0000000000	1.0000000000	
964	0.4714285714	5.1428571429	6.0000000000	1.0000000000	
965	0.5285714286	5.1428571429	6.0000000000	1.0000000000	
966	0.5857142857	5.1428571429	6.0000000000	1.0000000000	
967	0.6428571429	5.1428571429	6.0000000000	1.0000000000	
968	0.6809523810	5.1428571429	6.0000000000	1.0000000000	
969	0.7000000000	5.1428571429	6.0000000000	1.0000000000	
970	0.3000000000	5.5714285714	6.0000000000	1.0000000000	
971	0.3190476190	5.5714285714	6.0000000000	1.0000000000	
972	0.3571428571	5.5714285714	6.0000000000	1.0000000000	
973	0.4142857143	5.5714285714	6.0000000000	1.0000000000	
974	0.4714285714	5.5714285714	6.0000000000	1.0000000000	
975	0.5285714286	5.5714285714	6.0000000000	1.0000000000	
976	0.5857142857	5.5714285714	6.0000000000	1.0000000000	
977	0.6428571429	5.5714285714	6.0000000000	1.0000000000	
978	0.6809523810	5.5714285714	6.0000000000	1.0000000000	
979	0.7000000000	5.5714285714	6.0000000000	1.0000000000	
980	0.3000000000	5.8571428571	6.0000000000	1.0000000000	
981	0.3190476190	5.8571428571	6.0000000000	1.0000000000	
982	0.3571428571	5.8571428571	6.0000000000	1.0000000000	
983	0.4142857143	5.8571428571	6.0000000000	1.0000000000	
984	0.4714285714	5.8571428571	6.0000000000	1.0000000000	
985	0.5285714286	5.8571428571	6.0000000000	1.0000000000	
986	0.5857142857	5.8571428571	6.0000000000	1.0000000000	
987	0.6428571429	5.8571428571	6.0000000000	1.0000000000	
988	0.6809523810	5.8571428571	6.0000000000	1.0000000000	
989	0.7000000000	5.8571428571	6.0000000000	1.0000000000	
990	0.3000000000	6.0000000000	6.0000000000	1.0000000000	
991	0.3190476190	6.0000000000	6.0000000000	1.0000000000	
992	0.3571428571	6.0000000000	6.0000000000	1.0000000000	
993	0.4142857143	6.0000000000	6.0000000000	1.0000000000	
994	0.4714285714	6.0000000000	6.0000000000	1.0000000000	
995	0.5285714286	6.0000000000	6.0000000000	1.0000000000	
996	0.5857142857	6.0000000000	6.0000000000	1.0000000000	
997	0.6428571429	6.0000000000	6.0000000000	1.0000000000	
998	0.6809523810	6.0000000000	6.0000000000	1.0000000000	
999	0.7000000000	6.0000000000	6.0000000000	1.0000000000	

0	0	0.0000000000
1	0	0.0000000000
2	0	0.0000000000
3	0	0.0000000000
4	0	0.0000000000
5	0	0.0000000000
6	0	0.0000000000
7	0	0.0000000000
8	0	0.0000000000
9	0	0.0000000000
10	0	0.0000000000
11	0	0.0000000000
12	0	0.0000000000
13	0	0.0000000000
14	0	0.0000000000
15	0	0.0000000000
16	0	0.0000000000
17	0	0.0000000000
18	0	0.0000000000
19	0	0.0000000000
20	0	0.0000000000
21	0	0.0000000000
22	0	0.0000000000
23	0	0.0000000000
24	0	0.0000000000
25	0	0.0000000000
26	0	0.0000000000
27	0	0.0000000000
28	0	0.0000000000
29	0	0.0000000000
30	0	0.0000000000
31	0	0.0000000000
32	0	0.0000000000
33	0	0.0000000000
34	0	0.0000000000
35	0	0.0000000000
36	0	0.0000000000
37	0	0.0000000000
38	0	0.0000000000
39	0	0.0000000000
40	0	0.0000000000
41	0	0.0000000000
42	0	0.0000000000
43	0	0.0000000000
44	0	0.0000000000
45	0	0.0000000000
46	0	0.0000000000
47	0	0.0000000000
48	0	0.0000000000
49	0	0.0000000000
50	0	0.0000000000
51	0	0.0000000000
52	0	0.0000000000
53	0	0.0000000000
54	0	0.0000000000
55	0	0.0000000000
56	0	0.0000000000
57	0	0.0000000000
58	0	0.0000000000
59	0	0.0000000000
60	0	0.0000000000
61	0	0.0000000000
62	0	0.0000000000
63	0	0.0000000000
64	0	0.0000000000
65	0	0.0000000000
66	0	0.0000000000
67	0	0.0000000000
68	0	0.0000000000
69	0	0.0000000000
70	0	0.0000000000
71	0	0.0000000000
72	0	0.0000000000
73	0	0.0000000000
74	0	0.0000000000
75	0	0.0000000000
76	0	0.0000000000
77	0	0.0000000000
78	0	0.0000000000
79	0	0.0000000000
80	0	0.0000000000
81	0	0.0000000000
82	0	0.0000000000
83	0	0.0000000000
84	0	0.0000000000
85	0	0.0000000000
86	0	0.0000000000
87	0	0.0000000000
88	0	0.0000000000
89	0	0.0000000000
90	0	0.0000000000
91	0	0.0000000000
92	0	0.0000000000
93	0	0.0000000000
94	0	0.0000000000
95	0	0.0000000000
96	0	0.0000000000
97	0	0.0000000000
98	0	0.0000000000
99	0	0.0000000000
100	0	0.0000000000
101	0	0.0000000000
102	0	0.0000000000
103	0	0.0000000000
104	0	0.0000000000
105	0	0.0000000000
106	0	0.0000000000
107	0	0.0000000000
108	0	0.0000000000
109	0	0.0000000000
110	0	0.0000000000
119	0	0.0000000000
120	0	0.0000000000
129	0	0.0000000000
130	0	0.0000000000
139	0	0.0000000000
140	0	0.0000000000
149	0	0.0000000000
150	0	0.0000000000
159	0	0.0000000000
160	0	0.0000000000
169	0	0.0000000000
170	0	0.0000000000
179	0	0.0000000000
180	0	0.0000000000
189	0	0.0000000000
190	0	0.0000000000
191	0	0.0000000000
192	0	0.0000000000
193	0	0.0000000000
194	0	0.0000000000
195	0	0.0000000000
196	0	0.0000000000
197	0	0.0000000000
198	0	0.0000000000
199	0	0.0000000000
200	0	0.0000000000
201	0	0.0000000000
202	0	0.0000000000
203	0	0.0000000000
204	0	0.0000000000
205	0	0.0000000000
206	0	0.0000000000
207	0	0.0000000000
208	0	0.0000000000
209	0	0.0000000000
210	0	0.0000000000
219	0	0.0000000000
220	0	0.0000000000
229	0	0.0000000000
230	0	0.0000000000
239	0	0.0000000000
240	0	0.0000000000
249	0	0.0000000000
250	0	0.0000000000
259	0	0.0000000000
260	0	0.0000000000
269	0	0.0000000000
270	0	0.0000000000
279	0	0.0000000000
280	0	0.0000000000
289	0	0.0000000000
290	0	0.0000000000
291	0	0.0000000000
292	0	0.0000000000
293	0	0.0000000000
294	0	0.0000000000
295	0	0.0000000000
296	0	0.0000000000
297	0	0.0000000000
298	0	0.0000000000
299	0	0.0000000000
300	0	0.0000000000
301	0	0.0000000000
302	0	0.0000000000
303	0	0.0000000000
304	0	0.0000000000
305	0	0.0000000000
306	0	0.0000000000
307	0	0.0000000000
308	0	0.0000000000
309	0	0.0000000000
310	0	0.0000000000
319	0	0.0000000000
320	0	0.0000000000
329	0	0.0000000000
330	0	0.0000000000
339	0	0.0000000000
340	0	0.0000000000
349	0	0.0000000000
350	0	0.0000000000
359	0	0.0000000000
360	0	0.0000000000
369	0	0.0000000000
370	0	0.0000000000
379	0	0.0000000000
380	0	0.0000000000
389	0	0.0000000000
390	0	0.0000000000
391	0	0.0000000000
392	0	0.0000000000
393	0	0.0000000000
394	0	0.0000000000
395	0	0.0000000000
396	0	0.0000000000
397	0	0.0000000000
398	0	0.0000000000
399	0	0.0000000000
400	0	0.0000000000
401	0	0.0000000000
402	0	0.0000000000
403	0	0.0000000000
404	0	0.0000000000
405	0	0.0000000000
406	0	0.0000000000
407	0	0.0000000000
408	0	0.0000000000
409	0	0.0000000000
410	0	0.0000000000
419	0	0.0000000000
420	0	0.0000000000
429	0	0.0000000000
430	0	0.0000000000
439	0	0.0000000000
440	0	0.0000000000
449	0	0.0000000000
450	0	0.0000000000
459	0	0.0000000000
460	0	0.0000000000
469	0	0.0000000000
470	0	0.0000000000
479	0	0.0000000000
480	0	0.0000000000
489	0	0.0000000000
490	0	0.0000000000
491	0	0.0000000000
492	0	0.0000000000
493	0	0.0000000000
494	0	0.0000000000
495	0	0.0000000000
496	0	0.0000000000
497	0	0.0000000000
498	0	0.0000000000
499	0	0.0000000000
500	0	0.0000000000
501	0	0.0000000000
502	0	0.0000000000
503	0	0.0000000000
504	0	0.0000000000
505	0	0.0000000000
506	0	0.0000000000
507	0	0.0000000000
508	0	0.0000000000
509	0	0.0000000000
510	0	0.0000000000
519	0	0.0000000000
520	0	0.0000000000
529	0	0.0000000000
530	0	0.0000000000
539	0	0.0000000000
540	0	0.0000000000
549	0	0.0000000000
550	0	0.0000000000
559	0	0.0000000000
560	0	0.0000000000
569	0	0.0000000000
570	0	0.0000000000
579	0	0.0000000000
580	0	0.0000000000
589	0	0.0000000000
590	0	0.0000000000
591	0	0.0000000000
592	0	0.0000000000
593	0	0.0000000000
594	0	0.0000000000
595	0	0.0000000000
596	0	0.0000000000
597	0	0.0000000000
598	0	0.0000000000
599	0	0.0000000000
600	0	0.0000000000
601	0	0.0000000000
602	0	0.0000000000
603	0	0.0000000000
604	0	0.0000000000
605	0	0.0000000000
606	0	0.0000000000
607	0	0.0000000000
608	0	0.0000000000
609	0	0.0000000000
610	0	0.0000000000
619	0	0.0000000000
620	0	0.0000000000
629	0	0.0000000000
630	0	0.0000000000
639	0	0.0000000000
640	0	0.0000000000
649	0	0.0000000000
650	0	0.0000000000
659	0	0.0000000000
660	0	0.0000000000
669	0	0.0000000000
670	0	0.0000000000
679	0	0.0000000000
680	0	0.0000000000
689	0	0.0000000000
690	0	0.0000000000
691	0	0.0000000000
692	0	0.0000000000
693	0	0.0000000000
694	0	0.0000000000
695	0	0.0000000000
696	0	0.0000000000
697	0	0.0000000000
698	0	0.0000000000
699	0	0.0000000000
700	0	0.0000000000
701	0	0.0000000000
702	0	0.0000000000
703	0	0.0000000000
704	0	0.0000000000
705	0	0.0000000000
706	0	0.0000000000
707	0	0.0000000000
708	0	0.0000000000
709	0	0.0000000000
710	0	0.0000000000
719	0	0.0000000000
720	0	0.0000000000
729	0	0.0000000000
730	0	0.0000000000
739	0	0.0000000000
740	0	0.0000000000
749	0	0.0000000000
750	0	0.0000000000
759	0	0.0000000000
760	0	0.0000000000
769	0	0.0000000000
770	0	0.0000000000
779	0	0.0000000000
780	0	0.0000000000
789	0	0.0000000000
790	0	0.0000000000
791	0	0.0000000000
792	0	0.0000000000
793	0	0.0000000000
794	0	0.0000000000
795	0	0.0000000000
796	0	0.0000000000
797	0	0.0000000000
798	0	0.0000000000
799	0	0.0000000000
800	0	0.0000000000
801	0	0.0000000000
802	0	0.0000000000
803	0	0.0000000000
804	0	0.0000000000
805	0	0.0000000000
806	0	0.0000000000
807	0	0.0000000000
808	0	0.0000000000
809	0	0.0000000000
810	0	0.0000000000
819	0	0.0000000000
820	0	0.0000000000
829	0	0.0000000000
830	0	0.0000000000
839	0	0.0000000000
840	0	0.0000000000
849	0	0.0000000000
850	0	0.0000000000
859	0	0.0000000000
860	0	0.0000000000
869	0	0.0000000000
870	0	0.0000000000
879	0	0.0000000000
880	0	0.0000000000
889	0	0.0000000000
890	0	0.0000000000
891	0	0.0000000000
892	0	0.0000000000
893	0	0.0000000000
894	0	0.0000000000
895	0	0.0000000000
896	0	0.0000000000
897	0	0.0000000000
898	0	0.0000000000
899	0	0.0000000000
900	0	0.0000000000
901	0	0.0000000000
902	0	0.0000000000
903	0	0.0000000000
904	0	0.0000000000
905	0	0.0000000000
906	0	0.0000000000
907	0	0.0000000000
908	0	0.0000000000
909	0	0.0000000000
910	0	0.0000000000
911	0	0.0000000000
912	0	0.0000000000
913	0	0.0000000000
914	0	0.0000000000
915	0	0.0000000000
916	0	0.0000000000
917	0	0.0000000000
918	0	0.0000000000
919	0	0.0000000000
920	0	0.0000000000
921	0	0.0000000000
922	0	0.0000000000
923	0	0.0000000000
924	0	0.0000000000
925	0	0.0000000000
926	0	0.0000000000
927	0	0.0000000000
928	0	0.0000000000
929	0	0.0000000000
930	0	0.0000000000
931	0	0.0000000000
932	0	0.0000000000
933	0	0.0000000000
934	0	0.0000000000
935	0	0.0000000000
936	0	0.0000000000
937	0	0.0000000000
938	0	0.0000000000
939	0	0.0000000000
940	0	0.0000000000
941	0	0.0000000000
942	0	0.0000000000
943	0	0.0000000000
944	0	0.0000000000
945	0	0.0000000000
946	0	0.0000000000
947	0	0.0000000000
948	0	0.0000000000
949	0	0.0000000000
950	0	0.0000000000
951	0	0.0000000000
952	0	0.0000000000
953	0	0.0000000000
954	0	0.0000000000
955	0	0.0000000000
956	0	0.0000000000
957	0	0.0000000000
958	0	0.0000000000
959	0	0.0000000000
960	0	0.0000000000
961	0	0.0000000000
962	0	0.0000000000
963	0	0.0000000000
964	0	0.0000000000
965	0	0.0000000000
966	0	0.0000000000
967	0	0.0000000000
968	0	0.0000000000
969	0	0.0000000000
970	0	0.0000000000
971	0	0.0000000000
972	0	0.0000000000
973	0	0.0000000000
974	0	0.0000000000
975	0	0.0000000000
976	0	0.0000000000
977	0	0.0000000000
978	0	0.0000000000
979	0	0.0000000000
980	0	0.0000000000
981	0	0.0000000000
982	0	0.0000000000
983	0	0.0000000000
984	0	0.0000000000
985	0	0.0000000000
986	0	0.0000000000
987	0	0.0000000000
988	0	0.0000000000
989	0	0.0000000000
990	0	0.0000000000
991	0	0.0000000000
992	0	0.0000000000
993	0	0.0000000000
994	0	0.0000000000
995	0	0.0000000000
996	0	0.0000000000
997	0	0.0000000000
998	0	0.0000000000
999	0	0.0000000000
0	1	0.0000000000
1	1	0.0000000000
2	1	0.0000000000
3	1	0.0000000000
4	1	0.0000000000
5	1	0.0000000000
6	1	0.0000000000
7	1	0.0000000000
8	1	0.0000000000
9	1	0.0000000000
10	1	0.0000000000
11	1	0.0000000000
12	1	0.0000000000
13	1	0.0000000000
14	1	0.0000000000
15	1	0.0000000000
16	1	0.0000000000
17	1	0.0000000000
18	1	0.0000000000
19	1	0.0000000000
20	1	0.0000000000
21	1	0.0000000000
22	1	0.0000000000
23	1	0.0000000000
24	1	0.0000000000
25	1	0.0000000000
26	1	0.0000000000
27	1	0.0000000000
28	1	0.0000000000
29	1	0.0000000000
30	1	0.0000000000
31	1	0.0000000000
32	1	0.0000000000
33	1	0.0000000000
34	1	0.0000000000
35	1	0.0000000000
36	1	0.0000000000
37	1	0.0000000000
38	1	0.0000000000
39	1	0.0000000000
40	1	0.0000000000
41	1	0.0000000000
42	1	0.0000000000
43	1	0.0000000000
44	1	0.0000000000
45	1	0.0000000000
46	1	0.0000000000
47	1	0.0000000000
48	1	0.0000000000
49	1	0.0000000000
50	1	0.0000000000
51	1	0.0000000000
52	1	0.0000000000
53	1	0.0000000000
54	1	0.0000000000
55	1	0.0000000000
56	1	0.0000000000
57	1	0.0000000000
58	1	0.0000000000
59	1	0.0000000000
60	1	0.0000000000
61	1	0.0000000000
62	1	0.0000000000
63	1	0.0000000000
64	1	0.0000000000
65	1	0.0000000000
66	1	0.0000000000
67	1	0.0000000000
68	1	0.0000000000
69	1	0.0000000000
70	1	0.0000000000
71	1	0.0000000000
72	1	0.0000000000
73	1	0.0000000000
74	1	0.0000000000
75	1	0.0000000000
76	1	0.0000000000
77	1	0.0000000000
78	1	0.0000000000
79	1	0.0000000000
80	1	0.0000000000
81	1	0.0000000000
82	1	0.0000000000
83	1	0.0000000000
84	1	0.0000000000
85	1	0.0000000000
86	1	0.0000000000
87	1	0.0000000000
88	1	0.0000000000
89	1	0.0000000000
90	1	0.0000000000
91	1	0.0000000000
92	1	0.0000000000
93	1	0.0000000000
94	1	0.0000000000
95	1	0.0000000000
96	1	0.0000000000
97	1	0.0000000000
98	1	0.0000000000
99	1	0.0000000000
100	1	0.0000000000
101	1	0.0000000000
102	1	0.0000000000
103	1	0.0000000000
104	1	0.0000000000
105	1	0.0000000000
106	1	0.0000000000
107	1	0.0000000000
108	1	0.0000000000
109	1	0.0000000000
110	1	0.0000000000
119	1	0.0000000000
120	1	0.0000000000
129	1	0.0000000000
130	1	0.0000000000
139	1	0.0000000000
140	1	0.0000000000
149	1	0.0000000000
150	1	0.0000000000
159	1	0.0000000000
160	1	0.0000000000
169	1	0.0000000000
170	1	0.0000000000
179	1	0.0000000000
180	1	0.0000000000
189	1	0.0000000000
190	1	0.0000000000
191	1	0.0000000000
192	1	0.0000000000
193	1	0.0000000000
194	1	0.0000000000
195	1	0.0000000000
196	1	0.0000000000
197	1	0.0000000000
198	1	0.0000000000
199	1	0.0000000000
200	1	0.0000000000
201	1	0.0000000000
202	1	0.0000000000
203	1	0.0000000000
204	1	0.0000000000
205	1	0.0000000000
206	1	0.0000000000
207	1	0.0000000000
208	1	0.0000000000
209	1	0.0000000000
210	1	0.0000000000
219	1	0.0000000000
220	1	0.0000000000
229	1	0.0000000000
230	1	0.0000000000
239	1	0.0000000000
240	1	0.0000000000
249	1	0.0000000000
250	1	0.0000000000
259	1	0.0000000000
260	1	0.0000000000
269	1	0.0000000000
270	1	0.0000000000
279	1	0.0000000000
280	1	0.0000000000
289	1	0.0000000000
290	1	0.0000000000
291	1	0.0000000000
292	1	0.0000000000
293	1	0.0000000000
294	1	0.0000000000
295	1	0.0000000000
296	1	0.0000000000
297	1	0.0000000000
298	1	0.0000000000
299	1	0.0000000000
300	1	0.0000000000
301	1	0.0000000000
302	1	0.0000000000
303	1	0.0000000000
304	1	0.0000000000
305	1	0.0000000000
306	1	0.0000000000
307	1	0.0000000000
308	1	0.0000000000
309	1	0.0000000000
310	1	0.0000000000
319	1	0.0000000000
320	1	0.0000000000
329	1	0.0000000000
330	1	0.0000000000
339	1	0.0000000000
340	1	0.0000000000
349	1	0.0000000000
350	1	0.0000000000
359	1	0.0000000000
360	1	0.0000000000
369	1	0.0000000000
370	1	0.0000000000
379	1	0.0000000000
380	1	0.0000000000
389	1	0.0000000000
390	1	0.0000000000
391	1	0.0000000000
392	1	0.0000000000
393	1	0.0000000000
394	1	0.0000000000
395	1	0.0000000000
396	1	0.0000000000
397	1	0.0000000000
398	1	0.0000000000
399	1	0.0000000000
400	1	0.0000000000
401	1	0.0000000000
402	1	0.0000000000
403	1	0.0000000000
404	1	0.0000000000
405	1	0.0000000000
406	1	0.0000000000
407	1	0.0000000000
408	1	0.0000000000
409	1	0.0000000000
410	1	0.0000000000
419	1	0.0000000000
420	1	0.0000000000
429	1	0.0000000000
430	1	0.0000000000
439	1	0.0000000000
440	1	0.0000000000
449	1	0.0000000000
450	1	0.0000000000
459	1	0.0000000000
460	1	0.0000000000
469	1	0.0000000000
470	1	0.0000000000
479	1	0.0000000000
480	1	0.0000000000
489	1	0.0000000000
490	1	0.0000000000
491	1	0.0000000000
492	1	0.0000000000
493	1	0.0000000000
494	1	0.0000000000
495	1	0.0000000000
496	1	0.0000000000
497	1	0.0000000000
498	1	0.0000000000
499	1	0.0000000000
500	1	0.0000000000
501	1	0.0000000000
502	1	0.0000000000
503	1	0.0000000000
504	1	0.0000000000
505	1	0.0000000000
506	1	0.0000000000
507	1	0.0000000000
508	1	0.0000000000
509	1	0.0000000000
510	1	0.0000000000
519	1	0.0000000000
520	1	0.0000000000
529	1	0.0000000000
530	1	0.0000000000
539	1	0.0000000000
540	1	0.0000000000
549	1	0.0000000000
550	1	0.0000000000
559	1	0.0000000000
560	1	0.0000000000
569	1	0.0000000000
570	1	0.0000000000
579	1	0.0000000000
580	1	0.0000000000
589	1	0.0000000000
590	1	0.0000000000
591	1	0.0000000000
592	1	0.0000000000
593	1	0.0000000000
594	1	0.0000000000
595	1	0.0000000000
596	1	0.0000000000
597	1	0.0000000000
598	1	0.0000000000
599	1	0.0000000000
600	1	0.0000000000
601	1	0.0000000000
602	1	0.0000000000
603	1	0.0000000000
604	1	0.0000000000
605	1	0.0000000000
606	1	0.0000000000
607	1	0.0000000000
608	1	0.0000000000
609	1	0.0000000000
610	1	0.0000000000
619	1	0.0000000000
620	1	0.0000000000
629	1	0.0000000000
630	1	0.0000000000
639	1	0.0000000000
640	1	0.0000000000
649	1	0.0000000000
650	1	0.0000000000
659	1	0.0000000000
660	1	0.0000000000
669	1	0.0000000000
670	1	0.0000000000
679	1	0.0000000000
680	1	0.0000000000
689	1	0.0000000000
690	1	0.0000000000
691	1	0.0000000000
692	1	0.0000000000
693	1	0.0000000000
694	1	0.0000000000
695	1	0.0000000000
696	1	0.0000000000
697	1	0.0000000000
698	1	0.0000000000
699	1	0.0000000000
700	1	0.0000000000
701	1	0.0000000000
702	1	0.0000000000
703	1	0.0000000000
704	1	0.0000000000
705	1	0.0000000000
706	1	0.0000000000
707	1	0.0000000000
708	1	0.0000000000
709	1	0.0000000000
710	1	0.0000000000
719	1	0.0000000000
720	1	0.0000000000
729	1	0.0000000000
730	1	0.0000000000
739	1	0.0000000000
740	1	0.0000000000
749	1	0.0000000000
750	1	0.0000000000
759	1	0.0000000000
760	1	0.0000000000
769	1	0.0000000000
770	1	0.0000000000
779	1	0.0000000000
780	1	0.0000000000
789	1	0.0000000000
790	1	0.0000000000
791	1	0.0000000000
792	1	0.0000000000
793	1	0.0000000000
794	1	0.0000000000
795	1	0.0000000000
796	1	0.0000000000
797	1	0.0000000000
798	1	0.0000000000
799	1	0.0000000000
800	1	0.0000000000
801	1	0.0000000000
802	1	0.0000000000
803	1	0.0000000000
804	1	0.0000000000
805	1	0.0000000000
806	1	0.0000000000
807	1	0.0000000000
808	1	0.0000000000
809	1	0.0000000000
810	1	0.0000000000
819	1	0.0000000000
820	1	0.0000000000
829	1	0.0000000000
830	1	0.0000000000
839	1	0.0000000000
840	1	0.0000000000
849	1	0.0000000000
850	1	0.0000000000
859	1	0.0000000000
860	1	0.0000000000
869	1	0.0000000000
870	1	0.0000000000
879	1	0.0000000000
880	1	0.0000000000
889	1	0.0000000000
890	1	0.0000000000
891	1	0.0000000000
892	1	0.0000000000
893	1	0.0000000000
894	1	0.0000000000
895	1	0.0000000000
896	1	0.0000000000
897	1	0.0000000000
898	1	0.0000000000
899	1	0.0000000000
900	1	0.0000000000
901	1	0.0000000000
902	1	0.0000000000
903	1	0.0000000000
904	1	0.0000000000
905	1	0.0000000000
906	1	0.0000000000
907	1	0.0000000000
908	1	0.0000000000
909	1	0.0000000000
910	1	0.0000000000
911	1	0.0000000000
912	1	0.0000000000
913	1	0.0000000000
914	1	0.0000000000
915	1	0.0000000000
916	1	0.0000000000
917	1	0.0000000000
918	1	0.0000000000
919	1	0.0000000000
920	1	0.0000000000
921	1	0.0000000000
922	1	0.0000000000
923	1	0.0000000000
924	1	0.0000000000
925	1	0.0000000000
926	1	0.0000000000
927	1	0.0000000000
928	1	0.0000000000
929	1	0.0000000000
930	1	0.0000000000
931	1	0.0000000000
932	1	0.0000000000
933	1	0.0000000000
934	1	0.0000000000
935	1	0.0000000000
936	1	0.0000000000
937	1	0.0000000000
938	1	0.0000000000
939	1	0.0000000000
940	1	0.0000000000
941	1	0.0000000000
942	1	0.0000000000
943	1	0.0000000000
944	1	0.0000000000
945	1	0.0000000000
946	1	0.0000000000
947	1	0.0000000000
948	1	0.0000000000
949	1	0.0000000000
950	1	0.0000000000
951	1	0.0000000000
952	1	0.0000000000
953	1	0.0000000000
954	1	0.0000000000
955	1	0.0000000000
956	1	0.0000000000
957	1	0.0000000000
958	1	0.0000000000
959	1	0.0000000000
960	1	0.0000000000
961	1	0.0000000000
962	1	0.0000000000
963	1	0.0000000000
964	1	0.0000000000
965	1	0.0000000000
966	1	0.0000000000
967	1	0.0000000000
968	1	0.0000000000
969	1	0.0000000000
970	1	0.0000000000
971	1	0.0000000000
972	1	0.0000000000
973	1	0.0000000000
974	1	0.0000000000
975	1	0.0000000000
976	1	0.0000000000
977	1	0.0000000000
978	1	0.0000000000
979	1	0.0000000000
980	1	0.0000000000
981	1	0.0000000000
982	1	0.0000000000
983	1	0.0000000000
984	1	0.0000000000
985	1	0.0000000000
986	1	0.0000000000
987	1	0.0000000000
988	1	0.0000000000
989	1	0.0000000000
990	1	0.0000000000
991	1	0.0000000000
992	1	0.0000000000
993	1	0.0000000000
994	1	0.0000000000
995	1	0.0000000000
996	1	0.0000000000
997	1	0.0000000000
998	1	0.0000000000
999	1	0.0000000000
0	2	0.0000000000
1	2	0.0000000000
2	2	0.0000000000
3	2	0.0000000000
4	2	0.0000000000
5	2	0.0000000000
6	2	0.0000000000
7	2	0.0000000000
8	2	0.0000000000
9	2	0.0000000000
10	2	0.0000000000
11	2	0.0000000000
12	2	0.0000000000
13	2	0.0000000000
14	2	0.0000000000
15	2	0.0000000000
16	2	0.0000000000
17	2	0.0000000000
18	2	0.0000000000
19	2	0.0000000000
20	2	0.0000000000
21	2	0.0000000000
22	2	0.0000000000
23	2	0.0000000000
24	2	0.0000000000
25	2	0.0000000000
26	2	0.0000000000
27	2	0.0000000000
28	2	0.0000000000
29	2	0.0000000000
30	2	0.0000000000
31	2	0.0000000000
32	2	0.0000000000
33	2	0.0000000000
34	2	0.0000000000
35	2	0.0000000000
36	2	0.0000000000
37	2	0.0000000000
38	2	0.0000000000
39	2	0.0000000000
40	2	0.0000000000
41	2	0.0000000000
42	2	0.0000000000
43	2	0.0000000000
44	2	0.0000000000
45	2	0.0000000000
46	2	0.0000000000
47	2	0.0000000000
48	2	0.0000000000
49	2	0.0000000000
50	2	0.0000000000
51	2	0.0000000000
52	2	0.0000000000
53	2	0.0000000000
54	2	0.0000000000
55	2	0.0000000000
56	2	0.0000000000
57	2	0.0000000000
58	2	0.0000000000
59	2	0.0000000000
60	2	0.0000000000
61	2	0.0000000000
62	2	0.0000000000
63	2	0.0000000000
64	2	0.0000000000
65	2	0.0000000000
66	2	0.0000000000
67	2	0.0000000000
68	2	0.0000000000
69	2	0.0000000000
70	2	0.0000000000
71	2	0.0000000000
72	2	0.0000000000
73	2	0.0000000000
74	2	0.0000000000
75	2	0.0000000000
76	2	0.0000000000
77	2	0.0000000000
78	2	0.0000000000
79	2	0.0000000000
80	2	0.0000000000
81	2	0.0000000000
82	2	0.0000000000
83	2	0.0000000000
84	2	0.0000000000
85	2	0.0000000000
86	2	0.0000000000
87	2	0.0000000000
88	2	0.0000000000
89	2	0.0000000000
90	2	0.0000000000
91	2	0.0000000000
92	2	0.0000000000
93	2	0.0000000000
94	2	0.0000000000
95	2	0.0000000000
96	2	0.0000000000
97	2	0.0000000000
98	2	0.0000000000
99	2	0.0000000000
100	2	0.0000000000
101	2	0.0000000000
102	2	0.0000000000
103	2	0.0000000000
104	2	0.0000000000
105	2	0.0000000000
106	2	0.0000000000
107	2	0.0000000000
108	2	0.0000000000
109	2	0.0000000000
110	2	0.0000000000
119	2	0.0000000000
120	2	0.0000000000
129	2	0.0000000000
130	2	0.0000000000
139	2	0.0000000000
140	2	0.0000000000
149	2	0.0000000000
150	2	0.0000000000
159	2	0.0000000000
160	2	0.0000000000
169	2	0.0000000000
170	2	0.0000000000
179	2	0.0000000000
180	2	0.0000000000
189	2	0.0000000000
190	2	0.0000000000
191	2	0.0000000000
192	2	0.0000000000
193	2	0.0000000000
194	2	0.0000000000
195	2	0.0000000000
196	2	0.0000000000
197	2	0.0000000000
198	2	0.0000000000
199	2	0.0000000000
200	2	0.0000000000
201	2	0.0000000000
202	2	0.0000000000
203	2	0.0000000000
204	2	0.0000000000
205	2	0.0000000000
206	2	0.0000000000
207	2	0.0000000000
208	2	0.0000000000
209	2	0.0000000000
210	2	0.0000000000
219	2	0.0000000000
220	2	0.0000000000
229	2	0.0000000000
230	2	0.0000000000
239	2	0.0000000000
240	2	0.0000000000
249	2	0.0000000000
250	2	0.0000000000
259	2	0.0000000000
260	2	0.0000000000
269	2	0.0000000000
270	2	0.0000000000
279	2	0.0000000000
280	2	0.0000000000
289	2	0.0000000000
290	2	0.0000000000
291	2	0.0000000000
292	2	0.0000000000
293	2	0.0000000000
294	2	0.0000000000
295	2	0.0000000000
296	2	0.0000000000
297	2	0.0000000000
298	2	0.0000000000
299	2	0.0000000000
300	2	0.0000000000
301	2	0.0000000000
302	2	0.0000000000
303	2	0.0000000000
304	2	0.0000000000
305	2	0.0000000000
306	2	0.0000000000
307	2	0.0000000000
308	2	0.0000000000
309	2	0.0000000000
310	2	0.0000000000
319	2	0.0000000000
320	2	0.0000000000
329	2	0.0000000000
330	2	0.0000000000
339	2	0.0000000000
340	2	0.0000000000
349	2	0.0000000000
350	2	0.0000000000
359	2	0.0000000000
360	2	0.0000000000
369	2	0.0000000000
370	2	0.0000000000
379	2	0.0000000000
380	2	0.0000000000
389	2	0.0000000000
390	2	0.0000000000
391	2	0.0000000000
392	2	0.0000000000
393	2	0.0000000000
394	2	0.0000000000
395	2	0.0000000000
396	2	0.0000000000
397	2	0.0000000000
398	2	0.0000000000
399	2	0.0000000000
400	2	0.0000000000
401	2	0.0000000000
402	2	0.0000000000
403	2	0.0000000000
404	2	0.0000000000
405	2	0.0000000000
406	2	0.0000000000
407	2	0.0000000000
408	2	0.0000000000
409	2	0.0000000000
410	2	0.0000000000
419	2	0.0000000000
420	2	0.0000000000
429	2	0.0000000000
430	2	0.0000000000
439	2	0.0000000000
440	2	0.0000000000
449	2	0.0000000000
450	2	0.0000000000
459	2	0.0000000000
460	2	0.0000000000
469	2	0.0000000000
470	2	0.0000000000
479	2	0.0000000000
480	2	0.0000000000
489	2	0.0000000000
490	2	0.0000000000
491	2	0.0000000000
492	2	0.0000000000
493	2	0.0000000000
494	2	0.0000000000
495	2	0.0000000000
496	2	0.0000000000
497	2	0.0000000000
498	2	0.0000000000
499	2	0.0000000000
500	2	0.0000000000
501	2	0.0000000000
502	2	0.0000000000
503	2	0.0000000000
504	2	0.0000000000
505	2	0.0000000000
506	2	0.0000000000
507	2	0.0000000000
508	2	0.0000000000
509	2	0.0000000000
510	2	0.0000000000
519	2	0.0000000000
520	2	0.0000000000
529	2	0.0000000000
530	2	0.0000000000
539	2	0.0000000000
540	2	0.0000000000
549	2	0.0000000000
550	2	0.0000000000
559	2	0.0000000000
560	2	0.0000000000
569	2	0.0000000000
570	2	0.0000000000
579	2	0.0000000000
580	2	0.0000000000
589	2	0.0000000000
590	2	0.0000000000
591	2	0.0000000000
592	2	0.0000000000
593	2	0.0000000000
594	2	0.0000000000
595	2	0.0000000000
596	2	0.0000000000
597	2	0.0000000000
598	2	0.0000000000
599	2	0.0000000000
600	2	0.0000000000
601	2	0.0000000000
602	2	0.0000000000
603	2	0.0000000000
604	2	0.0000000000
605	2	0.0000000000
606	2	0.0000000000
607	2	0.0000000000
608	2	0.0000000000
609	2	0.0000000000
610	2	0.0000000000
619	2	0.0000000000
620	2	0.0000000000
629	2	0.0000000000
630	2	0.0000000000
639	2	0.0000000000
640	2	0.0000000000
649	2	0.0000000000
650	2	0.0000000000
659	2	0.0000000000
660	2	0.0000000000
669	2	0.0000000000
670	2	0.0000000000
679	2	0.0000000000
680	2	0.0000000000
689	2	0.0000000000
690	2	0.0000000000
691	2	0.0000000000
692	2	0.0000000000
693	2	0.0000000000
694	2	0.0000000000
695	2	0.0000000000
696	2	0.0000000000
697	2	0.0000000000
698	2	0.0000000000
699	2	0.0000000000
700	2	0.0000000000
701	2	0.0000000000
702	2	0.0000000000
703	2	0.0000000000
704	2	0.0000000000
705	2	0.0000000000
706	2	0.0000000000
707	2	0.0000000000
708	2	0.0000000000
709	2	0.0000000000
710	2	0.0000000000
719	2	0.0000000000
720	2	0.0000000000
729	2	0.0000000000
730	2	0.0000000000
739	2	0.0000000000
740	2	0.0000000000
749	2	0.0000000000
750	2	0.0000000000
759	2	0.0000000000
760	2	0.0000000000
769	2	0.0000000000
770	2	0.0000000000
779	2	0.0000000000
780	2	0.0000000000
789	2	0.0000000000
790	2	0.0000000000
791	2	0.0000000000
792	2	0.0000000000
793	2	0.0000000000
794	2	0.0000000000
795	2	0.0000000000
796	2	0.0000000000
797	2	0.0000000000
798	2	0.0000000000
799	2	0.0000000000
800	2	0.0000000000
801	2	0.0000000000
802	2	0.0000000000
803	2	0.0000000000
804	2	0.0000000000
805	2	0.0000000000
806	2	0.0000000000
807	2	0.0000000000
808	2	0.0000000000
809	2	0.0000000000
810	2	0.0000000000
819	2	0.0000000000
820	2	0.0000000000
829	2	0.0000000000
830	2	0.0000000000
839	2	0.0000000000
840	2	0.0000000000
849	2	0.0000000000
850	2	0.0000000000
859	2	0.0000000000
860	2	0.0000000000
869	2	0.0000000000
870	2	0.0000000000
879	2	0.0000000000
880	2	0.0000000000
889	2	0.0000000000
890	2	0.0000000000
891	2	0.0000000000
892	2	0.0000000000
893	2	0.0000000000
894	2	0.0000000000
895	2	0.0000000000
896	2	0.0000000000
897	2	0.0000000000
898	2	0.0000000000
899	2	0.0000000000
900	2	0.0000000000
901	2	0.0000000000
902	2	0.0000000000
903	2	0.0000000000
904	2	0.0000000000
905	2	0.0000000000
906	2	0.0000000000
907	2	0.0000000000
908	2	0.0000000000
909	2	0.0000000000
910	2	0.0000000000
911	2	0.0000000000
912	2	0.0000000000
913	2	0.0000000000
914	2	0.0000000000
915	2	0.0000000000
916	2	0.0000000000
917	2	0.0000000000
918	2	0.0000000000
919	2	0.0000000000
920	2	0.0000000000
921	2	0.0000000000
922	2	0.0000000000
923	2	0.0000000000
924	2	0.0000000000
925	2	0.0000000000
926	2	0.0000000000
927	2	0.0000000000
928	2	0.0000000000
929	2	0.0000000000
930	2	0.0000000000
931	2	0.0000000000
932	2	0.0000000000
933	2	0.0000000000
934	2	0.0000000000
935	2	0.0000000000
936	2	0.0000000000
937	2	0.0000000000
938	2	0.0000000000
939	2	0.0000000000
940	2	0.0000000000
941	2	0.0000000000
942	2	0.0000000000
943	2	0.0000000000
944	2	0.0000000000
945	2	0.0000000000
946	2	0.0000000000
947	2	0.0000000000
948	2	0.0000000000
949	2	0.0000000000
950	2	0.0000000000
951	2	0.0000000000
952	2	0.0000000000
953	2	0.0000000000
954	2	0.0000000000
955	2	0.0000000000
956	2	0.0000000000
957	2	0.0000000000
958	2	0.0000000000
959	2	0.0000000000
960	2	0.0000000000
961	2	0.0000000000
962	2	0.0000000000
963	2	0.0000000000
964	2	0.0000000000
965	2	0.0000000000
966	2	0.0000000000
967	2	0.0000000000
968	2	0.0000000000
969	2	0.0000000000
970	2	0.0000000000
971	2	0.0000000000
972	2	0.0000000000
973	2	0.0000000000
974	2	0.0000000000
975	2	0.0000000000
976	2	0.0000000000
977	2	0.0000000000
978	2	0.0000000000
979	2	0.0000000000
980	2	0.0000000000
981	2	0.0000000000
982	2	0.0000000000
983	2	0.0000000000
984	2	0.0000000000
985	2	0.0000000000
986	2	0.0000000000
987	2	0.0000000000
988	2	0.0000000000
989	2	0.0000000000
990	2	0.0000000000
991	2	0.0000000000
992	2	0.0000000000
993	2	0.0000000000
994	2	0.0000000000
995	2	0.0000000000
996	2	0.0000000000
997	2	0.0000000000
998	2	0.0000000000
999	2	0.0000000000


