206000  0.3

1

100

3	3

14	14

10	10

0   1   2   3   4   5   6   7   8   9   10   11   12   13   14   15   16   17   18   19   20   21   22   23   24   25   26   27   28   29   30   31   32   33   34   35   36   37   38   39   40   41   42   43   44   45   46   47   48   49   50   51   52   53   54   55   56   57   58   59   60   61   62   63   64   65   66   67   68   69   70   71   72   73   74   75   76   77   78   79   80   81   82   83   84   85   86   87   88   89   90   91   92   93   94   95   96   97   98   99

38  0   0

0.0000000000000000e+00	0.0000000000000000e+00	0.0000000000000000e+00	0.0000000000000000e+00	1.4285714285714285e-01	2.8571428571428570e-01	4.2857142857142855e-01	5.7142857142857140e-01	7.1428571428571430e-01	8.5714285714285710e-01	1.0000000000000000e+00	1.0000000000000000e+00	1.0000000000000000e+00	1.0000000000000000e+00
0.0000000000000000e+00	0.0000000000000000e+00	0.0000000000000000e+00	0.0000000000000000e+00	1.4285714285714285e-01	2.8571428571428570e-01	4.2857142857142855e-01	5.7142857142857140e-01	7.1428571428571430e-01	8.5714285714285710e-01	1.0000000000000000e+00	1.0000000000000000e+00	1.0000000000000000e+00	1.0000000000000000e+00

0	1.0000000000000000e+00	0.0000000000000000e+00	1.0000000000000000e+00
1	1.0833333333333335e+00	0.0000000000000000e+00	1.0000000000000000e+00
2	1.2500000000000002e+00	0.0000000000000000e+00	1.0000000000000000e+00
3	1.5000000000000002e+00	0.0000000000000000e+00	9.9999999999999989e-01
4	1.7500000000000002e+00	0.0000000000000000e+00	1.0000000000000000e+00
5	2.0000000000000000e+00	0.0000000000000000e+00	1.0000000000000000e+00
6	2.2500000000000000e+00	0.0000000000000000e+00	1.0000000000000000e+00
7	2.5000000000000000e+00	0.0000000000000000e+00	1.0000000000000000e+00
8	2.6666666666666670e+00	0.0000000000000000e+00	1.0000000000000000e+00
9	2.7500000000000000e+00	0.0000000000000000e+00	1.0000000000000000e+00
10	1.0000000000000000e+00	6.9275926699411725e-02	9.7210540773205223e-01
11	1.0833333333333335e+00	7.5048920591029369e-02	9.7210540773205223e-01
12	1.2500000000000002e+00	8.6594908374264631e-02	9.7210540773205223e-01
13	1.5000000000000002e+00	1.0391389004911758e-01	9.7210540773205212e-01
14	1.7500000000000002e+00	1.2123287172397049e-01	9.7210540773205223e-01
15	2.0000000000000000e+00	1.3855185339882345e-01	9.7210540773205223e-01
16	2.2500000000000000e+00	1.5587083507367636e-01	9.7210540773205223e-01
17	2.5000000000000004e+00	1.7318981674852932e-01	9.7210540773205223e-01
18	2.6666666666666670e+00	1.8473580453176461e-01	9.7210540773205223e-01
19	2.7500000000000000e+00	1.9050879842338223e-01	9.7210540773205223e-01
20	9.8528005335336311e-01	2.1248285440492004e-01	9.2428610670128442e-01
21	1.0673867244661432e+00	2.3018975893866334e-01	9.2428610670128453e-01
22	1.2316000666917040e+00	2.6560356800614998e-01	9.2428610670128442e-01
23	1.4779200800300447e+00	3.1872428160738009e-01	9.2428610670128419e-01
24	1.7242400933683855e+00	3.7184499520860997e-01	9.2428610670128442e-01
25	1.9705601067067262e+00	4.2496570880984008e-01	9.2428610670128442e-01
26	2.2168801200450670e+00	4.7808642241106997e-01	9.2428610670128442e-01
27	2.4632001333834079e+00	5.3120713601229996e-01	9.2428610670128442e-01
28	2.6274134756089680e+00	5.6662094507978678e-01	9.2428610670128442e-01
29	2.7095201467217485e+00	5.8432784961353001e-01	9.2428610670128442e-01
30	9.1462319908904877e-01	4.2564697568996424e-01	8.7646680567051660e-01
31	9.9084179901313596e-01	4.6111755699746121e-01	8.7646680567051671e-01
32	1.1432789988613110e+00	5.3205871961245521e-01	8.7646680567051660e-01
33	1.3719347986335733e+00	6.3847046353494641e-01	8.7646680567051638e-01
34	1.6005905984058353e+00	7.4488220745743738e-01	8.7646680567051660e-01
35	1.8292463981780975e+00	8.5129395137992847e-01	8.7646680567051660e-01
36	2.0579021979503596e+00	9.5770569530241934e-01	8.7646680567051660e-01
37	2.2865579977226225e+00	1.0641174392249104e+00	8.7646680567051660e-01
38	2.4389951975707969e+00	1.1350586018399045e+00	8.7646680567051660e-01
39	2.5152137974948836e+00	1.1705291831474016e+00	8.7646680567051660e-01
40	7.9254089039093678e-01	6.2497776339900124e-01	8.5255715515513286e-01
41	8.5858596459018166e-01	6.7705924368225134e-01	8.5255715515513286e-01
42	9.9067611298867109e-01	7.8122220424875144e-01	8.5255715515513286e-01
43	1.1888113355864056e+00	9.3746664509850219e-01	8.5255715515513253e-01
44	1.3869465581841394e+00	1.0937110859482519e+00	8.5255715515513286e-01
45	1.5850817807818738e+00	1.2499555267980025e+00	8.5255715515513286e-01
46	1.7832170033796080e+00	1.4061999676477528e+00	8.5255715515513286e-01
47	1.9813522259773424e+00	1.5624444084975031e+00	8.5255715515513286e-01
48	2.1134423743758317e+00	1.6666073690640035e+00	8.5255715515513286e-01
49	2.1794874485750761e+00	1.7186888493472532e+00	8.5255715515513286e-01
50	6.2497776339900124e-01	7.9254089039093689e-01	8.5255715515513286e-01
51	6.7705924368225134e-01	8.5858596459018166e-01	8.5255715515513286e-01
52	7.8122220424875155e-01	9.9067611298867120e-01	8.5255715515513286e-01
53	9.3746664509850219e-01	1.1888113355864056e+00	8.5255715515513253e-01
54	1.0937110859482522e+00	1.3869465581841391e+00	8.5255715515513286e-01
55	1.2499555267980025e+00	1.5850817807818738e+00	8.5255715515513286e-01
56	1.4061999676477528e+00	1.7832170033796080e+00	8.5255715515513286e-01
57	1.5624444084975033e+00	1.9813522259773424e+00	8.5255715515513286e-01
58	1.6666073690640031e+00	2.1134423743758317e+00	8.5255715515513286e-01
59	1.7186888493472534e+00	2.1794874485750761e+00	8.5255715515513286e-01
60	4.2564697568996418e-01	9.1462319908904866e-01	8.7646680567051671e-01
61	4.6111755699746121e-01	9.9084179901313607e-01	8.7646680567051671e-01
62	5.3205871961245521e-01	1.1432789988613108e+00	8.7646680567051671e-01
63	6.3847046353494630e-01	1.3719347986335733e+00	8.7646680567051649e-01
64	7.4488220745743727e-01	1.6005905984058351e+00	8.7646680567051671e-01
65	8.5129395137992847e-01	1.8292463981780973e+00	8.7646680567051671e-01
66	9.5770569530241922e-01	2.0579021979503596e+00	8.7646680567051671e-01
67	1.0641174392249104e+00	2.2865579977226216e+00	8.7646680567051671e-01
68	1.1350586018399045e+00	2.4389951975707964e+00	8.7646680567051671e-01
69	1.1705291831474012e+00	2.5152137974948836e+00	8.7646680567051671e-01
70	2.1248285440492004e-01	9.8528005335336299e-01	9.2428610670128442e-01
71	2.3018975893866336e-01	1.0673867244661432e+00	9.2428610670128442e-01
72	2.6560356800614998e-01	1.2316000666917040e+00	9.2428610670128442e-01
73	3.1872428160738009e-01	1.4779200800300449e+00	9.2428610670128419e-01
74	3.7184499520860997e-01	1.7242400933683852e+00	9.2428610670128442e-01
75	4.2496570880984008e-01	1.9705601067067260e+00	9.2428610670128442e-01
76	4.7808642241106997e-01	2.2168801200450670e+00	9.2428610670128442e-01
77	5.3120713601229996e-01	2.4632001333834079e+00	9.2428610670128442e-01
78	5.6662094507978666e-01	2.6274134756089684e+00	9.2428610670128442e-01
79	5.8432784961353001e-01	2.7095201467217480e+00	9.2428610670128442e-01
80	6.9275926699411738e-02	1.0000000000000000e+00	9.7210540773205212e-01
81	7.5048920591029397e-02	1.0833333333333335e+00	9.7210540773205212e-01
82	8.6594908374264673e-02	1.2500000000000004e+00	9.7210540773205212e-01
83	1.0391389004911762e-01	1.5000000000000002e+00	9.7210540773205201e-01
84	1.2123287172397056e-01	1.7500000000000002e+00	9.7210540773205212e-01
85	1.3855185339882348e-01	2.0000000000000000e+00	9.7210540773205212e-01
86	1.5587083507367641e-01	2.2500000000000000e+00	9.7210540773205212e-01
87	1.7318981674852935e-01	2.5000000000000004e+00	9.7210540773205212e-01
88	1.8473580453176466e-01	2.6666666666666674e+00	9.7210540773205212e-01
89	1.9050879842338228e-01	2.7500000000000000e+00	9.7210540773205212e-01
90	0.0000000000000000e+00	1.0000000000000000e+00	1.0000000000000000e+00
91	0.0000000000000000e+00	1.0833333333333335e+00	1.0000000000000000e+00
92	0.0000000000000000e+00	1.2500000000000002e+00	1.0000000000000000e+00
93	0.0000000000000000e+00	1.5000000000000002e+00	9.9999999999999989e-01
94	0.0000000000000000e+00	1.7500000000000002e+00	1.0000000000000000e+00
95	0.0000000000000000e+00	2.0000000000000000e+00	1.0000000000000000e+00
96	0.0000000000000000e+00	2.2500000000000000e+00	1.0000000000000000e+00
97	0.0000000000000000e+00	2.5000000000000000e+00	1.0000000000000000e+00
98	0.0000000000000000e+00	2.6666666666666670e+00	1.0000000000000000e+00
99	0.0000000000000000e+00	2.7500000000000000e+00	1.0000000000000000e+00

0   1   0.0
1   1   0.0
2   1   0.0
3   1   0.0
4   1   0.0
5   1   0.0
6   1   0.0
7   1   0.0
8   1   0.0
9   1   0.0
19  1   0.0
29  1   0.0
39  1   0.0
49  1   0.0
59  1   0.0
69  1   0.0
79  1   0.0
89  1   0.0
99  1   0.0
9   0   0.0
19  0   0.0
29  0   0.0
39  0   0.0
49  0   0.0
59  0   0.0
69  0   0.0
79  0   0.0
89  0   0.0
90  0   0.0
91  0   0.0
92  0   0.0
93  0   0.0
94  0   0.0
95  0   0.0
96  0   0.0
97  0   0.0
98  0   0.0
99  0   0.0