206000  0.3

1

25

3	3

9	9

5	5

0   1   2   3   4   5   6   7   8   9   10   11   12   13   14   15   16   17   18   19   20   21   22   23   24

18  0   0

0.0000000000000000e+00	0.0000000000000000e+00	0.0000000000000000e+00	0.0000000000000000e+00	5.0000000000000000e-01	1.0000000000000000e+00	1.0000000000000000e+00	1.0000000000000000e+00	1.0000000000000000e+00
0.0000000000000000e+00	0.0000000000000000e+00	0.0000000000000000e+00	0.0000000000000000e+00	5.0000000000000000e-01	1.0000000000000000e+00	1.0000000000000000e+00	1.0000000000000000e+00	1.0000000000000000e+00

0	1.0000000000000000e+00	0.0000000000000000e+00	1.0000000000000000e+00
1	1.2916666666666667e+00	0.0000000000000000e+00	1.0000000000000000e+00
2	1.8750000000000002e+00	0.0000000000000000e+00	1.0000000000000000e+00
3	2.4583333333333335e+00	0.0000000000000000e+00	1.0000000000000000e+00
4	2.7500000000000000e+00	0.0000000000000000e+00	1.0000000000000000e+00
5	1.0000000000000000e+00	2.6120387496374148e-01	9.0236892706218252e-01
6	1.2916666666666670e+00	3.3738833849483280e-01	9.0236892706218252e-01
7	1.8750000000000002e+00	4.8975726555701538e-01	9.0236892706218252e-01
8	2.4583333333333335e+00	6.4212619261919779e-01	9.0236892706218252e-01
9	2.7500000000000000e+00	7.1831065615028911e-01	9.0236892706218252e-01
10	7.9289321881345254e-01	7.9289321881345254e-01	8.0473785412436505e-01
11	1.0241537409673762e+00	1.0241537409673762e+00	8.0473785412436505e-01
12	1.4866747852752233e+00	1.4866747852752236e+00	8.0473785412436505e-01
13	1.9491958295830709e+00	1.9491958295830709e+00	8.0473785412436505e-01
14	2.1804563517369941e+00	2.1804563517369941e+00	8.0473785412436505e-01
15	2.6120387496374148e-01	1.0000000000000000e+00	9.0236892706218252e-01
16	3.3738833849483274e-01	1.2916666666666670e+00	9.0236892706218252e-01
17	4.8975726555701515e-01	1.8750000000000002e+00	9.0236892706218252e-01
18	6.4212619261919779e-01	2.4583333333333335e+00	9.0236892706218252e-01
19	7.1831065615028888e-01	2.7500000000000000e+00	9.0236892706218252e-01
20	0.0000000000000000e+00	1.0000000000000000e+00	1.0000000000000000e+00
21	0.0000000000000000e+00	1.2916666666666667e+00	1.0000000000000000e+00
22	0.0000000000000000e+00	1.8750000000000002e+00	1.0000000000000000e+00
23	0.0000000000000000e+00	2.4583333333333335e+00	1.0000000000000000e+00
24	0.0000000000000000e+00	2.7500000000000000e+00	1.0000000000000000e+00

0   1   0.0
1   1   0.0
2   1   0.0
3   1   0.0
4   1   0.0
9   1   0.0
14  1   0.0
19  1   0.0
24  1   0.0
4   0   0.0
9   0   0.0
14  0   0.0
19  0   0.0
20  0   0.0
21  0   0.0
22  0   0.0
23  0   0.0
24  0   0.0