206000  0.3

1

400

3	3

24	24

20	20

0   1   2   3   4   5   6   7   8   9   10   11   12   13   14   15   16   17   18   19   20   21   22   23   24   25   26   27   28   29   30   31   32   33   34   35   36   37   38   39   40   41   42   43   44   45   46   47   48   49   50   51   52   53   54   55   56   57   58   59   60   61   62   63   64   65   66   67   68   69   70   71   72   73   74   75   76   77   78   79   80   81   82   83   84   85   86   87   88   89   90   91   92   93   94   95   96   97   98   99   100   101   102   103   104   105   106   107   108   109   110   111   112   113   114   115   116   117   118   119   120   121   122   123   124   125   126   127   128   129   130   131   132   133   134   135   136   137   138   139   140   141   142   143   144   145   146   147   148   149   150   151   152   153   154   155   156   157   158   159   160   161   162   163   164   165   166   167   168   169   170   171   172   173   174   175   176   177   178   179   180   181   182   183   184   185   186   187   188   189   190   191   192   193   194   195   196   197   198   199   200   201   202   203   204   205   206   207   208   209   210   211   212   213   214   215   216   217   218   219   220   221   222   223   224   225   226   227   228   229   230   231   232   233   234   235   236   237   238   239   240   241   242   243   244   245   246   247   248   249   250   251   252   253   254   255   256   257   258   259   260   261   262   263   264   265   266   267   268   269   270   271   272   273   274   275   276   277   278   279   280   281   282   283   284   285   286   287   288   289   290   291   292   293   294   295   296   297   298   299   300   301   302   303   304   305   306   307   308   309   310   311   312   313   314   315   316   317   318   319   320   321   322   323   324   325   326   327   328   329   330   331   332   333   334   335   336   337   338   339   340   341   342   343   344   345   346   347   348   349   350   351   352   353   354   355   356   357   358   359   360   361   362   363   364   365   366   367   368   369   370   371   372   373   374   375   376   377   378   379   380   381   382   383   384   385   386   387   388   389   390   391   392   393   394   395   396   397   398   399

78  0   0

0.0000000000000000e+00	0.0000000000000000e+00	0.0000000000000000e+00	0.0000000000000000e+00	5.8823529411764705e-02	1.1764705882352941e-01	1.7647058823529413e-01	2.3529411764705882e-01	2.9411764705882354e-01	3.5294117647058826e-01	4.1176470588235292e-01	4.7058823529411764e-01	5.2941176470588236e-01	5.8823529411764708e-01	6.4705882352941180e-01	7.0588235294117652e-01	7.6470588235294112e-01	8.2352941176470584e-01	8.8235294117647056e-01	9.4117647058823528e-01	1.0000000000000000e+00	1.0000000000000000e+00	1.0000000000000000e+00	1.0000000000000000e+00
0.0000000000000000e+00	0.0000000000000000e+00	0.0000000000000000e+00	0.0000000000000000e+00	5.8823529411764705e-02	1.1764705882352941e-01	1.7647058823529413e-01	2.3529411764705882e-01	2.9411764705882354e-01	3.5294117647058826e-01	4.1176470588235292e-01	4.7058823529411764e-01	5.2941176470588236e-01	5.8823529411764708e-01	6.4705882352941180e-01	7.0588235294117652e-01	7.6470588235294112e-01	8.2352941176470584e-01	8.8235294117647056e-01	9.4117647058823528e-01	1.0000000000000000e+00	1.0000000000000000e+00	1.0000000000000000e+00	1.0000000000000000e+00

0	1.0000000000000000e+00	0.0000000000000000e+00	1.0000000000000000e+00
1	1.0343137254901960e+00	0.0000000000000000e+00	1.0000000000000000e+00
2	1.1029411764705883e+00	0.0000000000000000e+00	9.9999999999999989e-01
3	1.2058823529411766e+00	0.0000000000000000e+00	9.9999999999999978e-01
4	1.3088235294117647e+00	0.0000000000000000e+00	9.9999999999999989e-01
5	1.4117647058823530e+00	0.0000000000000000e+00	9.9999999999999978e-01
6	1.5147058823529413e+00	0.0000000000000000e+00	9.9999999999999989e-01
7	1.6176470588235294e+00	0.0000000000000000e+00	1.0000000000000000e+00
8	1.7205882352941178e+00	0.0000000000000000e+00	1.0000000000000000e+00
9	1.8235294117647061e+00	0.0000000000000000e+00	1.0000000000000000e+00
10	1.9264705882352944e+00	0.0000000000000000e+00	1.0000000000000000e+00
11	2.0294117647058827e+00	0.0000000000000000e+00	1.0000000000000000e+00
12	2.1323529411764706e+00	0.0000000000000000e+00	1.0000000000000000e+00
13	2.2352941176470589e+00	0.0000000000000000e+00	1.0000000000000000e+00
14	2.3382352941176467e+00	0.0000000000000000e+00	1.0000000000000000e+00
15	2.4411764705882355e+00	0.0000000000000000e+00	1.0000000000000000e+00
16	2.5441176470588234e+00	0.0000000000000000e+00	1.0000000000000000e+00
17	2.6470588235294117e+00	0.0000000000000000e+00	1.0000000000000000e+00
18	2.7156862745098040e+00	0.0000000000000000e+00	1.0000000000000000e+00
19	2.7500000000000000e+00	0.0000000000000000e+00	1.0000000000000000e+00
20	1.0000000000000000e+00	2.8051881849221205e-02	9.8851399141908025e-01
21	1.0343137254901960e+00	2.9014446422478798e-02	9.8851399141908025e-01
22	1.1029411764705883e+00	3.0939575568993977e-02	9.8851399141908014e-01
23	1.2058823529411766e+00	3.3827269288766754e-02	9.8851399141908003e-01
24	1.3088235294117647e+00	3.6714963008539520e-02	9.8851399141908014e-01
25	1.4117647058823530e+00	3.9602656728312299e-02	9.8851399141908003e-01
26	1.5147058823529413e+00	4.2490350448085058e-02	9.8851399141908014e-01
27	1.6176470588235294e+00	4.5378044167857831e-02	9.8851399141908025e-01
28	1.7205882352941180e+00	4.8265737887630604e-02	9.8851399141908025e-01
29	1.8235294117647061e+00	5.1153431607403384e-02	9.8851399141908025e-01
30	1.9264705882352944e+00	5.4041125327176143e-02	9.8851399141908025e-01
31	2.0294117647058831e+00	5.6928819046948916e-02	9.8851399141908025e-01
32	2.1323529411764710e+00	5.9816512766721688e-02	9.8851399141908025e-01
33	2.2352941176470584e+00	6.2704206486494468e-02	9.8851399141908025e-01
34	2.3382352941176463e+00	6.5591900206267220e-02	9.8851399141908025e-01
35	2.4411764705882355e+00	6.8479593926040000e-02	9.8851399141908025e-01
36	2.5441176470588234e+00	7.1367287645812766e-02	9.8851399141908025e-01
37	2.6470588235294117e+00	7.4254981365585532e-02	9.8851399141908025e-01
38	2.7156862745098040e+00	7.6180110512100718e-02	9.8851399141908025e-01
39	2.7500000000000000e+00	7.7142675085358312e-02	9.8851399141908025e-01
40	9.9761420919142418e-01	8.5049224911165011e-02	9.6689326938440789e-01
41	1.0318460693107376e+00	8.7967580667920681e-02	9.6689326938440789e-01
42	1.1003097895493648e+00	9.3804292181432006e-02	9.6689326938440778e-01
43	1.2030053699073058e+00	1.0255935945169900e-01	9.6689326938440767e-01
44	1.3057009502652461e+00	1.1131442672196598e-01	9.6689326938440778e-01
45	1.4083965306231876e+00	1.2006949399223300e-01	9.6689326938440756e-01
46	1.5110921109811279e+00	1.2882456126249994e-01	9.6689326938440778e-01
47	1.6137876913390685e+00	1.3757962853276695e-01	9.6689326938440789e-01
48	1.7164832716970091e+00	1.4633469580303390e-01	9.6689326938440789e-01
49	1.8191788520549499e+00	1.5508976307330091e-01	9.6689326938440789e-01
50	1.9218744324128909e+00	1.6384483034356789e-01	9.6689326938440789e-01
51	2.0245700127708317e+00	1.7259989761383487e-01	9.6689326938440789e-01
52	2.1272655931287723e+00	1.8135496488410188e-01	9.6689326938440789e-01
53	2.2299611734867129e+00	1.9011003215436886e-01	9.6689326938440789e-01
54	2.3326567538446534e+00	1.9886509942463582e-01	9.6689326938440789e-01
55	2.4353523342025944e+00	2.0762016669490282e-01	9.6689326938440789e-01
56	2.5380479145605350e+00	2.1637523396516981e-01	9.6689326938440789e-01
57	2.6407434949184756e+00	2.2513030123543676e-01	9.6689326938440789e-01
58	2.7092072151571029e+00	2.3096701274894813e-01	9.6689326938440789e-01
59	2.7434390752764166e+00	2.3388536850570379e-01	9.6689326938440789e-01
60	9.8648139515696109e-01	1.7167821234470554e-01	9.3851607171390017e-01
61	1.0203312469515626e+00	1.7756913139574934e-01	9.3851607171390017e-01
62	1.0880309505407659e+00	1.8935096949783697e-01	9.3851607171390017e-01
63	1.1895805059245710e+00	2.0702372665096841e-01	9.3851607171390017e-01
64	1.2911300613083756e+00	2.2469648380409987e-01	9.3851607171390006e-01
65	1.3926796166921804e+00	2.4236924095723136e-01	9.3851607171390006e-01
66	1.4942291720759853e+00	2.6004199811036277e-01	9.3851607171390006e-01
67	1.5957787274597901e+00	2.7771475526349421e-01	9.3851607171390017e-01
68	1.6973282828435949e+00	2.9538751241662575e-01	9.3851607171390017e-01
69	1.7988778382274000e+00	3.1306026956975713e-01	9.3851607171390017e-01
70	1.9004273936112048e+00	3.3073302672288851e-01	9.3851607171390028e-01
71	2.0019769489950097e+00	3.4840578387601995e-01	9.3851607171390028e-01
72	2.1035265043788143e+00	3.6607854102915149e-01	9.3851607171390017e-01
73	2.2050760597626193e+00	3.8375129818228293e-01	9.3851607171390017e-01
74	2.3066256151464239e+00	4.0142405533541431e-01	9.3851607171390017e-01
75	2.4081751705302286e+00	4.1909681248854586e-01	9.3851607171390017e-01
76	2.5097247259140336e+00	4.3676956964167729e-01	9.3851607171390017e-01
77	2.6112742812978382e+00	4.5444232679480867e-01	9.3851607171390017e-01
78	2.6789739848870417e+00	4.6622416489689633e-01	9.3851607171390017e-01
79	2.7128238366816437e+00	4.7211508394794016e-01	9.3851607171390017e-01
80	9.6719678025727251e-01	2.5940423119303857e-01	9.1419275942489386e-01
81	1.0003849050700220e+00	2.6830535677319184e-01	9.1419275942489386e-01
82	1.0667611546955211e+00	2.8610760793349843e-01	9.1419275942489386e-01
83	1.1663255291337697e+00	3.1281098467395829e-01	9.1419275942489386e-01
84	1.2658899035720184e+00	3.3951436141441810e-01	9.1419275942489375e-01
85	1.3654542780102674e+00	3.6621773815487807e-01	9.1419275942489375e-01
86	1.4650186524485158e+00	3.9292111489533782e-01	9.1419275942489375e-01
87	1.5645830268867644e+00	4.1962449163579774e-01	9.1419275942489386e-01
88	1.6641474013250135e+00	4.4632786837625754e-01	9.1419275942489386e-01
89	1.7637117757632621e+00	4.7303124511671740e-01	9.1419275942489386e-01
90	1.8632761502015105e+00	4.9973462185717721e-01	9.1419275942489386e-01
91	1.9628405246397593e+00	5.2643799859763707e-01	9.1419275942489386e-01
92	2.0624048990780079e+00	5.5314137533809693e-01	9.1419275942489386e-01
93	2.1619692735162563e+00	5.7984475207855701e-01	9.1419275942489386e-01
94	2.2615336479545052e+00	6.0654812881901654e-01	9.1419275942489386e-01
95	2.3610980223927540e+00	6.3325150555947640e-01	9.1419275942489386e-01
96	2.4606623968310024e+00	6.5995488229993637e-01	9.1419275942489386e-01
97	2.5602267712692512e+00	6.8665825904039623e-01	9.1419275942489386e-01
98	2.6266030208947497e+00	7.0446051020070288e-01	9.1419275942489386e-01
99	2.6597911457074992e+00	7.1336163578085598e-01	9.1419275942489386e-01
100	9.3935730583386701e-01	3.4712333514758997e-01	8.9392333251738854e-01
101	9.7159015456346043e-01	3.5903442998108565e-01	8.9392333251738854e-01
102	1.0360558520226473e+00	3.8285661964807705e-01	8.9392333251738842e-01
103	1.1327543982114279e+00	4.1858990414856440e-01	8.9392333251738831e-01
104	1.2294529444002085e+00	4.5432318864905152e-01	8.9392333251738831e-01
105	1.3261514905889886e+00	4.9005647314953882e-01	8.9392333251738831e-01
106	1.4228500367777694e+00	5.2578975765002600e-01	8.9392333251738831e-01
107	1.5195485829665494e+00	5.6152304215051307e-01	8.9392333251738854e-01
108	1.6162471291553300e+00	5.9725632665100026e-01	8.9392333251738854e-01
109	1.7129456753441108e+00	6.3298961115148744e-01	8.9392333251738854e-01
110	1.8096442215328910e+00	6.6872289565197451e-01	8.9392333251738854e-01
111	1.9063427677216715e+00	7.0445618015246170e-01	8.9392333251738854e-01
112	2.0030413139104515e+00	7.4018946465294921e-01	8.9392333251738854e-01
113	2.0997398600992323e+00	7.7592274915343640e-01	8.9392333251738854e-01
114	2.1964384062880122e+00	8.1165603365392336e-01	8.9392333251738854e-01
115	2.2931369524767926e+00	8.4738931815441065e-01	8.9392333251738854e-01
116	2.3898354986655734e+00	8.8312260265489784e-01	8.9392333251738854e-01
117	2.4865340448543538e+00	9.1885588715538491e-01	8.9392333251738854e-01
118	2.5509997423135409e+00	9.4267807682237648e-01	8.9392333251738854e-01
119	2.5832325910431342e+00	9.5458917165587220e-01	8.9392333251738854e-01
120	9.0275603264552662e-01	4.3361959554354029e-01	8.7770779099138430e-01
121	9.3373295533434342e-01	4.4849869931219127e-01	8.7770779099138430e-01
122	9.9568680071197779e-01	4.7825690684949301e-01	8.7770779099138418e-01
123	1.0886175687784292e+00	5.2289421815544579e-01	8.7770779099138418e-01
124	1.1815483368448805e+00	5.6753152946139851e-01	8.7770779099138407e-01
125	1.2744791049113318e+00	6.1216884076735123e-01	8.7770779099138407e-01
126	1.3674098729777833e+00	6.5680615207330384e-01	8.7770779099138407e-01
127	1.4603406410442341e+00	7.0144346337925634e-01	8.7770779099138430e-01
128	1.5532714091106856e+00	7.4608077468520906e-01	8.7770779099138430e-01
129	1.6462021771771367e+00	7.9071808599116178e-01	8.7770779099138430e-01
130	1.7391329452435882e+00	8.3535539729711439e-01	8.7770779099138430e-01
131	1.8320637133100395e+00	8.7999270860306711e-01	8.7770779099138430e-01
132	1.9249944813764903e+00	9.2463001990901994e-01	8.7770779099138430e-01
133	2.0179252494429418e+00	9.6926733121497266e-01	8.7770779099138430e-01
134	2.1108560175093927e+00	1.0139046425209250e+00	8.7770779099138430e-01
135	2.2037867855758444e+00	1.0585419538268779e+00	8.7770779099138430e-01
136	2.2967175536422952e+00	1.1031792651328305e+00	8.7770779099138430e-01
137	2.3896483217087465e+00	1.1478165764387831e+00	8.7770779099138430e-01
138	2.4516021670863810e+00	1.1775747839760851e+00	8.7770779099138430e-01
139	2.4825790897751978e+00	1.1924538877447359e+00	8.7770779099138430e-01
140	8.5741479680596122e-01	5.1760893872671043e-01	8.6554613484688103e-01
141	8.8683589277479324e-01	5.3537002976145043e-01	8.6554613484688103e-01
142	9.4567808471245740e-01	5.7089221183093053e-01	8.6554613484688103e-01
143	1.0339413726189532e+00	6.2417548493515074e-01	8.6554613484688103e-01
144	1.1222046605254494e+00	6.7745875803937106e-01	8.6554613484688092e-01
145	1.2104679484319456e+00	7.3074203114359126e-01	8.6554613484688092e-01
146	1.2987312363384418e+00	7.8402530424781147e-01	8.6554613484688092e-01
147	1.3869945242449373e+00	8.3730857735203146e-01	8.6554613484688103e-01
148	1.4752578121514335e+00	8.9059185045625178e-01	8.6554613484688103e-01
149	1.5635211000579299e+00	9.4387512356047198e-01	8.6554613484688103e-01
150	1.6517843879644252e+00	9.9715839666469197e-01	8.6554613484688114e-01
151	1.7400476758709216e+00	1.0504416697689121e+00	8.6554613484688114e-01
152	1.8283109637774178e+00	1.1037249428731326e+00	8.6554613484688103e-01
153	1.9165742516839137e+00	1.1570082159773529e+00	8.6554613484688103e-01
154	2.0048375395904094e+00	1.2102914890815726e+00	8.6554613484688103e-01
155	2.0931008274969058e+00	1.2635747621857929e+00	8.6554613484688103e-01
156	2.1813641154034014e+00	1.3168580352900132e+00	8.6554613484688103e-01
157	2.2696274033098978e+00	1.3701413083942333e+00	8.6554613484688103e-01
158	2.3284695952475616e+00	1.4056634904637135e+00	8.6554613484688103e-01
159	2.3578906912163937e+00	1.4234245814984536e+00	8.6554613484688103e-01
160	8.0360480994710703e-01	5.9779341215195214e-01	8.5743836408387897e-01
161	8.3117948479823311e-01	6.1830593119638189e-01	8.5743836408387897e-01
162	8.8632883450048561e-01	6.5933096928524126e-01	8.5743836408387897e-01
163	9.6905285905386429e-01	7.2086852641853050e-01	8.5743836408387886e-01
164	1.0517768836072430e+00	7.8240608355181962e-01	8.5743836408387886e-01
165	1.1345009081606217e+00	8.4394364068510908e-01	8.5743836408387886e-01
166	1.2172249327140001e+00	9.0548119781839809e-01	8.5743836408387886e-01
167	1.2999489572673792e+00	9.6701875495168721e-01	8.5743836408387897e-01
168	1.3826729818207577e+00	1.0285563120849766e+00	8.5743836408387897e-01
169	1.4653970063741366e+00	1.0900938692182658e+00	8.5743836408387897e-01
170	1.5481210309275151e+00	1.1516314263515548e+00	8.5743836408387897e-01
171	1.6308450554808935e+00	1.2131689834848440e+00	8.5743836408387897e-01
172	1.7135690800342722e+00	1.2747065406181333e+00	8.5743836408387897e-01
173	1.7962931045876511e+00	1.3362440977514223e+00	8.5743836408387897e-01
174	1.8790171291410296e+00	1.3977816548847113e+00	8.5743836408387897e-01
175	1.9617411536944083e+00	1.4593192120180007e+00	8.5743836408387897e-01
176	2.0444651782477865e+00	1.5208567691512898e+00	8.5743836408387897e-01
177	2.1271892028011656e+00	1.5823943262845790e+00	8.5743836408387897e-01
178	2.1823385525034178e+00	1.6234193643734385e+00	8.5743836408387897e-01
179	2.2099132273545443e+00	1.6439318834178682e+00	8.5743836408387897e-01
180	7.4185154504482520e-01	6.7292185288401929e-01	8.5338447870237788e-01
181	7.6730723531597100e-01	6.9601230862023555e-01	8.5338447870237788e-01
182	8.1821861585826294e-01	7.4219322009266819e-01	8.5338447870237788e-01
183	8.9458568667170080e-01	8.1146458730131721e-01	8.5338447870237788e-01
184	9.7095275748513865e-01	8.8073595450996633e-01	8.5338447870237777e-01
185	1.0473198282985765e+00	9.5000732171861546e-01	8.5338447870237777e-01
186	1.1236868991120146e+00	1.0192786889272645e+00	8.5338447870237777e-01
187	1.2000539699254522e+00	1.0885500561359136e+00	8.5338447870237788e-01
188	1.2764210407388901e+00	1.1578214233445625e+00	8.5338447870237788e-01
189	1.3527881115523281e+00	1.2270927905532116e+00	8.5338447870237788e-01
190	1.4291551823657660e+00	1.2963641577618603e+00	8.5338447870237799e-01
191	1.5055222531792036e+00	1.3656355249705097e+00	8.5338447870237799e-01
192	1.5818893239926417e+00	1.4349068921791586e+00	8.5338447870237788e-01
193	1.6582563948060798e+00	1.5041782593878079e+00	8.5338447870237788e-01
194	1.7346234656195174e+00	1.5734496265964566e+00	8.5338447870237788e-01
195	1.8109905364329555e+00	1.6427209938051059e+00	8.5338447870237788e-01
196	1.8873576072463933e+00	1.7119923610137548e+00	8.5338447870237788e-01
197	1.9637246780598310e+00	1.7812637282224038e+00	8.5338447870237788e-01
198	2.0146360586021230e+00	1.8274446396948365e+00	8.5338447870237788e-01
199	2.0400917488732691e+00	1.8505350954310529e+00	8.5338447870237788e-01
200	6.7292185288401918e-01	7.4185154504482520e-01	8.5338447870237788e-01
201	6.9601230862023555e-01	7.6730723531597100e-01	8.5338447870237788e-01
202	7.4219322009266830e-01	8.1821861585826294e-01	8.5338447870237777e-01
203	8.1146458730131721e-01	8.9458568667170091e-01	8.5338447870237777e-01
204	8.8073595450996622e-01	9.7095275748513876e-01	8.5338447870237777e-01
205	9.5000732171861535e-01	1.0473198282985767e+00	8.5338447870237777e-01
206	1.0192786889272643e+00	1.1236868991120144e+00	8.5338447870237777e-01
207	1.0885500561359132e+00	1.2000539699254522e+00	8.5338447870237788e-01
208	1.1578214233445625e+00	1.2764210407388903e+00	8.5338447870237788e-01
209	1.2270927905532116e+00	1.3527881115523281e+00	8.5338447870237788e-01
210	1.2963641577618601e+00	1.4291551823657658e+00	8.5338447870237810e-01
211	1.3656355249705092e+00	1.5055222531792034e+00	8.5338447870237810e-01
212	1.4349068921791586e+00	1.5818893239926417e+00	8.5338447870237788e-01
213	1.5041782593878075e+00	1.6582563948060798e+00	8.5338447870237788e-01
214	1.5734496265964564e+00	1.7346234656195172e+00	8.5338447870237788e-01
215	1.6427209938051055e+00	1.8109905364329555e+00	8.5338447870237788e-01
216	1.7119923610137544e+00	1.8873576072463929e+00	8.5338447870237788e-01
217	1.7812637282224038e+00	1.9637246780598310e+00	8.5338447870237788e-01
218	1.8274446396948365e+00	2.0146360586021230e+00	8.5338447870237788e-01
219	1.8505350954310527e+00	2.0400917488732691e+00	8.5338447870237788e-01
220	5.9779341215195214e-01	8.0360480994710703e-01	8.5743836408387897e-01
221	6.1830593119638189e-01	8.3117948479823311e-01	8.5743836408387897e-01
222	6.5933096928524126e-01	8.8632883450048561e-01	8.5743836408387897e-01
223	7.2086852641853050e-01	9.6905285905386429e-01	8.5743836408387897e-01
224	7.8240608355181962e-01	1.0517768836072430e+00	8.5743836408387897e-01
225	8.4394364068510874e-01	1.1345009081606217e+00	8.5743836408387897e-01
226	9.0548119781839786e-01	1.2172249327140003e+00	8.5743836408387897e-01
227	9.6701875495168721e-01	1.2999489572673790e+00	8.5743836408387897e-01
228	1.0285563120849766e+00	1.3826729818207579e+00	8.5743836408387897e-01
229	1.0900938692182658e+00	1.4653970063741366e+00	8.5743836408387897e-01
230	1.1516314263515548e+00	1.5481210309275151e+00	8.5743836408387908e-01
231	1.2131689834848438e+00	1.6308450554808938e+00	8.5743836408387908e-01
232	1.2747065406181328e+00	1.7135690800342724e+00	8.5743836408387897e-01
233	1.3362440977514223e+00	1.7962931045876513e+00	8.5743836408387897e-01
234	1.3977816548847115e+00	1.8790171291410296e+00	8.5743836408387897e-01
235	1.4593192120180007e+00	1.9617411536944087e+00	8.5743836408387897e-01
236	1.5208567691512898e+00	2.0444651782477870e+00	8.5743836408387897e-01
237	1.5823943262845790e+00	2.1271892028011656e+00	8.5743836408387897e-01
238	1.6234193643734385e+00	2.1823385525034182e+00	8.5743836408387897e-01
239	1.6439318834178682e+00	2.2099132273545443e+00	8.5743836408387897e-01
240	5.1760893872671021e-01	8.5741479680596144e-01	8.6554613484688114e-01
241	5.3537002976145032e-01	8.8683589277479336e-01	8.6554613484688114e-01
242	5.7089221183093042e-01	9.4567808471245729e-01	8.6554613484688114e-01
243	6.2417548493515052e-01	1.0339413726189532e+00	8.6554613484688114e-01
244	6.7745875803937072e-01	1.1222046605254496e+00	8.6554613484688092e-01
245	7.3074203114359093e-01	1.2104679484319456e+00	8.6554613484688092e-01
246	7.8402530424781114e-01	1.2987312363384418e+00	8.6554613484688092e-01
247	8.3730857735203135e-01	1.3869945242449375e+00	8.6554613484688114e-01
248	8.9059185045625133e-01	1.4752578121514335e+00	8.6554613484688114e-01
249	9.4387512356047165e-01	1.5635211000579297e+00	8.6554613484688114e-01
250	9.9715839666469197e-01	1.6517843879644258e+00	8.6554613484688114e-01
251	1.0504416697689121e+00	1.7400476758709218e+00	8.6554613484688114e-01
252	1.1037249428731319e+00	1.8283109637774175e+00	8.6554613484688114e-01
253	1.1570082159773525e+00	1.9165742516839139e+00	8.6554613484688114e-01
254	1.2102914890815724e+00	2.0048375395904094e+00	8.6554613484688114e-01
255	1.2635747621857925e+00	2.0931008274969058e+00	8.6554613484688114e-01
256	1.3168580352900128e+00	2.1813641154034018e+00	8.6554613484688114e-01
257	1.3701413083942329e+00	2.2696274033098973e+00	8.6554613484688114e-01
258	1.4056634904637131e+00	2.3284695952475611e+00	8.6554613484688114e-01
259	1.4234245814984532e+00	2.3578906912163937e+00	8.6554613484688114e-01
260	4.3361959554354029e-01	9.0275603264552673e-01	8.7770779099138430e-01
261	4.4849869931219127e-01	9.3373295533434375e-01	8.7770779099138430e-01
262	4.7825690684949307e-01	9.9568680071197802e-01	8.7770779099138418e-01
263	5.2289421815544568e-01	1.0886175687784292e+00	8.7770779099138418e-01
264	5.6753152946139829e-01	1.1815483368448805e+00	8.7770779099138418e-01
265	6.1216884076735112e-01	1.2744791049113320e+00	8.7770779099138418e-01
266	6.5680615207330362e-01	1.3674098729777833e+00	8.7770779099138418e-01
267	7.0144346337925634e-01	1.4603406410442343e+00	8.7770779099138430e-01
268	7.4608077468520895e-01	1.5532714091106858e+00	8.7770779099138430e-01
269	7.9071808599116167e-01	1.6462021771771373e+00	8.7770779099138430e-01
270	8.3535539729711439e-01	1.7391329452435882e+00	8.7770779099138441e-01
271	8.7999270860306700e-01	1.8320637133100395e+00	8.7770779099138441e-01
272	9.2463001990901983e-01	1.9249944813764908e+00	8.7770779099138430e-01
273	9.6926733121497255e-01	2.0179252494429423e+00	8.7770779099138430e-01
274	1.0139046425209250e+00	2.1108560175093931e+00	8.7770779099138430e-01
275	1.0585419538268779e+00	2.2037867855758444e+00	8.7770779099138430e-01
276	1.1031792651328303e+00	2.2967175536422957e+00	8.7770779099138430e-01
277	1.1478165764387831e+00	2.3896483217087470e+00	8.7770779099138430e-01
278	1.1775747839760851e+00	2.4516021670863815e+00	8.7770779099138430e-01
279	1.1924538877447359e+00	2.4825790897751983e+00	8.7770779099138430e-01
280	3.4712333514758986e-01	9.3935730583386701e-01	8.9392333251738854e-01
281	3.5903442998108570e-01	9.7159015456346043e-01	8.9392333251738854e-01
282	3.8285661964807710e-01	1.0360558520226473e+00	8.9392333251738854e-01
283	4.1858990414856428e-01	1.1327543982114279e+00	8.9392333251738854e-01
284	4.5432318864905141e-01	1.2294529444002085e+00	8.9392333251738842e-01
285	4.9005647314953882e-01	1.3261514905889888e+00	8.9392333251738831e-01
286	5.2578975765002578e-01	1.4228500367777692e+00	8.9392333251738842e-01
287	5.6152304215051307e-01	1.5195485829665496e+00	8.9392333251738854e-01
288	5.9725632665100015e-01	1.6162471291553302e+00	8.9392333251738854e-01
289	6.3298961115148744e-01	1.7129456753441108e+00	8.9392333251738854e-01
290	6.6872289565197462e-01	1.8096442215328910e+00	8.9392333251738865e-01
291	7.0445618015246181e-01	1.9063427677216713e+00	8.9392333251738865e-01
292	7.4018946465294910e-01	2.0030413139104519e+00	8.9392333251738854e-01
293	7.7592274915343629e-01	2.0997398600992323e+00	8.9392333251738854e-01
294	8.1165603365392347e-01	2.1964384062880122e+00	8.9392333251738854e-01
295	8.4738931815441065e-01	2.2931369524767931e+00	8.9392333251738854e-01
296	8.8312260265489773e-01	2.3898354986655739e+00	8.9392333251738854e-01
297	9.1885588715538502e-01	2.4865340448543538e+00	8.9392333251738854e-01
298	9.4267807682237648e-01	2.5509997423135409e+00	8.9392333251738854e-01
299	9.5458917165587209e-01	2.5832325910431342e+00	8.9392333251738854e-01
300	2.5940423119303857e-01	9.6719678025727251e-01	9.1419275942489397e-01
301	2.6830535677319189e-01	1.0003849050700220e+00	9.1419275942489397e-01
302	2.8610760793349854e-01	1.0667611546955211e+00	9.1419275942489386e-01
303	3.1281098467395835e-01	1.1663255291337700e+00	9.1419275942489386e-01
304	3.3951436141441821e-01	1.2658899035720186e+00	9.1419275942489375e-01
305	3.6621773815487807e-01	1.3654542780102674e+00	9.1419275942489375e-01
306	3.9292111489533793e-01	1.4650186524485160e+00	9.1419275942489375e-01
307	4.1962449163579779e-01	1.5645830268867644e+00	9.1419275942489397e-01
308	4.4632786837625754e-01	1.6641474013250133e+00	9.1419275942489397e-01
309	4.7303124511671746e-01	1.7637117757632619e+00	9.1419275942489397e-01
310	4.9973462185717737e-01	1.8632761502015105e+00	9.1419275942489397e-01
311	5.2643799859763718e-01	1.9628405246397593e+00	9.1419275942489397e-01
312	5.5314137533809704e-01	2.0624048990780079e+00	9.1419275942489397e-01
313	5.7984475207855679e-01	2.1619692735162559e+00	9.1419275942489397e-01
314	6.0654812881901665e-01	2.2615336479545047e+00	9.1419275942489397e-01
315	6.3325150555947662e-01	2.3610980223927536e+00	9.1419275942489397e-01
316	6.5995488229993637e-01	2.4606623968310020e+00	9.1419275942489397e-01
317	6.8665825904039623e-01	2.5602267712692508e+00	9.1419275942489397e-01
318	7.0446051020070288e-01	2.6266030208947502e+00	9.1419275942489397e-01
319	7.1336163578085621e-01	2.6597911457074996e+00	9.1419275942489397e-01
320	1.7167821234470554e-01	9.8648139515696109e-01	9.3851607171390028e-01
321	1.7756913139574940e-01	1.0203312469515626e+00	9.3851607171390028e-01
322	1.8935096949783700e-01	1.0880309505407657e+00	9.3851607171390028e-01
323	2.0702372665096841e-01	1.1895805059245708e+00	9.3851607171390028e-01
324	2.2469648380409982e-01	1.2911300613083756e+00	9.3851607171390017e-01
325	2.4236924095723134e-01	1.3926796166921807e+00	9.3851607171390017e-01
326	2.6004199811036277e-01	1.4942291720759850e+00	9.3851607171390017e-01
327	2.7771475526349421e-01	1.5957787274597899e+00	9.3851607171390028e-01
328	2.9538751241662564e-01	1.6973282828435949e+00	9.3851607171390028e-01
329	3.1306026956975713e-01	1.7988778382273998e+00	9.3851607171390028e-01
330	3.3073302672288862e-01	1.9004273936112048e+00	9.3851607171390039e-01
331	3.4840578387601995e-01	2.0019769489950097e+00	9.3851607171390039e-01
332	3.6607854102915149e-01	2.1035265043788143e+00	9.3851607171390028e-01
333	3.8375129818228293e-01	2.2050760597626189e+00	9.3851607171390028e-01
334	4.0142405533541442e-01	2.3066256151464235e+00	9.3851607171390028e-01
335	4.1909681248854580e-01	2.4081751705302290e+00	9.3851607171390028e-01
336	4.3676956964167724e-01	2.5097247259140332e+00	9.3851607171390028e-01
337	4.5444232679480867e-01	2.6112742812978382e+00	9.3851607171390028e-01
338	4.6622416489689633e-01	2.6789739848870413e+00	9.3851607171390028e-01
339	4.7211508394794016e-01	2.7128238366816428e+00	9.3851607171390028e-01
340	8.5049224911165025e-02	9.9761420919142418e-01	9.6689326938440789e-01
341	8.7967580667920695e-02	1.0318460693107376e+00	9.6689326938440789e-01
342	9.3804292181432034e-02	1.1003097895493648e+00	9.6689326938440778e-01
343	1.0255935945169900e-01	1.2030053699073060e+00	9.6689326938440767e-01
344	1.1131442672196597e-01	1.3057009502652464e+00	9.6689326938440778e-01
345	1.2006949399223296e-01	1.4083965306231874e+00	9.6689326938440767e-01
346	1.2882456126249994e-01	1.5110921109811279e+00	9.6689326938440778e-01
347	1.3757962853276695e-01	1.6137876913390683e+00	9.6689326938440789e-01
348	1.4633469580303390e-01	1.7164832716970095e+00	9.6689326938440789e-01
349	1.5508976307330091e-01	1.8191788520549503e+00	9.6689326938440789e-01
350	1.6384483034356792e-01	1.9218744324128911e+00	9.6689326938440789e-01
351	1.7259989761383487e-01	2.0245700127708317e+00	9.6689326938440789e-01
352	1.8135496488410188e-01	2.1272655931287723e+00	9.6689326938440789e-01
353	1.9011003215436884e-01	2.2299611734867129e+00	9.6689326938440789e-01
354	1.9886509942463584e-01	2.3326567538446534e+00	9.6689326938440789e-01
355	2.0762016669490282e-01	2.4353523342025944e+00	9.6689326938440789e-01
356	2.1637523396516978e-01	2.5380479145605350e+00	9.6689326938440789e-01
357	2.2513030123543679e-01	2.6407434949184756e+00	9.6689326938440789e-01
358	2.3096701274894813e-01	2.7092072151571029e+00	9.6689326938440789e-01
359	2.3388536850570379e-01	2.7434390752764166e+00	9.6689326938440789e-01
360	2.8051881849221208e-02	1.0000000000000000e+00	9.8851399141908025e-01
361	2.9014446422478805e-02	1.0343137254901960e+00	9.8851399141908025e-01
362	3.0939575568993984e-02	1.1029411764705883e+00	9.8851399141908014e-01
363	3.3827269288766754e-02	1.2058823529411766e+00	9.8851399141908003e-01
364	3.6714963008539513e-02	1.3088235294117647e+00	9.8851399141908014e-01
365	3.9602656728312292e-02	1.4117647058823533e+00	9.8851399141908003e-01
366	4.2490350448085058e-02	1.5147058823529413e+00	9.8851399141908014e-01
367	4.5378044167857831e-02	1.6176470588235297e+00	9.8851399141908025e-01
368	4.8265737887630597e-02	1.7205882352941180e+00	9.8851399141908025e-01
369	5.1153431607403370e-02	1.8235294117647063e+00	9.8851399141908025e-01
370	5.4041125327176150e-02	1.9264705882352944e+00	9.8851399141908025e-01
371	5.6928819046948922e-02	2.0294117647058831e+00	9.8851399141908025e-01
372	5.9816512766721688e-02	2.1323529411764710e+00	9.8851399141908025e-01
373	6.2704206486494454e-02	2.2352941176470584e+00	9.8851399141908025e-01
374	6.5591900206267234e-02	2.3382352941176463e+00	9.8851399141908025e-01
375	6.8479593926040000e-02	2.4411764705882355e+00	9.8851399141908025e-01
376	7.1367287645812752e-02	2.5441176470588234e+00	9.8851399141908025e-01
377	7.4254981365585532e-02	2.6470588235294117e+00	9.8851399141908025e-01
378	7.6180110512100732e-02	2.7156862745098040e+00	9.8851399141908025e-01
379	7.7142675085358312e-02	2.7500000000000000e+00	9.8851399141908025e-01
380	0.0000000000000000e+00	1.0000000000000000e+00	1.0000000000000000e+00
381	0.0000000000000000e+00	1.0343137254901960e+00	1.0000000000000000e+00
382	0.0000000000000000e+00	1.1029411764705883e+00	9.9999999999999989e-01
383	0.0000000000000000e+00	1.2058823529411766e+00	9.9999999999999978e-01
384	0.0000000000000000e+00	1.3088235294117647e+00	9.9999999999999989e-01
385	0.0000000000000000e+00	1.4117647058823530e+00	9.9999999999999978e-01
386	0.0000000000000000e+00	1.5147058823529413e+00	9.9999999999999989e-01
387	0.0000000000000000e+00	1.6176470588235294e+00	1.0000000000000000e+00
388	0.0000000000000000e+00	1.7205882352941178e+00	1.0000000000000000e+00
389	0.0000000000000000e+00	1.8235294117647061e+00	1.0000000000000000e+00
390	0.0000000000000000e+00	1.9264705882352944e+00	1.0000000000000000e+00
391	0.0000000000000000e+00	2.0294117647058827e+00	1.0000000000000000e+00
392	0.0000000000000000e+00	2.1323529411764706e+00	1.0000000000000000e+00
393	0.0000000000000000e+00	2.2352941176470589e+00	1.0000000000000000e+00
394	0.0000000000000000e+00	2.3382352941176467e+00	1.0000000000000000e+00
395	0.0000000000000000e+00	2.4411764705882355e+00	1.0000000000000000e+00
396	0.0000000000000000e+00	2.5441176470588234e+00	1.0000000000000000e+00
397	0.0000000000000000e+00	2.6470588235294117e+00	1.0000000000000000e+00
398	0.0000000000000000e+00	2.7156862745098040e+00	1.0000000000000000e+00
399	0.0000000000000000e+00	2.7500000000000000e+00	1.0000000000000000e+00

0   1   0.0
1   1   0.0
2   1   0.0
3   1   0.0
4   1   0.0
5   1   0.0
6   1   0.0
7   1   0.0
8   1   0.0
9   1   0.0
10  1   0.0
11  1   0.0
12  1   0.0
13  1   0.0
14  1   0.0
15  1   0.0
16  1   0.0
17  1   0.0
18  1   0.0
19  1   0.0
39  1   0.0
59  1   0.0
79  1   0.0
99  1   0.0
119 1   0.0
139 1   0.0
159 1   0.0
179 1   0.0
199 1   0.0
219 1   0.0
239 1   0.0
259 1   0.0
279 1   0.0
299 1   0.0
319 1   0.0
339 1   0.0
359 1   0.0
379 1   0.0
399 1   0.0
19  0   0.0
39  0   0.0
59  0   0.0
79  0   0.0
99  0   0.0
119 0   0.0
139 0   0.0
159 0   0.0
179 0   0.0
199 0   0.0
219 0   0.0
239 0   0.0
259 0   0.0
279 0   0.0
299 0   0.0
319 0   0.0
339 0   0.0
359 0   0.0
379 0   0.0
380 0   0.0
381 0   0.0
382 0   0.0
383 0   0.0
384 0   0.0
385 0   0.0
386 0   0.0
387 0   0.0
388 0   0.0
389 0   0.0
390 0   0.0
391 0   0.0
392 0   0.0
393 0   0.0
394 0   0.0
395 0   0.0
396 0   0.0
397 0   0.0
398 0   0.0
399 0   0.0