206000  0.3

1

900

3	3

34	34

30	30

0   1   2   3   4   5   6   7   8   9   10   11   12   13   14   15   16   17   18   19   20   21   22   23   24   25   26   27   28   29   30   31   32   33   34   35   36   37   38   39   40   41   42   43   44   45   46   47   48   49   50   51   52   53   54   55   56   57   58   59   60   61   62   63   64   65   66   67   68   69   70   71   72   73   74   75   76   77   78   79   80   81   82   83   84   85   86   87   88   89   90   91   92   93   94   95   96   97   98   99   100   101   102   103   104   105   106   107   108   109   110   111   112   113   114   115   116   117   118   119   120   121   122   123   124   125   126   127   128   129   130   131   132   133   134   135   136   137   138   139   140   141   142   143   144   145   146   147   148   149   150   151   152   153   154   155   156   157   158   159   160   161   162   163   164   165   166   167   168   169   170   171   172   173   174   175   176   177   178   179   180   181   182   183   184   185   186   187   188   189   190   191   192   193   194   195   196   197   198   199   200   201   202   203   204   205   206   207   208   209   210   211   212   213   214   215   216   217   218   219   220   221   222   223   224   225   226   227   228   229   230   231   232   233   234   235   236   237   238   239   240   241   242   243   244   245   246   247   248   249   250   251   252   253   254   255   256   257   258   259   260   261   262   263   264   265   266   267   268   269   270   271   272   273   274   275   276   277   278   279   280   281   282   283   284   285   286   287   288   289   290   291   292   293   294   295   296   297   298   299   300   301   302   303   304   305   306   307   308   309   310   311   312   313   314   315   316   317   318   319   320   321   322   323   324   325   326   327   328   329   330   331   332   333   334   335   336   337   338   339   340   341   342   343   344   345   346   347   348   349   350   351   352   353   354   355   356   357   358   359   360   361   362   363   364   365   366   367   368   369   370   371   372   373   374   375   376   377   378   379   380   381   382   383   384   385   386   387   388   389   390   391   392   393   394   395   396   397   398   399   400   401   402   403   404   405   406   407   408   409   410   411   412   413   414   415   416   417   418   419   420   421   422   423   424   425   426   427   428   429   430   431   432   433   434   435   436   437   438   439   440   441   442   443   444   445   446   447   448   449   450   451   452   453   454   455   456   457   458   459   460   461   462   463   464   465   466   467   468   469   470   471   472   473   474   475   476   477   478   479   480   481   482   483   484   485   486   487   488   489   490   491   492   493   494   495   496   497   498   499   500   501   502   503   504   505   506   507   508   509   510   511   512   513   514   515   516   517   518   519   520   521   522   523   524   525   526   527   528   529   530   531   532   533   534   535   536   537   538   539   540   541   542   543   544   545   546   547   548   549   550   551   552   553   554   555   556   557   558   559   560   561   562   563   564   565   566   567   568   569   570   571   572   573   574   575   576   577   578   579   580   581   582   583   584   585   586   587   588   589   590   591   592   593   594   595   596   597   598   599   600   601   602   603   604   605   606   607   608   609   610   611   612   613   614   615   616   617   618   619   620   621   622   623   624   625   626   627   628   629   630   631   632   633   634   635   636   637   638   639   640   641   642   643   644   645   646   647   648   649   650   651   652   653   654   655   656   657   658   659   660   661   662   663   664   665   666   667   668   669   670   671   672   673   674   675   676   677   678   679   680   681   682   683   684   685   686   687   688   689   690   691   692   693   694   695   696   697   698   699   700   701   702   703   704   705   706   707   708   709   710   711   712   713   714   715   716   717   718   719   720   721   722   723   724   725   726   727   728   729   730   731   732   733   734   735   736   737   738   739   740   741   742   743   744   745   746   747   748   749   750   751   752   753   754   755   756   757   758   759   760   761   762   763   764   765   766   767   768   769   770   771   772   773   774   775   776   777   778   779   780   781   782   783   784   785   786   787   788   789   790   791   792   793   794   795   796   797   798   799   800   801   802   803   804   805   806   807   808   809   810   811   812   813   814   815   816   817   818   819   820   821   822   823   824   825   826   827   828   829   830   831   832   833   834   835   836   837   838   839   840   841   842   843   844   845   846   847   848   849   850   851   852   853   854   855   856   857   858   859   860   861   862   863   864   865   866   867   868   869   870   871   872   873   874   875   876   877   878   879   880   881   882   883   884   885   886   887   888   889   890   891   892   893   894   895   896   897   898   899

118 0   0

0.0000000000000000e+00	0.0000000000000000e+00	0.0000000000000000e+00	0.0000000000000000e+00	3.7037037037037035e-02	7.4074074074074070e-02	1.1111111111111110e-01	1.4814814814814814e-01	1.8518518518518517e-01	2.2222222222222221e-01	2.5925925925925924e-01	2.9629629629629628e-01	3.3333333333333331e-01	3.7037037037037035e-01	4.0740740740740738e-01	4.4444444444444442e-01	4.8148148148148145e-01	5.1851851851851849e-01	5.5555555555555558e-01	5.9259259259259256e-01	6.2962962962962965e-01	6.6666666666666663e-01	7.0370370370370372e-01	7.4074074074074070e-01	7.7777777777777779e-01	8.1481481481481477e-01	8.5185185185185186e-01	8.8888888888888884e-01	9.2592592592592593e-01	9.6296296296296291e-01	1.0000000000000000e+00	1.0000000000000000e+00	1.0000000000000000e+00	1.0000000000000000e+00
0.0000000000000000e+00	0.0000000000000000e+00	0.0000000000000000e+00	0.0000000000000000e+00	3.7037037037037035e-02	7.4074074074074070e-02	1.1111111111111110e-01	1.4814814814814814e-01	1.8518518518518517e-01	2.2222222222222221e-01	2.5925925925925924e-01	2.9629629629629628e-01	3.3333333333333331e-01	3.7037037037037035e-01	4.0740740740740738e-01	4.4444444444444442e-01	4.8148148148148145e-01	5.1851851851851849e-01	5.5555555555555558e-01	5.9259259259259256e-01	6.2962962962962965e-01	6.6666666666666663e-01	7.0370370370370372e-01	7.4074074074074070e-01	7.7777777777777779e-01	8.1481481481481477e-01	8.5185185185185186e-01	8.8888888888888884e-01	9.2592592592592593e-01	9.6296296296296291e-01	1.0000000000000000e+00	1.0000000000000000e+00	1.0000000000000000e+00	1.0000000000000000e+00

0	1.0000000000000000e+00	0.0000000000000000e+00	1.0000000000000000e+00
1	1.0216049382716050e+00	0.0000000000000000e+00	1.0000000000000000e+00
2	1.0648148148148149e+00	0.0000000000000000e+00	1.0000000000000000e+00
3	1.1296296296296298e+00	0.0000000000000000e+00	1.0000000000000000e+00
4	1.1944444444444446e+00	0.0000000000000000e+00	9.9999999999999989e-01
5	1.2592592592592593e+00	0.0000000000000000e+00	1.0000000000000000e+00
6	1.3240740740740742e+00	0.0000000000000000e+00	1.0000000000000000e+00
7	1.3888888888888888e+00	0.0000000000000000e+00	1.0000000000000000e+00
8	1.4537037037037039e+00	0.0000000000000000e+00	9.9999999999999989e-01
9	1.5185185185185186e+00	0.0000000000000000e+00	1.0000000000000000e+00
10	1.5833333333333335e+00	0.0000000000000000e+00	1.0000000000000000e+00
11	1.6481481481481479e+00	0.0000000000000000e+00	1.0000000000000002e+00
12	1.7129629629629632e+00	0.0000000000000000e+00	9.9999999999999989e-01
13	1.7777777777777779e+00	0.0000000000000000e+00	1.0000000000000000e+00
14	1.8425925925925928e+00	0.0000000000000000e+00	1.0000000000000000e+00
15	1.9074074074074074e+00	0.0000000000000000e+00	1.0000000000000000e+00
16	1.9722222222222225e+00	0.0000000000000000e+00	9.9999999999999989e-01
17	2.0370370370370372e+00	0.0000000000000000e+00	1.0000000000000000e+00
18	2.1018518518518525e+00	0.0000000000000000e+00	9.9999999999999989e-01
19	2.1666666666666670e+00	0.0000000000000000e+00	1.0000000000000000e+00
20	2.2314814814814818e+00	0.0000000000000000e+00	1.0000000000000000e+00
21	2.2962962962962967e+00	0.0000000000000000e+00	1.0000000000000000e+00
22	2.3611111111111112e+00	0.0000000000000000e+00	1.0000000000000000e+00
23	2.4259259259259260e+00	0.0000000000000000e+00	1.0000000000000000e+00
24	2.4907407407407409e+00	0.0000000000000000e+00	1.0000000000000000e+00
25	2.5555555555555558e+00	0.0000000000000000e+00	1.0000000000000000e+00
26	2.6203703703703702e+00	0.0000000000000000e+00	1.0000000000000000e+00
27	2.6851851851851851e+00	0.0000000000000000e+00	1.0000000000000000e+00
28	2.7283950617283947e+00	0.0000000000000000e+00	1.0000000000000000e+00
29	2.7500000000000000e+00	0.0000000000000000e+00	1.0000000000000000e+00
30	1.0000000000000000e+00	1.7586611865278816e-02	9.9276806867127287e-01
31	1.0216049382716050e+00	1.7966569529034835e-02	9.9276806867127287e-01
32	1.0648148148148149e+00	1.8726484856546887e-02	9.9276806867127287e-01
33	1.1296296296296295e+00	1.9866357847814955e-02	9.9276806867127287e-01
34	1.1944444444444446e+00	2.1006230839083026e-02	9.9276806867127276e-01
35	1.2592592592592593e+00	2.2146103830351097e-02	9.9276806867127287e-01
36	1.3240740740740742e+00	2.3285976821619168e-02	9.9276806867127287e-01
37	1.3888888888888886e+00	2.4425849812887240e-02	9.9276806867127287e-01
38	1.4537037037037039e+00	2.5565722804155314e-02	9.9276806867127276e-01
39	1.5185185185185184e+00	2.6705595795423382e-02	9.9276806867127287e-01
40	1.5833333333333335e+00	2.7845468786691460e-02	9.9276806867127287e-01
41	1.6481481481481481e+00	2.8985341777959524e-02	9.9276806867127310e-01
42	1.7129629629629632e+00	3.0125214769227599e-02	9.9276806867127276e-01
43	1.7777777777777777e+00	3.1265087760495663e-02	9.9276806867127287e-01
44	1.8425925925925928e+00	3.2404960751763738e-02	9.9276806867127287e-01
45	1.9074074074074072e+00	3.3544833743031799e-02	9.9276806867127287e-01
46	1.9722222222222225e+00	3.4684706734299894e-02	9.9276806867127276e-01
47	2.0370370370370372e+00	3.5824579725567948e-02	9.9276806867127287e-01
48	2.1018518518518525e+00	3.6964452716836023e-02	9.9276806867127276e-01
49	2.1666666666666670e+00	3.8104325708104098e-02	9.9276806867127287e-01
50	2.2314814814814818e+00	3.9244198699372165e-02	9.9276806867127287e-01
51	2.2962962962962967e+00	4.0384071690640233e-02	9.9276806867127287e-01
52	2.3611111111111107e+00	4.1523944681908308e-02	9.9276806867127287e-01
53	2.4259259259259256e+00	4.2663817673176382e-02	9.9276806867127287e-01
54	2.4907407407407414e+00	4.3803690664444443e-02	9.9276806867127287e-01
55	2.5555555555555558e+00	4.4943563655712518e-02	9.9276806867127287e-01
56	2.6203703703703702e+00	4.6083436646980579e-02	9.9276806867127287e-01
57	2.6851851851851851e+00	4.7223309638248660e-02	9.9276806867127287e-01
58	2.7283950617283947e+00	4.7983224965760712e-02	9.9276806867127287e-01
59	2.7500000000000000e+00	4.8363182629516735e-02	9.9276806867127287e-01
60	9.9906573614609617e-01	5.3123584068423560e-02	9.7883990463076120e-01
61	1.0206504897048081e+00	5.4271315822988261e-02	9.7883990463076120e-01
62	1.0638199968222322e+00	5.6566779332117671e-02	9.7883990463076120e-01
63	1.1285742574983679e+00	6.0009974595811796e-02	9.7883990463076120e-01
64	1.1933285181745039e+00	6.3453169859505915e-02	9.7883990463076109e-01
65	1.2580827788506395e+00	6.6896365123200033e-02	9.7883990463076120e-01
66	1.3228370395267754e+00	7.0339560386894151e-02	9.7883990463076120e-01
67	1.3875913002029112e+00	7.3782755650588255e-02	9.7883990463076120e-01
68	1.4523455608790472e+00	7.7225950914282401e-02	9.7883990463076109e-01
69	1.5170998215551832e+00	8.0669146177976506e-02	9.7883990463076120e-01
70	1.5818540822313190e+00	8.4112341441670652e-02	9.7883990463076120e-01
71	1.6466083429074545e+00	8.7555536705364742e-02	9.7883990463076143e-01
72	1.7113626035835909e+00	9.0998731969058902e-02	9.7883990463076109e-01
73	1.7761168642597265e+00	9.4441927232752979e-02	9.7883990463076120e-01
74	1.8408711249358625e+00	9.7885122496447111e-02	9.7883990463076120e-01
75	1.9056253856119980e+00	1.0132831776014120e-01	9.7883990463076120e-01
76	1.9703796462881342e+00	1.0477151302383537e-01	9.7883990463076109e-01
77	2.0351339069642700e+00	1.0821470828752945e-01	9.7883990463076120e-01
78	2.0998881676404060e+00	1.1165790355122358e-01	9.7883990463076109e-01
79	2.1646424283165420e+00	1.1510109881491773e-01	9.7883990463076120e-01
80	2.2293966889926780e+00	1.1854429407861183e-01	9.7883990463076120e-01
81	2.2941509496688139e+00	1.2198748934230594e-01	9.7883990463076120e-01
82	2.3589052103449490e+00	1.2543068460600007e-01	9.7883990463076120e-01
83	2.4236594710210850e+00	1.2887387986969420e-01	9.7883990463076120e-01
84	2.4884137316972210e+00	1.3231707513338831e-01	9.7883990463076120e-01
85	2.5531679923733570e+00	1.3576027039708244e-01	9.7883990463076120e-01
86	2.6179222530494926e+00	1.3920346566077652e-01	9.7883990463076120e-01
87	2.6826765137256281e+00	1.4264666092447068e-01	9.7883990463076120e-01
88	2.7258460208430519e+00	1.4494212443360011e-01	9.7883990463076120e-01
89	2.7474307744017641e+00	1.4608985618816475e-01	9.7883990463076120e-01
90	9.9475827611094525e-01	1.0700085744647139e-01	9.5955475442082172e-01
91	1.0162499672614904e+00	1.0931260436661118e-01	9.5955475442082183e-01
92	1.0592333495625808e+00	1.1393609820689081e-01	9.5955475442082183e-01
93	1.1237084230142160e+00	1.2087133896731027e-01	9.5955475442082172e-01
94	1.1881834964658511e+00	1.2780657972772969e-01	9.5955475442082172e-01
95	1.2526585699174868e+00	1.3474182048814914e-01	9.5955475442082172e-01
96	1.3171336433691219e+00	1.4167706124856855e-01	9.5955475442082183e-01
97	1.3816087168207569e+00	1.4861230200898803e-01	9.5955475442082183e-01
98	1.4460837902723926e+00	1.5554754276940744e-01	9.5955475442082172e-01
99	1.5105588637240281e+00	1.6248278352982692e-01	9.5955475442082172e-01
100	1.5750339371756634e+00	1.6941802429024638e-01	9.5955475442082183e-01
101	1.6395090106272985e+00	1.7635326505066579e-01	9.5955475442082194e-01
102	1.7039840840789342e+00	1.8328850581108524e-01	9.5955475442082172e-01
103	1.7684591575305690e+00	1.9022374657150465e-01	9.5955475442082183e-01
104	1.8329342309822048e+00	1.9715898733192413e-01	9.5955475442082183e-01
105	1.8974093044338400e+00	2.0409422809234351e-01	9.5955475442082183e-01
106	1.9618843778854753e+00	2.1102946885276300e-01	9.5955475442082172e-01
107	2.0263594513371110e+00	2.1796470961318243e-01	9.5955475442082172e-01
108	2.0908345247887459e+00	2.2489995037360183e-01	9.5955475442082172e-01
109	2.1553095982403816e+00	2.3183519113402132e-01	9.5955475442082172e-01
110	2.2197846716920173e+00	2.3877043189444078e-01	9.5955475442082172e-01
111	2.2842597451436522e+00	2.4570567265486018e-01	9.5955475442082172e-01
112	2.3487348185952874e+00	2.5264091341527961e-01	9.5955475442082172e-01
113	2.4132098920469232e+00	2.5957615417569913e-01	9.5955475442082172e-01
114	2.4776849654985580e+00	2.6651139493611853e-01	9.5955475442082172e-01
115	2.5421600389501937e+00	2.7344663569653793e-01	9.5955475442082183e-01
116	2.6066351124018290e+00	2.8038187645695739e-01	9.5955475442082172e-01
117	2.6711101858534638e+00	2.8731711721737685e-01	9.5955475442082172e-01
118	2.7140935681545537e+00	2.9194061105765645e-01	9.5955475442082172e-01
119	2.7355852593050995e+00	2.9425235797779631e-01	9.5955475442082172e-01
120	9.8737793212132841e-01	1.6160341436670247e-01	9.4187670006171087e-01
121	1.0087101713955546e+00	1.6509484615857570e-01	9.4187670006171087e-01
122	1.0513746499440073e+00	1.7207770974232209e-01	9.4187670006171087e-01
123	1.1153713677666857e+00	1.8255200511794173e-01	9.4187670006171087e-01
124	1.1793680855893647e+00	1.9302630049356137e-01	9.4187670006171065e-01
125	1.2433648034120430e+00	2.0350059586918090e-01	9.4187670006171087e-01
126	1.3073615212347216e+00	2.1397489124480051e-01	9.4187670006171087e-01
127	1.3713582390574006e+00	2.2444918662042013e-01	9.4187670006171087e-01
128	1.4353549568800796e+00	2.3492348199603977e-01	9.4187670006171065e-01
129	1.4993516747027578e+00	2.4539777737165933e-01	9.4187670006171087e-01
130	1.5633483925254368e+00	2.5587207274727897e-01	9.4187670006171087e-01
131	1.6273451103481154e+00	2.6634636812289858e-01	9.4187670006171087e-01
132	1.6913418281707941e+00	2.7682066349851825e-01	9.4187670006171065e-01
133	1.7553385459934725e+00	2.8729495887413770e-01	9.4187670006171087e-01
134	1.8193352638161517e+00	2.9776925424975742e-01	9.4187670006171087e-01
135	1.8833319816388303e+00	3.0824354962537692e-01	9.4187670006171087e-01
136	1.9473286994615091e+00	3.1871784500099670e-01	9.4187670006171065e-01
137	2.0113254172841875e+00	3.2919214037661620e-01	9.4187670006171087e-01
138	2.0753221351068669e+00	3.3966643575223587e-01	9.4187670006171065e-01
139	2.1393188529295450e+00	3.5014073112785543e-01	9.4187670006171087e-01
140	2.2033155707522236e+00	3.6061502650347499e-01	9.4187670006171087e-01
141	2.2673122885749026e+00	3.7108932187909460e-01	9.4187670006171087e-01
142	2.3313090063975812e+00	3.8156361725471422e-01	9.4187670006171087e-01
143	2.3953057242202598e+00	3.9203791263033383e-01	9.4187670006171087e-01
144	2.4593024420429384e+00	4.0251220800595344e-01	9.4187670006171087e-01
145	2.5232991598656169e+00	4.1298650338157300e-01	9.4187670006171087e-01
146	2.5872958776882951e+00	4.2346079875719250e-01	9.4187670006171087e-01
147	2.6512925955109741e+00	4.3393509413281228e-01	9.4187670006171087e-01
148	2.6939570740594263e+00	4.4091795771655873e-01	9.4187670006171087e-01
149	2.7152893133336531e+00	4.4440938950843178e-01	9.4187670006171087e-01
150	9.7678711044409983e-01	2.1668845030515416e-01	9.2580574155342810e-01
151	9.9789053566974406e-01	2.2136999089816672e-01	9.2580574155342821e-01
152	1.0400973861210323e+00	2.3073307208419191e-01	9.2580574155342821e-01
153	1.1034076617979647e+00	2.4477769386322967e-01	9.2580574155342810e-01
154	1.1667179374748970e+00	2.5882231564226743e-01	9.2580574155342810e-01
155	1.2300282131518294e+00	2.7286693742130524e-01	9.2580574155342810e-01
156	1.2933384888287616e+00	2.8691155920034289e-01	9.2580574155342832e-01
157	1.3566487645056942e+00	3.0095618097938071e-01	9.2580574155342821e-01
158	1.4199590401826265e+00	3.1500080275841852e-01	9.2580574155342810e-01
159	1.4832693158595591e+00	3.2904542453745628e-01	9.2580574155342810e-01
160	1.5465795915364915e+00	3.4309004631649415e-01	9.2580574155342821e-01
161	1.6098898672134236e+00	3.5713466809553179e-01	9.2580574155342832e-01
162	1.6732001428903565e+00	3.7117928987456966e-01	9.2580574155342810e-01
163	1.7365104185672886e+00	3.8522391165360731e-01	9.2580574155342821e-01
164	1.7998206942442210e+00	3.9926853343264512e-01	9.2580574155342821e-01
165	1.8631309699211533e+00	4.1331315521168283e-01	9.2580574155342821e-01
166	1.9264412455980864e+00	4.2735777699072069e-01	9.2580574155342810e-01
167	1.9897515212750183e+00	4.4140239876975834e-01	9.2580574155342810e-01
168	2.0530617969519507e+00	4.5544702054879610e-01	9.2580574155342810e-01
169	2.1163720726288830e+00	4.6949164232783408e-01	9.2580574155342810e-01
170	2.1796823483058159e+00	4.8353626410687173e-01	9.2580574155342810e-01
171	2.2429926239827482e+00	4.9758088588590949e-01	9.2580574155342810e-01
172	2.3063028996596802e+00	5.1162550766494730e-01	9.2580574155342810e-01
173	2.3696131753366130e+00	5.2567012944398517e-01	9.2580574155342810e-01
174	2.4329234510135453e+00	5.3971475122302282e-01	9.2580574155342810e-01
175	2.4962337266904773e+00	5.5375937300206057e-01	9.2580574155342821e-01
176	2.5595440023674096e+00	5.6780399478109822e-01	9.2580574155342810e-01
177	2.6228542780443420e+00	5.8184861656013620e-01	9.2580574155342810e-01
178	2.6650611284956303e+00	5.9121169774616134e-01	9.2580574155342810e-01
179	2.6861645537212753e+00	5.9589323833917385e-01	9.2580574155342810e-01
180	9.6287199543355340e-01	2.7199007262278407e-01	9.1134187889597384e-01
181	9.8367478545835241e-01	2.7786640135228863e-01	9.1134187889597384e-01
182	1.0252803655079503e+00	2.8961905881129785e-01	9.1134187889597384e-01
183	1.0876887355823475e+00	3.0724804499981156e-01	9.1134187889597384e-01
184	1.1500971056567444e+00	3.2487703118832539e-01	9.1134187889597373e-01
185	1.2125054757311413e+00	3.4250601737683917e-01	9.1134187889597384e-01
186	1.2749138458055382e+00	3.6013500356535288e-01	9.1134187889597396e-01
187	1.3373222158799352e+00	3.7776398975386671e-01	9.1134187889597384e-01
188	1.3997305859543325e+00	3.9539297594238060e-01	9.1134187889597373e-01
189	1.4621389560287295e+00	4.1302196213089426e-01	9.1134187889597384e-01
190	1.5245473261031262e+00	4.3065094831940809e-01	9.1134187889597384e-01
191	1.5869556961775231e+00	4.4827993450792192e-01	9.1134187889597396e-01
192	1.6493640662519204e+00	4.6590892069643575e-01	9.1134187889597373e-01
193	1.7117724363263171e+00	4.8353790688494935e-01	9.1134187889597384e-01
194	1.7741808064007143e+00	5.0116689307346318e-01	9.1134187889597384e-01
195	1.8365891764751110e+00	5.1879587926197690e-01	9.1134187889597384e-01
196	1.8989975465495084e+00	5.3642486545049084e-01	9.1134187889597373e-01
197	1.9614059166239051e+00	5.5405385163900456e-01	9.1134187889597384e-01
198	2.0238142866983027e+00	5.7168283782751828e-01	9.1134187889597373e-01
199	2.0862226567726991e+00	5.8931182401603210e-01	9.1134187889597384e-01
200	2.1486310268470961e+00	6.0694081020454582e-01	9.1134187889597384e-01
201	2.2110393969214930e+00	6.2456979639305954e-01	9.1134187889597384e-01
202	2.2734477669958904e+00	6.4219878258157337e-01	9.1134187889597384e-01
203	2.3358561370702873e+00	6.5982776877008720e-01	9.1134187889597384e-01
204	2.3982645071446842e+00	6.7745675495860103e-01	9.1134187889597384e-01
205	2.4606728772190811e+00	6.9508574114711474e-01	9.1134187889597384e-01
206	2.5230812472934776e+00	7.1271472733562846e-01	9.1134187889597384e-01
207	2.5854896173678750e+00	7.3034371352414218e-01	9.1134187889597384e-01
208	2.6270951974174728e+00	7.4209637098315140e-01	9.1134187889597384e-01
209	2.6478979874422719e+00	7.4797269971265601e-01	9.1134187889597384e-01
210	9.4554671188175476e-01	3.2722199166055899e-01	8.9848511208934767e-01
211	9.6597519022487899e-01	3.3429160259149698e-01	8.9848511208934767e-01
212	1.0068321469111277e+00	3.4843082445337292e-01	8.9848511208934767e-01
213	1.0681175819405007e+00	3.6963965724618691e-01	8.9848511208934767e-01
214	1.1294030169698737e+00	3.9084849003900096e-01	8.9848511208934756e-01
215	1.1906884519992467e+00	4.1205732283181490e-01	8.9848511208934767e-01
216	1.2519738870286199e+00	4.3326615562462900e-01	8.9848511208934767e-01
217	1.3132593220579925e+00	4.5447498841744294e-01	8.9848511208934767e-01
218	1.3745447570873659e+00	4.7568382121025704e-01	8.9848511208934756e-01
219	1.4358301921167385e+00	4.9689265400307092e-01	8.9848511208934767e-01
220	1.4971156271461117e+00	5.1810148679588508e-01	8.9848511208934767e-01
221	1.5584010621754849e+00	5.3931031958869913e-01	8.9848511208934767e-01
222	1.6196864972048577e+00	5.6051915238151306e-01	8.9848511208934756e-01
223	1.6809719322342307e+00	5.8172798517432689e-01	8.9848511208934767e-01
224	1.7422573672636037e+00	6.0293681796714116e-01	8.9848511208934767e-01
225	1.8035428022929767e+00	6.2414565075995498e-01	8.9848511208934767e-01
226	1.8648282373223497e+00	6.4535448355276914e-01	8.9848511208934756e-01
227	1.9261136723517223e+00	6.6656331634558286e-01	8.9848511208934767e-01
228	1.9873991073810959e+00	6.8777214913839702e-01	8.9848511208934756e-01
229	2.0486845424104687e+00	7.0898098193121106e-01	8.9848511208934767e-01
230	2.1099699774398419e+00	7.3018981472402500e-01	8.9848511208934767e-01
231	2.1712554124692147e+00	7.5139864751683894e-01	8.9848511208934767e-01
232	2.2325408474985875e+00	7.7260748030965287e-01	8.9848511208934767e-01
233	2.2938262825279607e+00	7.9381631310246714e-01	8.9848511208934767e-01
234	2.3551117175573335e+00	8.1502514589528108e-01	8.9848511208934767e-01
235	2.4163971525867063e+00	8.3623397868809513e-01	8.9848511208934767e-01
236	2.4776825876160791e+00	8.5744281148090884e-01	8.9848511208934767e-01
237	2.5389680226454523e+00	8.7865164427372300e-01	8.9848511208934767e-01
238	2.5798249793317010e+00	8.9279086613559921e-01	8.9848511208934767e-01
239	2.6002534576748255e+00	8.9986047706653693e-01	8.9848511208934767e-01
240	9.2475715796977109e-01	3.8208104387503750e-01	8.8723544113354946e-01
241	9.4473647928393278e-01	3.9033588124270802e-01	8.8723544113354957e-01
242	9.8469512191225628e-01	4.0684555597804917e-01	8.8723544113354957e-01
243	1.0446330858547415e+00	4.3161006808106089e-01	8.8723544113354946e-01
244	1.1045710497972265e+00	4.5637458018407251e-01	8.8723544113354946e-01
245	1.1645090137397116e+00	4.8113909228708424e-01	8.8723544113354946e-01
246	1.2244469776821967e+00	5.0590360439009585e-01	8.8723544113354980e-01
247	1.2843849416246820e+00	5.3066811649310752e-01	8.8723544113354957e-01
248	1.3443229055671673e+00	5.5543262859611930e-01	8.8723544113354946e-01
249	1.4042608695096528e+00	5.8019714069913109e-01	8.8723544113354946e-01
250	1.4641988334521376e+00	6.0496165280214265e-01	8.8723544113354957e-01
251	1.5241367973946223e+00	6.2972616490515443e-01	8.8723544113354968e-01
252	1.5840747613371082e+00	6.5449067700816621e-01	8.8723544113354946e-01
253	1.6440127252795931e+00	6.7925518911117755e-01	8.8723544113354957e-01
254	1.7039506892220782e+00	7.0401970121418955e-01	8.8723544113354957e-01
255	1.7638886531645630e+00	7.2878421331720100e-01	8.8723544113354957e-01
256	1.8238266171070485e+00	7.5354872542021289e-01	8.8723544113354946e-01
257	1.8837645810495338e+00	7.7831323752322457e-01	8.8723544113354946e-01
258	1.9437025449920189e+00	8.0307774962623624e-01	8.8723544113354946e-01
259	2.0036405089345042e+00	8.2784226172924791e-01	8.8723544113354946e-01
260	2.0635784728769897e+00	8.5260677383225958e-01	8.8723544113354946e-01
261	2.1235164368194748e+00	8.7737128593527125e-01	8.8723544113354946e-01
262	2.1834544007619598e+00	9.0213579803828281e-01	8.8723544113354946e-01
263	2.2433923647044449e+00	9.2690031014129481e-01	8.8723544113354946e-01
264	2.3033303286469304e+00	9.5166482224430626e-01	8.8723544113354946e-01
265	2.3632682925894151e+00	9.7642933434731782e-01	8.8723544113354957e-01
266	2.4232062565319001e+00	1.0011938464503296e+00	8.8723544113354946e-01
267	2.4831442204743852e+00	1.0259583585533414e+00	8.8723544113354946e-01
268	2.5231028631027090e+00	1.0424680332886826e+00	8.8723544113354946e-01
269	2.5430821844168707e+00	1.0507228706563529e+00	8.8723544113354946e-01
270	9.0048432341605789e-01	4.3625150751923902e-01	8.7759286602858011e-01
271	9.1993923163800984e-01	4.4567669441008678e-01	8.7759286602858022e-01
272	9.5884904808191351e-01	4.6452706819178230e-01	8.7759286602858022e-01
273	1.0172137727477690e+00	4.9280262886432552e-01	8.7759286602858011e-01
274	1.0755784974136247e+00	5.2107818953686880e-01	8.7759286602858000e-01
275	1.1339432220794801e+00	5.4935375020941202e-01	8.7759286602858011e-01
276	1.1923079467453359e+00	5.7762931088195535e-01	8.7759286602858022e-01
277	1.2506726714111911e+00	6.0590487155449846e-01	8.7759286602858022e-01
278	1.3090373960770474e+00	6.3418043222704201e-01	8.7759286602858000e-01
279	1.3674021207429026e+00	6.6245599289958523e-01	8.7759286602858011e-01
280	1.4257668454087582e+00	6.9073155357212845e-01	8.7759286602858022e-01
281	1.4841315700746140e+00	7.1900711424467179e-01	8.7759286602858011e-01
282	1.5424962947404697e+00	7.4728267491721512e-01	8.7759286602858000e-01
283	1.6008610194063246e+00	7.7555823558975812e-01	8.7759286602858022e-01
284	1.6592257440721807e+00	8.0383379626230156e-01	8.7759286602858022e-01
285	1.7175904687380361e+00	8.3210935693484456e-01	8.7759286602858022e-01
286	1.7759551934038920e+00	8.6038491760738822e-01	8.7759286602858000e-01
287	1.8343199180697471e+00	8.8866047827993122e-01	8.7759286602858011e-01
288	1.8926846427356034e+00	9.1693603895247444e-01	8.7759286602858000e-01
289	1.9510493674014591e+00	9.4521159962501788e-01	8.7759286602858011e-01
290	2.0094140920673147e+00	9.7348716029756110e-01	8.7759286602858011e-01
291	2.0677788167331701e+00	1.0017627209701043e+00	8.7759286602858011e-01
292	2.1261435413990255e+00	1.0300382816426474e+00	8.7759286602858011e-01
293	2.1845082660648814e+00	1.0583138423151910e+00	8.7759286602858011e-01
294	2.2428729907307368e+00	1.0865894029877343e+00	8.7759286602858011e-01
295	2.3012377153965922e+00	1.1148649636602774e+00	8.7759286602858022e-01
296	2.3596024400624476e+00	1.1431405243328205e+00	8.7759286602858011e-01
297	2.4179671647283039e+00	1.1714160850053639e+00	8.7759286602858011e-01
298	2.4568769811722073e+00	1.1902664587870593e+00	8.7759286602858011e-01
299	2.4763318893941593e+00	1.1996916456779072e+00	8.7759286602858011e-01
300	8.7274691075795907e-01	4.8941012539660456e-01	8.6955738677443883e-01
301	8.9160255389161880e-01	4.9998380094529665e-01	8.6955738677443883e-01
302	9.2931384015893803e-01	5.2113115204268079e-01	8.6955738677443883e-01
303	9.8588076955991677e-01	5.5285217868875702e-01	8.6955738677443883e-01
304	1.0424476989608955e+00	5.8457320533483326e-01	8.6955738677443872e-01
305	1.0990146283618742e+00	6.1629423198090938e-01	8.6955738677443883e-01
306	1.1555815577628532e+00	6.4801525862698561e-01	8.6955738677443883e-01
307	1.2121484871638317e+00	6.7973628527306196e-01	8.6955738677443883e-01
308	1.2687154165648111e+00	7.1145731191913808e-01	8.6955738677443872e-01
309	1.3252823459657896e+00	7.4317833856521442e-01	8.6955738677443883e-01
310	1.3818492753667686e+00	7.7489936521129077e-01	8.6955738677443883e-01
311	1.4384162047677476e+00	8.0662039185736700e-01	8.6955738677443883e-01
312	1.4949831341687265e+00	8.3834141850344313e-01	8.6955738677443872e-01
313	1.5515500635697053e+00	8.7006244514951925e-01	8.6955738677443883e-01
314	1.6081169929706838e+00	9.0178347179559548e-01	8.6955738677443883e-01
315	1.6646839223716627e+00	9.3350449844167149e-01	8.6955738677443883e-01
316	1.7212508517726415e+00	9.6522552508774795e-01	8.6955738677443872e-01
317	1.7778177811736202e+00	9.9694655173382396e-01	8.6955738677443883e-01
318	1.8343847105745996e+00	1.0286675783799004e+00	8.6955738677443872e-01
319	1.8909516399755784e+00	1.0603886050259765e+00	8.6955738677443883e-01
320	1.9475185693765569e+00	1.0921096316720527e+00	8.6955738677443883e-01
321	2.0040854987775361e+00	1.1238306583181288e+00	8.6955738677443883e-01
322	2.0606524281785141e+00	1.1555516849642051e+00	8.6955738677443883e-01
323	2.1172193575794931e+00	1.1872727116102815e+00	8.6955738677443883e-01
324	2.1737862869804725e+00	1.2189937382563576e+00	8.6955738677443883e-01
325	2.2303532163814515e+00	1.2507147649024339e+00	8.6955738677443883e-01
326	2.2869201457824295e+00	1.2824357915485098e+00	8.6955738677443883e-01
327	2.3434870751834085e+00	1.3141568181945864e+00	8.6955738677443883e-01
328	2.3811983614507279e+00	1.3353041692919705e+00	8.6955738677443883e-01
329	2.4000540045843874e+00	1.3458778448406623e+00	8.6955738677443883e-01
330	8.4160309369343189e-01	5.4123170280438793e-01	8.6312900337112564e-01
331	8.5978587658187033e-01	5.5292498033411241e-01	8.6312900337112575e-01
332	8.9615144235874711e-01	5.7631153539356128e-01	8.6312900337112575e-01
333	9.5069979102406199e-01	6.1139136798273463e-01	8.6312900337112564e-01
334	1.0052481396893769e+00	6.4647120057190777e-01	8.6312900337112564e-01
335	1.0597964883546920e+00	6.8155103316108112e-01	8.6312900337112564e-01
336	1.1143448370200069e+00	7.1663086575025425e-01	8.6312900337112586e-01
337	1.1688931856853217e+00	7.5171069833942750e-01	8.6312900337112575e-01
338	1.2234415343506373e+00	7.8679053092860107e-01	8.6312900337112564e-01
339	1.2779898830159524e+00	8.2187036351777421e-01	8.6312900337112564e-01
340	1.3325382316812673e+00	8.5695019610694745e-01	8.6312900337112575e-01
341	1.3870865803465822e+00	8.9203002869612080e-01	8.6312900337112586e-01
342	1.4416349290118973e+00	9.2710986128529438e-01	8.6312900337112564e-01
343	1.4961832776772122e+00	9.6218969387446729e-01	8.6312900337112575e-01
344	1.5507316263425270e+00	9.9726952646364075e-01	8.6312900337112575e-01
345	1.6052799750078421e+00	1.0323493590528141e+00	8.6312900337112575e-01
346	1.6598283236731572e+00	1.0674291916419876e+00	8.6312900337112564e-01
347	1.7143766723384724e+00	1.1025090242311606e+00	8.6312900337112564e-01
348	1.7689250210037875e+00	1.1375888568203341e+00	8.6312900337112564e-01
349	1.8234733696691028e+00	1.1726686894095075e+00	8.6312900337112564e-01
350	1.8780217183344179e+00	1.2077485219986805e+00	8.6312900337112564e-01
351	1.9325700669997328e+00	1.2428283545878538e+00	8.6312900337112564e-01
352	1.9871184156650477e+00	1.2779081871770268e+00	8.6312900337112564e-01
353	2.0416667643303628e+00	1.3129880197662005e+00	8.6312900337112564e-01
354	2.0962151129956781e+00	1.3480678523553737e+00	8.6312900337112564e-01
355	2.1507634616609930e+00	1.3831476849445470e+00	8.6312900337112575e-01
356	2.2053118103263074e+00	1.4182275175337202e+00	8.6312900337112564e-01
357	2.2598601589916232e+00	1.4533073501228937e+00	8.6312900337112564e-01
358	2.2962257247684996e+00	1.4766939051823424e+00	8.6312900337112564e-01
359	2.3144085076569376e+00	1.4883871827120667e+00	8.6312900337112564e-01
360	8.0715127548198295e-01	5.9139510578641119e-01	8.5830771581864063e-01
361	8.2458972896461835e-01	6.0417216054105594e-01	8.5830771581864074e-01
362	8.5946663592988937e-01	6.2972627005034532e-01	8.5830771581864074e-01
363	9.1178199637779556e-01	6.6805743431427944e-01	8.5830771581864063e-01
364	9.6409735682570186e-01	7.0638859857821334e-01	8.5830771581864063e-01
365	1.0164127172736079e+00	7.4471976284214747e-01	8.5830771581864063e-01
366	1.0687280777215142e+00	7.8305092710608148e-01	8.5830771581864085e-01
367	1.1210434381694205e+00	8.2138209137001550e-01	8.5830771581864074e-01
368	1.1733587986173273e+00	8.5971325563394951e-01	8.5830771581864063e-01
369	1.2256741590652334e+00	8.9804441989788375e-01	8.5830771581864063e-01
370	1.2779895195131397e+00	9.3637558416181776e-01	8.5830771581864074e-01
371	1.3303048799610460e+00	9.7470674842575189e-01	8.5830771581864074e-01
372	1.3826202404089525e+00	1.0130379126896860e+00	8.5830771581864063e-01
373	1.4349356008568586e+00	1.0513690769536197e+00	8.5830771581864074e-01
374	1.4872509613047646e+00	1.0897002412175540e+00	8.5830771581864074e-01
375	1.5395663217526712e+00	1.1280314054814879e+00	8.5830771581864074e-01
376	1.5918816822005775e+00	1.1663625697454221e+00	8.5830771581864063e-01
377	1.6441970426484838e+00	1.2046937340093560e+00	8.5830771581864063e-01
378	1.6965124030963903e+00	1.2430248982732901e+00	8.5830771581864063e-01
379	1.7488277635442966e+00	1.2813560625372242e+00	8.5830771581864063e-01
380	1.8011431239922027e+00	1.3196872268011584e+00	8.5830771581864063e-01
381	1.8534584844401094e+00	1.3580183910650923e+00	8.5830771581864063e-01
382	1.9057738448880153e+00	1.3963495553290264e+00	8.5830771581864063e-01
383	1.9580892053359213e+00	1.4346807195929605e+00	8.5830771581864063e-01
384	2.0104045657838281e+00	1.4730118838568949e+00	8.5830771581864063e-01
385	2.0627199262317339e+00	1.5113430481208285e+00	8.5830771581864074e-01
386	2.1150352866796402e+00	1.5496742123847624e+00	8.5830771581864063e-01
387	2.1673506471275470e+00	1.5880053766486966e+00	8.5830771581864063e-01
388	2.2022275540928176e+00	1.6135594861579861e+00	8.5830771581864063e-01
389	2.2196660075754533e+00	1.6263365409126307e+00	8.5830771581864063e-01
390	7.6952975169562643e-01	6.3958944928736006e-01	8.5509352411698425e-01
391	7.8615539447917404e-01	6.5340773985838330e-01	8.5509352411698425e-01
392	8.1940668004626904e-01	6.8104432100042978e-01	8.5509352411698425e-01
393	8.6928360839691132e-01	7.2249919271349938e-01	8.5509352411698425e-01
394	9.1916053674755371e-01	7.6395406442656888e-01	8.5509352411698425e-01
395	9.6903746509819633e-01	8.0540893613963849e-01	8.5509352411698425e-01
396	1.0189143934488387e+00	8.4686380785270809e-01	8.5509352411698436e-01
397	1.0687913217994809e+00	8.8831867956577770e-01	8.5509352411698425e-01
398	1.1186682501501235e+00	9.2977355127884753e-01	8.5509352411698425e-01
399	1.1685451785007661e+00	9.7122842299191703e-01	8.5509352411698425e-01
400	1.2184221068514083e+00	1.0126832947049866e+00	8.5509352411698425e-01
401	1.2682990352020509e+00	1.0541381664180565e+00	8.5509352411698436e-01
402	1.3181759635526935e+00	1.0955930381311261e+00	8.5509352411698425e-01
403	1.3680528919033361e+00	1.1370479098441957e+00	8.5509352411698425e-01
404	1.4179298202539785e+00	1.1785027815572655e+00	8.5509352411698425e-01
405	1.4678067486046207e+00	1.2199576532703349e+00	8.5509352411698425e-01
406	1.5176836769552629e+00	1.2614125249834045e+00	8.5509352411698425e-01
407	1.5675606053059057e+00	1.3028673966964741e+00	8.5509352411698425e-01
408	1.6174375336565483e+00	1.3443222684095435e+00	8.5509352411698425e-01
409	1.6673144620071909e+00	1.3857771401226135e+00	8.5509352411698425e-01
410	1.7171913903578333e+00	1.4272320118356832e+00	8.5509352411698425e-01
411	1.7670683187084757e+00	1.4686868835487525e+00	8.5509352411698425e-01
412	1.8169452470591176e+00	1.5101417552618221e+00	8.5509352411698425e-01
413	1.8668221754097605e+00	1.5515966269748920e+00	8.5509352411698425e-01
414	1.9166991037604029e+00	1.5930514986879618e+00	8.5509352411698425e-01
415	1.9665760321110455e+00	1.6345063704010316e+00	8.5509352411698425e-01
416	2.0164529604616876e+00	1.6759612421141006e+00	8.5509352411698425e-01
417	2.0663298888123305e+00	1.7174161138271706e+00	8.5509352411698425e-01
418	2.0995811743794253e+00	1.7450526949692169e+00	8.5509352411698425e-01
419	2.1162068171629729e+00	1.7588709855402398e+00	8.5509352411698425e-01
420	7.2891523288918225e-01	6.8552024052559279e-01	8.5348642826615606e-01
421	7.4466340150098564e-01	7.0033086300608394e-01	8.5348642826615606e-01
422	7.7615973872459243e-01	7.2995210796706633e-01	8.5348642826615606e-01
423	8.2340424456000239e-01	7.7438397540853998e-01	8.5348642826615606e-01
424	8.7064875039541212e-01	8.1881584285001363e-01	8.5348642826615606e-01
425	9.1789325623082207e-01	8.6324771029148717e-01	8.5348642826615606e-01
426	9.6513776206623181e-01	9.0767957773296060e-01	8.5348642826615628e-01
427	1.0123822679016419e+00	9.5211144517443425e-01	8.5348642826615606e-01
428	1.0596267737370522e+00	9.9654331261590801e-01	8.5348642826615606e-01
429	1.1068712795724620e+00	1.0409751800573817e+00	8.5348642826615606e-01
430	1.1541157854078719e+00	1.0854070474988553e+00	8.5348642826615606e-01
431	1.2013602912432821e+00	1.1298389149403290e+00	8.5348642826615606e-01
432	1.2486047970786920e+00	1.1742707823818024e+00	8.5348642826615606e-01
433	1.2958493029141018e+00	1.2187026498232760e+00	8.5348642826615606e-01
434	1.3430938087495117e+00	1.2631345172647497e+00	8.5348642826615606e-01
435	1.3903383145849217e+00	1.3075663847062231e+00	8.5348642826615606e-01
436	1.4375828204203314e+00	1.3519982521476968e+00	8.5348642826615606e-01
437	1.4848273262557414e+00	1.3964301195891702e+00	8.5348642826615606e-01
438	1.5320718320911517e+00	1.4408619870306441e+00	8.5348642826615606e-01
439	1.5793163379265618e+00	1.4852938544721175e+00	8.5348642826615606e-01
440	1.6265608437619716e+00	1.5297257219135911e+00	8.5348642826615606e-01
441	1.6738053495973817e+00	1.5741575893550650e+00	8.5348642826615606e-01
442	1.7210498554327918e+00	1.6185894567965384e+00	8.5348642826615606e-01
443	1.7682943612682014e+00	1.6630213242380123e+00	8.5348642826615606e-01
444	1.8155388671036117e+00	1.7074531916794857e+00	8.5348642826615606e-01
445	1.8627833729390213e+00	1.7518850591209594e+00	8.5348642826615606e-01
446	1.9100278787744311e+00	1.7963169265624326e+00	8.5348642826615606e-01
447	1.9572723846098414e+00	1.8407487940039065e+00	8.5348642826615606e-01
448	1.9887687218334480e+00	1.8703700389648890e+00	8.5348642826615606e-01
449	2.0045168904452515e+00	1.8851806614453799e+00	8.5348642826615606e-01
450	6.8552024052559279e-01	7.2891523288918225e-01	8.5348642826615595e-01
451	7.0033086300608416e-01	7.4466340150098564e-01	8.5348642826615595e-01
452	7.2995210796706644e-01	7.7615973872459232e-01	8.5348642826615595e-01
453	7.7438397540854009e-01	8.2340424456000216e-01	8.5348642826615595e-01
454	8.1881584285001352e-01	8.7064875039541190e-01	8.5348642826615595e-01
455	8.6324771029148717e-01	9.1789325623082196e-01	8.5348642826615595e-01
456	9.0767957773296071e-01	9.6513776206623181e-01	8.5348642826615617e-01
457	9.5211144517443447e-01	1.0123822679016419e+00	8.5348642826615595e-01
458	9.9654331261590812e-01	1.0596267737370519e+00	8.5348642826615595e-01
459	1.0409751800573817e+00	1.1068712795724620e+00	8.5348642826615595e-01
460	1.0854070474988553e+00	1.1541157854078719e+00	8.5348642826615595e-01
461	1.1298389149403290e+00	1.2013602912432821e+00	8.5348642826615595e-01
462	1.1742707823818026e+00	1.2486047970786920e+00	8.5348642826615595e-01
463	1.2187026498232758e+00	1.2958493029141016e+00	8.5348642826615595e-01
464	1.2631345172647497e+00	1.3430938087495119e+00	8.5348642826615595e-01
465	1.3075663847062233e+00	1.3903383145849217e+00	8.5348642826615595e-01
466	1.3519982521476968e+00	1.4375828204203316e+00	8.5348642826615595e-01
467	1.3964301195891704e+00	1.4848273262557414e+00	8.5348642826615595e-01
468	1.4408619870306443e+00	1.5320718320911515e+00	8.5348642826615595e-01
469	1.4852938544721179e+00	1.5793163379265616e+00	8.5348642826615595e-01
470	1.5297257219135914e+00	1.6265608437619714e+00	8.5348642826615595e-01
471	1.5741575893550652e+00	1.6738053495973815e+00	8.5348642826615595e-01
472	1.6185894567965387e+00	1.7210498554327913e+00	8.5348642826615595e-01
473	1.6630213242380123e+00	1.7682943612682016e+00	8.5348642826615595e-01
474	1.7074531916794857e+00	1.8155388671036115e+00	8.5348642826615595e-01
475	1.7518850591209596e+00	1.8627833729390215e+00	8.5348642826615595e-01
476	1.7963169265624328e+00	1.9100278787744309e+00	8.5348642826615595e-01
477	1.8407487940039069e+00	1.9572723846098412e+00	8.5348642826615595e-01
478	1.8703700389648890e+00	1.9887687218334473e+00	8.5348642826615595e-01
479	1.8851806614453803e+00	2.0045168904452511e+00	8.5348642826615595e-01
480	6.3958944928736006e-01	7.6952975169562632e-01	8.5509352411698425e-01
481	6.5340773985838319e-01	7.8615539447917382e-01	8.5509352411698425e-01
482	6.8104432100042966e-01	8.1940668004626871e-01	8.5509352411698425e-01
483	7.2249919271349927e-01	8.6928360839691121e-01	8.5509352411698425e-01
484	7.6395406442656899e-01	9.1916053674755371e-01	8.5509352411698414e-01
485	8.0540893613963838e-01	9.6903746509819622e-01	8.5509352411698425e-01
486	8.4686380785270809e-01	1.0189143934488383e+00	8.5509352411698436e-01
487	8.8831867956577770e-01	1.0687913217994809e+00	8.5509352411698425e-01
488	9.2977355127884764e-01	1.1186682501501235e+00	8.5509352411698414e-01
489	9.7122842299191703e-01	1.1685451785007659e+00	8.5509352411698425e-01
490	1.0126832947049866e+00	1.2184221068514083e+00	8.5509352411698425e-01
491	1.0541381664180562e+00	1.2682990352020511e+00	8.5509352411698425e-01
492	1.0955930381311261e+00	1.3181759635526937e+00	8.5509352411698414e-01
493	1.1370479098441957e+00	1.3680528919033355e+00	8.5509352411698425e-01
494	1.1785027815572653e+00	1.4179298202539783e+00	8.5509352411698425e-01
495	1.2199576532703349e+00	1.4678067486046207e+00	8.5509352411698425e-01
496	1.2614125249834045e+00	1.5176836769552631e+00	8.5509352411698414e-01
497	1.3028673966964741e+00	1.5675606053059052e+00	8.5509352411698425e-01
498	1.3443222684095437e+00	1.6174375336565481e+00	8.5509352411698414e-01
499	1.3857771401226135e+00	1.6673144620071907e+00	8.5509352411698425e-01
500	1.4272320118356832e+00	1.7171913903578329e+00	8.5509352411698425e-01
501	1.4686868835487525e+00	1.7670683187084752e+00	8.5509352411698425e-01
502	1.5101417552618221e+00	1.8169452470591174e+00	8.5509352411698425e-01
503	1.5515966269748918e+00	1.8668221754097603e+00	8.5509352411698425e-01
504	1.5930514986879616e+00	1.9166991037604026e+00	8.5509352411698425e-01
505	1.6345063704010312e+00	1.9665760321110450e+00	8.5509352411698425e-01
506	1.6759612421141006e+00	2.0164529604616872e+00	8.5509352411698425e-01
507	1.7174161138271704e+00	2.0663298888123296e+00	8.5509352411698425e-01
508	1.7450526949692169e+00	2.0995811743794248e+00	8.5509352411698425e-01
509	1.7588709855402398e+00	2.1162068171629720e+00	8.5509352411698425e-01
510	5.9139510578641108e-01	8.0715127548198284e-01	8.5830771581864074e-01
511	6.0417216054105594e-01	8.2458972896461835e-01	8.5830771581864074e-01
512	6.2972627005034532e-01	8.5946663592988937e-01	8.5830771581864074e-01
513	6.6805743431427933e-01	9.1178199637779545e-01	8.5830771581864074e-01
514	7.0638859857821323e-01	9.6409735682570175e-01	8.5830771581864074e-01
515	7.4471976284214725e-01	1.0164127172736082e+00	8.5830771581864074e-01
516	7.8305092710608126e-01	1.0687280777215140e+00	8.5830771581864096e-01
517	8.2138209137001539e-01	1.1210434381694205e+00	8.5830771581864074e-01
518	8.5971325563394962e-01	1.1733587986173271e+00	8.5830771581864074e-01
519	8.9804441989788364e-01	1.2256741590652334e+00	8.5830771581864074e-01
520	9.3637558416181765e-01	1.2779895195131397e+00	8.5830771581864074e-01
521	9.7470674842575156e-01	1.3303048799610462e+00	8.5830771581864085e-01
522	1.0130379126896858e+00	1.3826202404089523e+00	8.5830771581864074e-01
523	1.0513690769536197e+00	1.4349356008568581e+00	8.5830771581864074e-01
524	1.0897002412175538e+00	1.4872509613047649e+00	8.5830771581864074e-01
525	1.1280314054814879e+00	1.5395663217526712e+00	8.5830771581864074e-01
526	1.1663625697454216e+00	1.5918816822005775e+00	8.5830771581864074e-01
527	1.2046937340093560e+00	1.6441970426484833e+00	8.5830771581864074e-01
528	1.2430248982732901e+00	1.6965124030963898e+00	8.5830771581864074e-01
529	1.2813560625372240e+00	1.7488277635442964e+00	8.5830771581864074e-01
530	1.3196872268011584e+00	1.8011431239922027e+00	8.5830771581864074e-01
531	1.3580183910650923e+00	1.8534584844401092e+00	8.5830771581864074e-01
532	1.3963495553290262e+00	1.9057738448880148e+00	8.5830771581864074e-01
533	1.4346807195929603e+00	1.9580892053359216e+00	8.5830771581864074e-01
534	1.4730118838568946e+00	2.0104045657838276e+00	8.5830771581864074e-01
535	1.5113430481208285e+00	2.0627199262317344e+00	8.5830771581864074e-01
536	1.5496742123847624e+00	2.1150352866796398e+00	8.5830771581864074e-01
537	1.5880053766486966e+00	2.1673506471275465e+00	8.5830771581864074e-01
538	1.6135594861579858e+00	2.2022275540928171e+00	8.5830771581864074e-01
539	1.6263365409126305e+00	2.2196660075754528e+00	8.5830771581864074e-01
540	5.4123170280438804e-01	8.4160309369343189e-01	8.6312900337112552e-01
541	5.5292498033411241e-01	8.5978587658187022e-01	8.6312900337112564e-01
542	5.7631153539356128e-01	8.9615144235874700e-01	8.6312900337112564e-01
543	6.1139136798273463e-01	9.5069979102406188e-01	8.6312900337112552e-01
544	6.4647120057190788e-01	1.0052481396893769e+00	8.6312900337112552e-01
545	6.8155103316108112e-01	1.0597964883546918e+00	8.6312900337112552e-01
546	7.1663086575025425e-01	1.1143448370200069e+00	8.6312900337112575e-01
547	7.5171069833942761e-01	1.1688931856853220e+00	8.6312900337112564e-01
548	7.8679053092860107e-01	1.2234415343506371e+00	8.6312900337112552e-01
549	8.2187036351777432e-01	1.2779898830159522e+00	8.6312900337112552e-01
550	8.5695019610694756e-01	1.3325382316812671e+00	8.6312900337112564e-01
551	8.9203002869612102e-01	1.3870865803465824e+00	8.6312900337112564e-01
552	9.2710986128529438e-01	1.4416349290118975e+00	8.6312900337112552e-01
553	9.6218969387446751e-01	1.4961832776772122e+00	8.6312900337112564e-01
554	9.9726952646364087e-01	1.5507316263425273e+00	8.6312900337112564e-01
555	1.0323493590528141e+00	1.6052799750078424e+00	8.6312900337112564e-01
556	1.0674291916419874e+00	1.6598283236731572e+00	8.6312900337112552e-01
557	1.1025090242311606e+00	1.7143766723384721e+00	8.6312900337112552e-01
558	1.1375888568203341e+00	1.7689250210037877e+00	8.6312900337112552e-01
559	1.1726686894095073e+00	1.8234733696691026e+00	8.6312900337112552e-01
560	1.2077485219986805e+00	1.8780217183344177e+00	8.6312900337112552e-01
561	1.2428283545878540e+00	1.9325700669997325e+00	8.6312900337112552e-01
562	1.2779081871770273e+00	1.9871184156650472e+00	8.6312900337112552e-01
563	1.3129880197662007e+00	2.0416667643303628e+00	8.6312900337112552e-01
564	1.3480678523553737e+00	2.0962151129956776e+00	8.6312900337112552e-01
565	1.3831476849445470e+00	2.1507634616609925e+00	8.6312900337112564e-01
566	1.4182275175337202e+00	2.2053118103263074e+00	8.6312900337112552e-01
567	1.4533073501228939e+00	2.2598601589916223e+00	8.6312900337112552e-01
568	1.4766939051823427e+00	2.2962257247684992e+00	8.6312900337112552e-01
569	1.4883871827120669e+00	2.3144085076569376e+00	8.6312900337112552e-01
570	4.8941012539660461e-01	8.7274691075795918e-01	8.6955738677443861e-01
571	4.9998380094529671e-01	8.9160255389161891e-01	8.6955738677443861e-01
572	5.2113115204268090e-01	9.2931384015893814e-01	8.6955738677443861e-01
573	5.5285217868875713e-01	9.8588076955991688e-01	8.6955738677443861e-01
574	5.8457320533483315e-01	1.0424476989608955e+00	8.6955738677443861e-01
575	6.1629423198090938e-01	1.0990146283618745e+00	8.6955738677443861e-01
576	6.4801525862698550e-01	1.1555815577628532e+00	8.6955738677443883e-01
577	6.7973628527306185e-01	1.2121484871638322e+00	8.6955738677443861e-01
578	7.1145731191913819e-01	1.2687154165648111e+00	8.6955738677443861e-01
579	7.4317833856521442e-01	1.3252823459657899e+00	8.6955738677443861e-01
580	7.7489936521129066e-01	1.3818492753667690e+00	8.6955738677443861e-01
581	8.0662039185736678e-01	1.4384162047677476e+00	8.6955738677443872e-01
582	8.3834141850344313e-01	1.4949831341687263e+00	8.6955738677443861e-01
583	8.7006244514951936e-01	1.5515500635697050e+00	8.6955738677443861e-01
584	9.0178347179559548e-01	1.6081169929706842e+00	8.6955738677443861e-01
585	9.3350449844167172e-01	1.6646839223716630e+00	8.6955738677443861e-01
586	9.6522552508774795e-01	1.7212508517726419e+00	8.6955738677443861e-01
587	9.9694655173382418e-01	1.7778177811736204e+00	8.6955738677443861e-01
588	1.0286675783799004e+00	1.8343847105745992e+00	8.6955738677443861e-01
589	1.0603886050259768e+00	1.8909516399755781e+00	8.6955738677443861e-01
590	1.0921096316720529e+00	1.9475185693765569e+00	8.6955738677443861e-01
591	1.1238306583181292e+00	2.0040854987775361e+00	8.6955738677443861e-01
592	1.1555516849642054e+00	2.0606524281785146e+00	8.6955738677443861e-01
593	1.1872727116102815e+00	2.1172193575794935e+00	8.6955738677443861e-01
594	1.2189937382563578e+00	2.1737862869804725e+00	8.6955738677443861e-01
595	1.2507147649024339e+00	2.2303532163814515e+00	8.6955738677443861e-01
596	1.2824357915485103e+00	2.2869201457824300e+00	8.6955738677443861e-01
597	1.3141568181945864e+00	2.3434870751834089e+00	8.6955738677443861e-01
598	1.3353041692919707e+00	2.3811983614507279e+00	8.6955738677443861e-01
599	1.3458778448406625e+00	2.4000540045843874e+00	8.6955738677443861e-01
600	4.3625150751923913e-01	9.0048432341605789e-01	8.7759286602858000e-01
601	4.4567669441008684e-01	9.1993923163800995e-01	8.7759286602858011e-01
602	4.6452706819178241e-01	9.5884904808191351e-01	8.7759286602858011e-01
603	4.9280262886432563e-01	1.0172137727477693e+00	8.7759286602858000e-01
604	5.2107818953686902e-01	1.0755784974136249e+00	8.7759286602857989e-01
605	5.4935375020941213e-01	1.1339432220794803e+00	8.7759286602858000e-01
606	5.7762931088195535e-01	1.1923079467453359e+00	8.7759286602858011e-01
607	6.0590487155449868e-01	1.2506726714111913e+00	8.7759286602858011e-01
608	6.3418043222704201e-01	1.3090373960770474e+00	8.7759286602857989e-01
609	6.6245599289958523e-01	1.3674021207429028e+00	8.7759286602858000e-01
610	6.9073155357212856e-01	1.4257668454087582e+00	8.7759286602858011e-01
611	7.1900711424467179e-01	1.4841315700746140e+00	8.7759286602858011e-01
612	7.4728267491721534e-01	1.5424962947404699e+00	8.7759286602857989e-01
613	7.7555823558975834e-01	1.6008610194063249e+00	8.7759286602858011e-01
614	8.0383379626230156e-01	1.6592257440721809e+00	8.7759286602858011e-01
615	8.3210935693484489e-01	1.7175904687380363e+00	8.7759286602858011e-01
616	8.6038491760738822e-01	1.7759551934038922e+00	8.7759286602857989e-01
617	8.8866047827993144e-01	1.8343199180697474e+00	8.7759286602858000e-01
618	9.1693603895247489e-01	1.8926846427356037e+00	8.7759286602857989e-01
619	9.4521159962501811e-01	1.9510493674014588e+00	8.7759286602858000e-01
620	9.7348716029756122e-01	2.0094140920673143e+00	8.7759286602858000e-01
621	1.0017627209701048e+00	2.0677788167331701e+00	8.7759286602858000e-01
622	1.0300382816426479e+00	2.1261435413990251e+00	8.7759286602858000e-01
623	1.0583138423151910e+00	2.1845082660648814e+00	8.7759286602858000e-01
624	1.0865894029877345e+00	2.2428729907307368e+00	8.7759286602858000e-01
625	1.1148649636602777e+00	2.3012377153965922e+00	8.7759286602858011e-01
626	1.1431405243328210e+00	2.3596024400624476e+00	8.7759286602858000e-01
627	1.1714160850053641e+00	2.4179671647283034e+00	8.7759286602858000e-01
628	1.1902664587870597e+00	2.4568769811722069e+00	8.7759286602858000e-01
629	1.1996916456779074e+00	2.4763318893941588e+00	8.7759286602858000e-01
630	3.8208104387503738e-01	9.2475715796977109e-01	8.8723544113354968e-01
631	3.9033588124270802e-01	9.4473647928393278e-01	8.8723544113354968e-01
632	4.0684555597804917e-01	9.8469512191225628e-01	8.8723544113354968e-01
633	4.3161006808106078e-01	1.0446330858547412e+00	8.8723544113354968e-01
634	4.5637458018407245e-01	1.1045710497972265e+00	8.8723544113354957e-01
635	4.8113909228708412e-01	1.1645090137397114e+00	8.8723544113354968e-01
636	5.0590360439009574e-01	1.2244469776821969e+00	8.8723544113354980e-01
637	5.3066811649310741e-01	1.2843849416246818e+00	8.8723544113354968e-01
638	5.5543262859611930e-01	1.3443229055671675e+00	8.8723544113354957e-01
639	5.8019714069913086e-01	1.4042608695096521e+00	8.8723544113354968e-01
640	6.0496165280214265e-01	1.4641988334521374e+00	8.8723544113354968e-01
641	6.2972616490515432e-01	1.5241367973946225e+00	8.8723544113354968e-01
642	6.5449067700816599e-01	1.5840747613371080e+00	8.8723544113354957e-01
643	6.7925518911117755e-01	1.6440127252795929e+00	8.8723544113354968e-01
644	7.0401970121418933e-01	1.7039506892220782e+00	8.8723544113354968e-01
645	7.2878421331720100e-01	1.7638886531645634e+00	8.8723544113354968e-01
646	7.5354872542021256e-01	1.8238266171070485e+00	8.8723544113354957e-01
647	7.7831323752322423e-01	1.8837645810495336e+00	8.8723544113354968e-01
648	8.0307774962623601e-01	1.9437025449920187e+00	8.8723544113354957e-01
649	8.2784226172924791e-01	2.0036405089345037e+00	8.8723544113354968e-01
650	8.5260677383225936e-01	2.0635784728769888e+00	8.8723544113354968e-01
651	8.7737128593527114e-01	2.1235164368194743e+00	8.8723544113354968e-01
652	9.0213579803828270e-01	2.1834544007619590e+00	8.8723544113354968e-01
653	9.2690031014129448e-01	2.2433923647044445e+00	8.8723544113354968e-01
654	9.5166482224430604e-01	2.3033303286469300e+00	8.8723544113354968e-01
655	9.7642933434731782e-01	2.3632682925894151e+00	8.8723544113354968e-01
656	1.0011938464503294e+00	2.4232062565318997e+00	8.8723544113354968e-01
657	1.0259583585533414e+00	2.4831442204743852e+00	8.8723544113354968e-01
658	1.0424680332886824e+00	2.5231028631027077e+00	8.8723544113354968e-01
659	1.0507228706563529e+00	2.5430821844168698e+00	8.8723544113354968e-01
660	3.2722199166055910e-01	9.4554671188175476e-01	8.9848511208934745e-01
661	3.3429160259149709e-01	9.6597519022487910e-01	8.9848511208934756e-01
662	3.4843082445337309e-01	1.0068321469111279e+00	8.9848511208934756e-01
663	3.6963965724618708e-01	1.0681175819405009e+00	8.9848511208934745e-01
664	3.9084849003900107e-01	1.1294030169698739e+00	8.9848511208934734e-01
665	4.1205732283181506e-01	1.1906884519992467e+00	8.9848511208934745e-01
666	4.3326615562462906e-01	1.2519738870286197e+00	8.9848511208934756e-01
667	4.5447498841744299e-01	1.3132593220579927e+00	8.9848511208934756e-01
668	4.7568382121025721e-01	1.3745447570873659e+00	8.9848511208934734e-01
669	4.9689265400307114e-01	1.4358301921167389e+00	8.9848511208934745e-01
670	5.1810148679588508e-01	1.4971156271461119e+00	8.9848511208934756e-01
671	5.3931031958869924e-01	1.5584010621754849e+00	8.9848511208934756e-01
672	5.6051915238151317e-01	1.6196864972048581e+00	8.9848511208934734e-01
673	5.8172798517432711e-01	1.6809719322342307e+00	8.9848511208934756e-01
674	6.0293681796714105e-01	1.7422573672636039e+00	8.9848511208934756e-01
675	6.2414565075995521e-01	1.8035428022929765e+00	8.9848511208934756e-01
676	6.4535448355276925e-01	1.8648282373223499e+00	8.9848511208934734e-01
677	6.6656331634558330e-01	1.9261136723517225e+00	8.9848511208934745e-01
678	6.8777214913839735e-01	1.9873991073810962e+00	8.9848511208934734e-01
679	7.0898098193121128e-01	2.0486845424104687e+00	8.9848511208934745e-01
680	7.3018981472402533e-01	2.1099699774398419e+00	8.9848511208934745e-01
681	7.5139864751683938e-01	2.1712554124692152e+00	8.9848511208934745e-01
682	7.7260748030965321e-01	2.2325408474985871e+00	8.9848511208934745e-01
683	7.9381631310246725e-01	2.2938262825279607e+00	8.9848511208934745e-01
684	8.1502514589528141e-01	2.3551117175573340e+00	8.9848511208934745e-01
685	8.3623397868809535e-01	2.4163971525867067e+00	8.9848511208934756e-01
686	8.5744281148090928e-01	2.4776825876160795e+00	8.9848511208934745e-01
687	8.7865164427372333e-01	2.5389680226454527e+00	8.9848511208934745e-01
688	8.9279086613559921e-01	2.5798249793317005e+00	8.9848511208934745e-01
689	8.9986047706653738e-01	2.6002534576748255e+00	8.9848511208934745e-01
690	2.7199007262278413e-01	9.6287199543355340e-01	9.1134187889597373e-01
691	2.7786640135228863e-01	9.8367478545835241e-01	9.1134187889597384e-01
692	2.8961905881129785e-01	1.0252803655079503e+00	9.1134187889597384e-01
693	3.0724804499981168e-01	1.0876887355823475e+00	9.1134187889597373e-01
694	3.2487703118832545e-01	1.1500971056567446e+00	9.1134187889597362e-01
695	3.4250601737683917e-01	1.2125054757311415e+00	9.1134187889597373e-01
696	3.6013500356535294e-01	1.2749138458055382e+00	9.1134187889597384e-01
697	3.7776398975386671e-01	1.3373222158799352e+00	9.1134187889597384e-01
698	3.9539297594238065e-01	1.3997305859543325e+00	9.1134187889597362e-01
699	4.1302196213089432e-01	1.4621389560287292e+00	9.1134187889597373e-01
700	4.3065094831940809e-01	1.5245473261031262e+00	9.1134187889597384e-01
701	4.4827993450792192e-01	1.5869556961775233e+00	9.1134187889597384e-01
702	4.6590892069643575e-01	1.6493640662519207e+00	9.1134187889597362e-01
703	4.8353790688494941e-01	1.7117724363263169e+00	9.1134187889597384e-01
704	5.0116689307346318e-01	1.7741808064007143e+00	9.1134187889597384e-01
705	5.1879587926197701e-01	1.8365891764751110e+00	9.1134187889597384e-01
706	5.3642486545049084e-01	1.8989975465495086e+00	9.1134187889597362e-01
707	5.5405385163900456e-01	1.9614059166239051e+00	9.1134187889597373e-01
708	5.7168283782751850e-01	2.0238142866983027e+00	9.1134187889597362e-01
709	5.8931182401603233e-01	2.0862226567726991e+00	9.1134187889597373e-01
710	6.0694081020454582e-01	2.1486310268470961e+00	9.1134187889597373e-01
711	6.2456979639305976e-01	2.2110393969214934e+00	9.1134187889597373e-01
712	6.4219878258157348e-01	2.2734477669958899e+00	9.1134187889597373e-01
713	6.5982776877008731e-01	2.3358561370702868e+00	9.1134187889597373e-01
714	6.7745675495860114e-01	2.3982645071446842e+00	9.1134187889597373e-01
715	6.9508574114711474e-01	2.4606728772190811e+00	9.1134187889597384e-01
716	7.1271472733562857e-01	2.5230812472934776e+00	9.1134187889597373e-01
717	7.3034371352414251e-01	2.5854896173678750e+00	9.1134187889597373e-01
718	7.4209637098315162e-01	2.6270951974174728e+00	9.1134187889597373e-01
719	7.4797269971265612e-01	2.6478979874422719e+00	9.1134187889597373e-01
720	2.1668845030515421e-01	9.7678711044409972e-01	9.2580574155342821e-01
721	2.2136999089816684e-01	9.9789053566974406e-01	9.2580574155342821e-01
722	2.3073307208419200e-01	1.0400973861210323e+00	9.2580574155342821e-01
723	2.4477769386322976e-01	1.1034076617979647e+00	9.2580574155342821e-01
724	2.5882231564226749e-01	1.1667179374748970e+00	9.2580574155342810e-01
725	2.7286693742130524e-01	1.2300282131518292e+00	9.2580574155342821e-01
726	2.8691155920034306e-01	1.2933384888287620e+00	9.2580574155342821e-01
727	3.0095618097938076e-01	1.3566487645056937e+00	9.2580574155342821e-01
728	3.1500080275841863e-01	1.4199590401826265e+00	9.2580574155342810e-01
729	3.2904542453745639e-01	1.4832693158595591e+00	9.2580574155342821e-01
730	3.4309004631649415e-01	1.5465795915364915e+00	9.2580574155342821e-01
731	3.5713466809553190e-01	1.6098898672134236e+00	9.2580574155342832e-01
732	3.7117928987456972e-01	1.6732001428903562e+00	9.2580574155342810e-01
733	3.8522391165360748e-01	1.7365104185672886e+00	9.2580574155342821e-01
734	3.9926853343264523e-01	1.7998206942442212e+00	9.2580574155342821e-01
735	4.1331315521168299e-01	1.8631309699211533e+00	9.2580574155342821e-01
736	4.2735777699072075e-01	1.9264412455980859e+00	9.2580574155342810e-01
737	4.4140239876975851e-01	1.9897515212750179e+00	9.2580574155342821e-01
738	4.5544702054879638e-01	2.0530617969519507e+00	9.2580574155342810e-01
739	4.6949164232783408e-01	2.1163720726288830e+00	9.2580574155342821e-01
740	4.8353626410687184e-01	2.1796823483058154e+00	9.2580574155342821e-01
741	4.9758088588590965e-01	2.2429926239827478e+00	9.2580574155342821e-01
742	5.1162550766494741e-01	2.3063028996596797e+00	9.2580574155342821e-01
743	5.2567012944398517e-01	2.3696131753366125e+00	9.2580574155342821e-01
744	5.3971475122302293e-01	2.4329234510135453e+00	9.2580574155342821e-01
745	5.5375937300206068e-01	2.4962337266904773e+00	9.2580574155342821e-01
746	5.6780399478109844e-01	2.5595440023674096e+00	9.2580574155342821e-01
747	5.8184861656013631e-01	2.6228542780443416e+00	9.2580574155342821e-01
748	5.9121169774616145e-01	2.6650611284956294e+00	9.2580574155342821e-01
749	5.9589323833917407e-01	2.6861645537212744e+00	9.2580574155342821e-01
750	1.6160341436670250e-01	9.8737793212132841e-01	9.4187670006171098e-01
751	1.6509484615857570e-01	1.0087101713955546e+00	9.4187670006171098e-01
752	1.7207770974232212e-01	1.0513746499440071e+00	9.4187670006171098e-01
753	1.8255200511794173e-01	1.1153713677666859e+00	9.4187670006171098e-01
754	1.9302630049356134e-01	1.1793680855893647e+00	9.4187670006171076e-01
755	2.0350059586918093e-01	1.2433648034120430e+00	9.4187670006171098e-01
756	2.1397489124480049e-01	1.3073615212347220e+00	9.4187670006171098e-01
757	2.2444918662042013e-01	1.3713582390574004e+00	9.4187670006171098e-01
758	2.3492348199603977e-01	1.4353549568800796e+00	9.4187670006171076e-01
759	2.4539777737165933e-01	1.4993516747027580e+00	9.4187670006171098e-01
760	2.5587207274727897e-01	1.5633483925254368e+00	9.4187670006171098e-01
761	2.6634636812289852e-01	1.6273451103481156e+00	9.4187670006171098e-01
762	2.7682066349851819e-01	1.6913418281707946e+00	9.4187670006171076e-01
763	2.8729495887413775e-01	1.7553385459934727e+00	9.4187670006171098e-01
764	2.9776925424975736e-01	1.8193352638161517e+00	9.4187670006171098e-01
765	3.0824354962537692e-01	1.8833319816388303e+00	9.4187670006171098e-01
766	3.1871784500099659e-01	1.9473286994615093e+00	9.4187670006171076e-01
767	3.2919214037661615e-01	2.0113254172841875e+00	9.4187670006171098e-01
768	3.3966643575223582e-01	2.0753221351068669e+00	9.4187670006171076e-01
769	3.5014073112785538e-01	2.1393188529295450e+00	9.4187670006171098e-01
770	3.6061502650347499e-01	2.2033155707522241e+00	9.4187670006171098e-01
771	3.7108932187909460e-01	2.2673122885749026e+00	9.4187670006171098e-01
772	3.8156361725471422e-01	2.3313090063975808e+00	9.4187670006171098e-01
773	3.9203791263033383e-01	2.3953057242202598e+00	9.4187670006171098e-01
774	4.0251220800595344e-01	2.4593024420429388e+00	9.4187670006171098e-01
775	4.1298650338157300e-01	2.5232991598656174e+00	9.4187670006171098e-01
776	4.2346079875719261e-01	2.5872958776882955e+00	9.4187670006171098e-01
777	4.3393509413281223e-01	2.6512925955109741e+00	9.4187670006171098e-01
778	4.4091795771655867e-01	2.6939570740594267e+00	9.4187670006171098e-01
779	4.4440938950843184e-01	2.7152893133336531e+00	9.4187670006171098e-01
780	1.0700085744647139e-01	9.9475827611094503e-01	9.5955475442082183e-01
781	1.0931260436661122e-01	1.0162499672614902e+00	9.5955475442082183e-01
782	1.1393609820689085e-01	1.0592333495625803e+00	9.5955475442082183e-01
783	1.2087133896731030e-01	1.1237084230142158e+00	9.5955475442082183e-01
784	1.2780657972772974e-01	1.1881834964658513e+00	9.5955475442082161e-01
785	1.3474182048814914e-01	1.2526585699174864e+00	9.5955475442082183e-01
786	1.4167706124856858e-01	1.3171336433691216e+00	9.5955475442082183e-01
787	1.4861230200898806e-01	1.3816087168207571e+00	9.5955475442082183e-01
788	1.5554754276940752e-01	1.4460837902723929e+00	9.5955475442082161e-01
789	1.6248278352982692e-01	1.5105588637240277e+00	9.5955475442082183e-01
790	1.6941802429024638e-01	1.5750339371756632e+00	9.5955475442082183e-01
791	1.7635326505066579e-01	1.6395090106272983e+00	9.5955475442082205e-01
792	1.8328850581108530e-01	1.7039840840789342e+00	9.5955475442082161e-01
793	1.9022374657150470e-01	1.7684591575305693e+00	9.5955475442082183e-01
794	1.9715898733192413e-01	1.8329342309822045e+00	9.5955475442082183e-01
795	2.0409422809234357e-01	1.8974093044338398e+00	9.5955475442082183e-01
796	2.1102946885276302e-01	1.9618843778854753e+00	9.5955475442082161e-01
797	2.1796470961318246e-01	2.0263594513371106e+00	9.5955475442082183e-01
798	2.2489995037360197e-01	2.0908345247887463e+00	9.5955475442082161e-01
799	2.3183519113402137e-01	2.1553095982403812e+00	9.5955475442082183e-01
800	2.3877043189444080e-01	2.2197846716920169e+00	9.5955475442082183e-01
801	2.4570567265486024e-01	2.2842597451436517e+00	9.5955475442082183e-01
802	2.5264091341527967e-01	2.3487348185952870e+00	9.5955475442082183e-01
803	2.5957615417569913e-01	2.4132098920469223e+00	9.5955475442082183e-01
804	2.6651139493611853e-01	2.4776849654985580e+00	9.5955475442082183e-01
805	2.7344663569653804e-01	2.5421600389501933e+00	9.5955475442082183e-01
806	2.8038187645695739e-01	2.6066351124018281e+00	9.5955475442082183e-01
807	2.8731711721737691e-01	2.6711101858534634e+00	9.5955475442082183e-01
808	2.9194061105765656e-01	2.7140935681545533e+00	9.5955475442082183e-01
809	2.9425235797779631e-01	2.7355852593050987e+00	9.5955475442082183e-01
810	5.3123584068423581e-02	9.9906573614609606e-01	9.7883990463076109e-01
811	5.4271315822988282e-02	1.0206504897048083e+00	9.7883990463076109e-01
812	5.6566779332117699e-02	1.0638199968222319e+00	9.7883990463076109e-01
813	6.0009974595811817e-02	1.1285742574983679e+00	9.7883990463076109e-01
814	6.3453169859505942e-02	1.1933285181745037e+00	9.7883990463076098e-01
815	6.6896365123200061e-02	1.2580827788506397e+00	9.7883990463076109e-01
816	7.0339560386894165e-02	1.3228370395267754e+00	9.7883990463076109e-01
817	7.3782755650588297e-02	1.3875913002029112e+00	9.7883990463076109e-01
818	7.7225950914282415e-02	1.4523455608790472e+00	9.7883990463076098e-01
819	8.0669146177976533e-02	1.5170998215551830e+00	9.7883990463076109e-01
820	8.4112341441670652e-02	1.5818540822313190e+00	9.7883990463076109e-01
821	8.7555536705364770e-02	1.6466083429074545e+00	9.7883990463076131e-01
822	9.0998731969058888e-02	1.7113626035835909e+00	9.7883990463076098e-01
823	9.4441927232753034e-02	1.7761168642597265e+00	9.7883990463076109e-01
824	9.7885122496447124e-02	1.8408711249358625e+00	9.7883990463076109e-01
825	1.0132831776014126e-01	1.9056253856119980e+00	9.7883990463076109e-01
826	1.0477151302383537e-01	1.9703796462881342e+00	9.7883990463076098e-01
827	1.0821470828752951e-01	2.0351339069642700e+00	9.7883990463076109e-01
828	1.1165790355122363e-01	2.0998881676404064e+00	9.7883990463076098e-01
829	1.1510109881491776e-01	2.1646424283165420e+00	9.7883990463076109e-01
830	1.1854429407861186e-01	2.2293966889926780e+00	9.7883990463076109e-01
831	1.2198748934230599e-01	2.2941509496688139e+00	9.7883990463076109e-01
832	1.2543068460600010e-01	2.3589052103449495e+00	9.7883990463076109e-01
833	1.2887387986969423e-01	2.4236594710210850e+00	9.7883990463076109e-01
834	1.3231707513338836e-01	2.4884137316972210e+00	9.7883990463076109e-01
835	1.3576027039708247e-01	2.5531679923733570e+00	9.7883990463076109e-01
836	1.3920346566077657e-01	2.6179222530494926e+00	9.7883990463076109e-01
837	1.4264666092447068e-01	2.6826765137256285e+00	9.7883990463076109e-01
838	1.4494212443360011e-01	2.7258460208430519e+00	9.7883990463076109e-01
839	1.4608985618816481e-01	2.7474307744017641e+00	9.7883990463076109e-01
840	1.7586611865278840e-02	1.0000000000000000e+00	9.9276806867127276e-01
841	1.7966569529034866e-02	1.0216049382716053e+00	9.9276806867127276e-01
842	1.8726484856546915e-02	1.0648148148148151e+00	9.9276806867127276e-01
843	1.9866357847814986e-02	1.1296296296296298e+00	9.9276806867127276e-01
844	2.1006230839083057e-02	1.1944444444444446e+00	9.9276806867127265e-01
845	2.2146103830351128e-02	1.2592592592592593e+00	9.9276806867127276e-01
846	2.3285976821619203e-02	1.3240740740740742e+00	9.9276806867127276e-01
847	2.4425849812887274e-02	1.3888888888888888e+00	9.9276806867127276e-01
848	2.5565722804155352e-02	1.4537037037037039e+00	9.9276806867127265e-01
849	2.6705595795423420e-02	1.5185185185185186e+00	9.9276806867127276e-01
850	2.7845468786691495e-02	1.5833333333333337e+00	9.9276806867127276e-01
851	2.8985341777959563e-02	1.6481481481481479e+00	9.9276806867127299e-01
852	3.0125214769227641e-02	1.7129629629629630e+00	9.9276806867127265e-01
853	3.1265087760495719e-02	1.7777777777777779e+00	9.9276806867127276e-01
854	3.2404960751763787e-02	1.8425925925925928e+00	9.9276806867127276e-01
855	3.3544833743031861e-02	1.9074074074074074e+00	9.9276806867127276e-01
856	3.4684706734299929e-02	1.9722222222222228e+00	9.9276806867127265e-01
857	3.5824579725568004e-02	2.0370370370370376e+00	9.9276806867127276e-01
858	3.6964452716836085e-02	2.1018518518518521e+00	9.9276806867127265e-01
859	3.8104325708104153e-02	2.1666666666666670e+00	9.9276806867127276e-01
860	3.9244198699372221e-02	2.2314814814814818e+00	9.9276806867127276e-01
861	4.0384071690640296e-02	2.2962962962962972e+00	9.9276806867127276e-01
862	4.1523944681908363e-02	2.3611111111111112e+00	9.9276806867127276e-01
863	4.2663817673176445e-02	2.4259259259259260e+00	9.9276806867127276e-01
864	4.3803690664444513e-02	2.4907407407407409e+00	9.9276806867127276e-01
865	4.4943563655712587e-02	2.5555555555555558e+00	9.9276806867127276e-01
866	4.6083436646980655e-02	2.6203703703703702e+00	9.9276806867127276e-01
867	4.7223309638248730e-02	2.6851851851851851e+00	9.9276806867127276e-01
868	4.7983224965760782e-02	2.7283950617283947e+00	9.9276806867127276e-01
869	4.8363182629516797e-02	2.7499999999999996e+00	9.9276806867127276e-01
870	0.0000000000000000e+00	1.0000000000000000e+00	1.0000000000000000e+00
871	0.0000000000000000e+00	1.0216049382716050e+00	1.0000000000000000e+00
872	0.0000000000000000e+00	1.0648148148148149e+00	1.0000000000000000e+00
873	0.0000000000000000e+00	1.1296296296296298e+00	1.0000000000000000e+00
874	0.0000000000000000e+00	1.1944444444444446e+00	9.9999999999999989e-01
875	0.0000000000000000e+00	1.2592592592592593e+00	1.0000000000000000e+00
876	0.0000000000000000e+00	1.3240740740740742e+00	1.0000000000000000e+00
877	0.0000000000000000e+00	1.3888888888888888e+00	1.0000000000000000e+00
878	0.0000000000000000e+00	1.4537037037037039e+00	9.9999999999999989e-01
879	0.0000000000000000e+00	1.5185185185185186e+00	1.0000000000000000e+00
880	0.0000000000000000e+00	1.5833333333333335e+00	1.0000000000000000e+00
881	0.0000000000000000e+00	1.6481481481481479e+00	1.0000000000000002e+00
882	0.0000000000000000e+00	1.7129629629629632e+00	9.9999999999999989e-01
883	0.0000000000000000e+00	1.7777777777777779e+00	1.0000000000000000e+00
884	0.0000000000000000e+00	1.8425925925925928e+00	1.0000000000000000e+00
885	0.0000000000000000e+00	1.9074074074074074e+00	1.0000000000000000e+00
886	0.0000000000000000e+00	1.9722222222222225e+00	9.9999999999999989e-01
887	0.0000000000000000e+00	2.0370370370370372e+00	1.0000000000000000e+00
888	0.0000000000000000e+00	2.1018518518518525e+00	9.9999999999999989e-01
889	0.0000000000000000e+00	2.1666666666666670e+00	1.0000000000000000e+00
890	0.0000000000000000e+00	2.2314814814814818e+00	1.0000000000000000e+00
891	0.0000000000000000e+00	2.2962962962962967e+00	1.0000000000000000e+00
892	0.0000000000000000e+00	2.3611111111111112e+00	1.0000000000000000e+00
893	0.0000000000000000e+00	2.4259259259259260e+00	1.0000000000000000e+00
894	0.0000000000000000e+00	2.4907407407407409e+00	1.0000000000000000e+00
895	0.0000000000000000e+00	2.5555555555555558e+00	1.0000000000000000e+00
896	0.0000000000000000e+00	2.6203703703703702e+00	1.0000000000000000e+00
897	0.0000000000000000e+00	2.6851851851851851e+00	1.0000000000000000e+00
898	0.0000000000000000e+00	2.7283950617283947e+00	1.0000000000000000e+00
899	0.0000000000000000e+00	2.7500000000000000e+00	1.0000000000000000e+00

0   1   0.0
1   1   0.0
2   1   0.0
3   1   0.0
4   1   0.0
5   1   0.0
6   1   0.0
7   1   0.0
8   1   0.0
9   1   0.0
10  1   0.0
11  1   0.0
12  1   0.0
13  1   0.0
14  1   0.0
15  1   0.0
16  1   0.0
17  1   0.0
18  1   0.0
19  1   0.0
20  1   0.0
21  1   0.0
22  1   0.0
23  1   0.0
24  1   0.0
25  1   0.0
26  1   0.0
27  1   0.0
28  1   0.0
29  1   0.0
59  1   0.0
89  1   0.0
119 1   0.0
149 1   0.0
179 1   0.0
209 1   0.0
239 1   0.0
269 1   0.0
299 1   0.0
329 1   0.0
359 1   0.0
389 1   0.0
419 1   0.0
449 1   0.0
479 1   0.0
509 1   0.0
539 1   0.0
569 1   0.0
599 1   0.0
629 1   0.0
659 1   0.0
689 1   0.0
719 1   0.0
749 1   0.0
779 1   0.0
809 1   0.0
839 1   0.0
869 1   0.0
899 1   0.0
29  0   0.0
59  0   0.0
89  0   0.0
119 0   0.0
149 0   0.0
179 0   0.0
209 0   0.0
239 0   0.0
269 0   0.0
299 0   0.0
329 0   0.0
359 0   0.0
389 0   0.0
419 0   0.0
449 0   0.0
479 0   0.0
509 0   0.0
539 0   0.0
569 0   0.0
599 0   0.0
629 0   0.0
659 0   0.0
689 0   0.0
719 0   0.0
749 0   0.0
779 0   0.0
809 0   0.0
839 0   0.0
869 0   0.0
870 0   0.0
871 0   0.0
872 0   0.0
873 0   0.0
874 0   0.0
875 0   0.0
876 0   0.0
877 0   0.0
878 0   0.0
879 0   0.0
880 0   0.0
881 0   0.0
882 0   0.0
883 0   0.0
884 0   0.0
885 0   0.0
886 0   0.0
887 0   0.0
888 0   0.0
889 0   0.0
890 0   0.0
891 0   0.0
892 0   0.0
893 0   0.0
894 0   0.0
895 0   0.0
896 0   0.0
897 0   0.0
898 0   0.0
899 0   0.0