0	0.0000000000e+000	0.0000000000e+000	
1	1.2345679012e-001	0.0000000000e+000	
2	3.7037037037e-001	0.0000000000e+000	
3	7.4074074074e-001	0.0000000000e+000	
4	1.1111111111e+000	0.0000000000e+000	
5	1.4814814815e+000	0.0000000000e+000	
6	1.8518518519e+000	0.0000000000e+000	
7	2.2222222222e+000	0.0000000000e+000	
8	2.5925925926e+000	0.0000000000e+000	
9	2.9629629630e+000	0.0000000000e+000	
10	3.3333333333e+000	0.0000000000e+000	
11	3.7037037037e+000	0.0000000000e+000	
12	4.0740740741e+000	0.0000000000e+000	
13	4.4444444444e+000	0.0000000000e+000	
14	4.8148148148e+000	0.0000000000e+000	
15	5.1851851852e+000	0.0000000000e+000	
16	5.5555555556e+000	0.0000000000e+000	
17	5.9259259259e+000	0.0000000000e+000	
18	6.2962962963e+000	0.0000000000e+000	
19	6.6666666667e+000	0.0000000000e+000	
20	7.0370370370e+000	0.0000000000e+000	
21	7.4074074074e+000	0.0000000000e+000	
22	7.7777777778e+000	0.0000000000e+000	
23	8.1481481481e+000	0.0000000000e+000	
24	8.5185185185e+000	0.0000000000e+000	
25	8.8888888889e+000	0.0000000000e+000	
26	9.2592592593e+000	0.0000000000e+000	
27	9.6296296296e+000	0.0000000000e+000	
28	9.8765432099e+000	0.0000000000e+000	
29	1.0000000000e+001	0.0000000000e+000	
30	0.0000000000e+000	1.2345679012e-001	
31	1.2345679012e-001	1.2345679012e-001	
32	3.7037037037e-001	1.2345679012e-001	
33	7.4074074074e-001	1.2345679012e-001	
34	1.1111111111e+000	1.2345679012e-001	
35	1.4814814815e+000	1.2345679012e-001	
36	1.8518518519e+000	1.2345679012e-001	
37	2.2222222222e+000	1.2345679012e-001	
38	2.5925925926e+000	1.2345679012e-001	
39	2.9629629630e+000	1.2345679012e-001	
40	3.3333333333e+000	1.2345679012e-001	
41	3.7037037037e+000	1.2345679012e-001	
42	4.0740740741e+000	1.2345679012e-001	
43	4.4444444444e+000	1.2345679012e-001	
44	4.8148148148e+000	1.2345679012e-001	
45	5.1851851852e+000	1.2345679012e-001	
46	5.5555555556e+000	1.2345679012e-001	
47	5.9259259259e+000	1.2345679012e-001	
48	6.2962962963e+000	1.2345679012e-001	
49	6.6666666667e+000	1.2345679012e-001	
50	7.0370370370e+000	1.2345679012e-001	
51	7.4074074074e+000	1.2345679012e-001	
52	7.7777777778e+000	1.2345679012e-001	
53	8.1481481481e+000	1.2345679012e-001	
54	8.5185185185e+000	1.2345679012e-001	
55	8.8888888889e+000	1.2345679012e-001	
56	9.2592592593e+000	1.2345679012e-001	
57	9.6296296296e+000	1.2345679012e-001	
58	9.8765432099e+000	1.2345679012e-001	
59	1.0000000000e+001	1.2345679012e-001	
60	0.0000000000e+000	3.7037037037e-001	
61	1.2345679012e-001	3.7037037037e-001	
62	3.7037037037e-001	3.7037037037e-001	
63	7.4074074074e-001	3.7037037037e-001	
64	1.1111111111e+000	3.7037037037e-001	
65	1.4814814815e+000	3.7037037037e-001	
66	1.8518518519e+000	3.7037037037e-001	
67	2.2222222222e+000	3.7037037037e-001	
68	2.5925925926e+000	3.7037037037e-001	
69	2.9629629630e+000	3.7037037037e-001	
70	3.3333333333e+000	3.7037037037e-001	
71	3.7037037037e+000	3.7037037037e-001	
72	4.0740740741e+000	3.7037037037e-001	
73	4.4444444444e+000	3.7037037037e-001	
74	4.8148148148e+000	3.7037037037e-001	
75	5.1851851852e+000	3.7037037037e-001	
76	5.5555555556e+000	3.7037037037e-001	
77	5.9259259259e+000	3.7037037037e-001	
78	6.2962962963e+000	3.7037037037e-001	
79	6.6666666667e+000	3.7037037037e-001	
80	7.0370370370e+000	3.7037037037e-001	
81	7.4074074074e+000	3.7037037037e-001	
82	7.7777777778e+000	3.7037037037e-001	
83	8.1481481481e+000	3.7037037037e-001	
84	8.5185185185e+000	3.7037037037e-001	
85	8.8888888889e+000	3.7037037037e-001	
86	9.2592592593e+000	3.7037037037e-001	
87	9.6296296296e+000	3.7037037037e-001	
88	9.8765432099e+000	3.7037037037e-001	
89	1.0000000000e+001	3.7037037037e-001	
90	0.0000000000e+000	7.4074074074e-001	
91	1.2345679012e-001	7.4074074074e-001	
92	3.7037037037e-001	7.4074074074e-001	
93	7.4074074074e-001	7.4074074074e-001	
94	1.1111111111e+000	7.4074074074e-001	
95	1.4814814815e+000	7.4074074074e-001	
96	1.8518518519e+000	7.4074074074e-001	
97	2.2222222222e+000	7.4074074074e-001	
98	2.5925925926e+000	7.4074074074e-001	
99	2.9629629630e+000	7.4074074074e-001	
100	3.3333333333e+000	7.4074074074e-001	
101	3.7037037037e+000	7.4074074074e-001	
102	4.0740740741e+000	7.4074074074e-001	
103	4.4444444444e+000	7.4074074074e-001	
104	4.8148148148e+000	7.4074074074e-001	
105	5.1851851852e+000	7.4074074074e-001	
106	5.5555555556e+000	7.4074074074e-001	
107	5.9259259259e+000	7.4074074074e-001	
108	6.2962962963e+000	7.4074074074e-001	
109	6.6666666667e+000	7.4074074074e-001	
110	7.0370370370e+000	7.4074074074e-001	
111	7.4074074074e+000	7.4074074074e-001	
112	7.7777777778e+000	7.4074074074e-001	
113	8.1481481481e+000	7.4074074074e-001	
114	8.5185185185e+000	7.4074074074e-001	
115	8.8888888889e+000	7.4074074074e-001	
116	9.2592592593e+000	7.4074074074e-001	
117	9.6296296296e+000	7.4074074074e-001	
118	9.8765432099e+000	7.4074074074e-001	
119	1.0000000000e+001	7.4074074074e-001	
120	0.0000000000e+000	1.1111111111e+000	
121	1.2345679012e-001	1.1111111111e+000	
122	3.7037037037e-001	1.1111111111e+000	
123	7.4074074074e-001	1.1111111111e+000	
124	1.1111111111e+000	1.1111111111e+000	
125	1.4814814815e+000	1.1111111111e+000	
126	1.8518518519e+000	1.1111111111e+000	
127	2.2222222222e+000	1.1111111111e+000	
128	2.5925925926e+000	1.1111111111e+000	
129	2.9629629630e+000	1.1111111111e+000	
130	3.3333333333e+000	1.1111111111e+000	
131	3.7037037037e+000	1.1111111111e+000	
132	4.0740740741e+000	1.1111111111e+000	
133	4.4444444444e+000	1.1111111111e+000	
134	4.8148148148e+000	1.1111111111e+000	
135	5.1851851852e+000	1.1111111111e+000	
136	5.5555555556e+000	1.1111111111e+000	
137	5.9259259259e+000	1.1111111111e+000	
138	6.2962962963e+000	1.1111111111e+000	
139	6.6666666667e+000	1.1111111111e+000	
140	7.0370370370e+000	1.1111111111e+000	
141	7.4074074074e+000	1.1111111111e+000	
142	7.7777777778e+000	1.1111111111e+000	
143	8.1481481481e+000	1.1111111111e+000	
144	8.5185185185e+000	1.1111111111e+000	
145	8.8888888889e+000	1.1111111111e+000	
146	9.2592592593e+000	1.1111111111e+000	
147	9.6296296296e+000	1.1111111111e+000	
148	9.8765432099e+000	1.1111111111e+000	
149	1.0000000000e+001	1.1111111111e+000	
150	0.0000000000e+000	1.4814814815e+000	
151	1.2345679012e-001	1.4814814815e+000	
152	3.7037037037e-001	1.4814814815e+000	
153	7.4074074074e-001	1.4814814815e+000	
154	1.1111111111e+000	1.4814814815e+000	
155	1.4814814815e+000	1.4814814815e+000	
156	1.8518518519e+000	1.4814814815e+000	
157	2.2222222222e+000	1.4814814815e+000	
158	2.5925925926e+000	1.4814814815e+000	
159	2.9629629630e+000	1.4814814815e+000	
160	3.3333333333e+000	1.4814814815e+000	
161	3.7037037037e+000	1.4814814815e+000	
162	4.0740740741e+000	1.4814814815e+000	
163	4.4444444444e+000	1.4814814815e+000	
164	4.8148148148e+000	1.4814814815e+000	
165	5.1851851852e+000	1.4814814815e+000	
166	5.5555555556e+000	1.4814814815e+000	
167	5.9259259259e+000	1.4814814815e+000	
168	6.2962962963e+000	1.4814814815e+000	
169	6.6666666667e+000	1.4814814815e+000	
170	7.0370370370e+000	1.4814814815e+000	
171	7.4074074074e+000	1.4814814815e+000	
172	7.7777777778e+000	1.4814814815e+000	
173	8.1481481481e+000	1.4814814815e+000	
174	8.5185185185e+000	1.4814814815e+000	
175	8.8888888889e+000	1.4814814815e+000	
176	9.2592592593e+000	1.4814814815e+000	
177	9.6296296296e+000	1.4814814815e+000	
178	9.8765432099e+000	1.4814814815e+000	
179	1.0000000000e+001	1.4814814815e+000	
180	0.0000000000e+000	1.8518518519e+000	
181	1.2345679012e-001	1.8518518519e+000	
182	3.7037037037e-001	1.8518518519e+000	
183	7.4074074074e-001	1.8518518519e+000	
184	1.1111111111e+000	1.8518518519e+000	
185	1.4814814815e+000	1.8518518519e+000	
186	1.8518518519e+000	1.8518518519e+000	
187	2.2222222222e+000	1.8518518519e+000	
188	2.5925925926e+000	1.8518518519e+000	
189	2.9629629630e+000	1.8518518519e+000	
190	3.3333333333e+000	1.8518518519e+000	
191	3.7037037037e+000	1.8518518519e+000	
192	4.0740740741e+000	1.8518518519e+000	
193	4.4444444444e+000	1.8518518519e+000	
194	4.8148148148e+000	1.8518518519e+000	
195	5.1851851852e+000	1.8518518519e+000	
196	5.5555555556e+000	1.8518518519e+000	
197	5.9259259259e+000	1.8518518519e+000	
198	6.2962962963e+000	1.8518518519e+000	
199	6.6666666667e+000	1.8518518519e+000	
200	7.0370370370e+000	1.8518518519e+000	
201	7.4074074074e+000	1.8518518519e+000	
202	7.7777777778e+000	1.8518518519e+000	
203	8.1481481481e+000	1.8518518519e+000	
204	8.5185185185e+000	1.8518518519e+000	
205	8.8888888889e+000	1.8518518519e+000	
206	9.2592592593e+000	1.8518518519e+000	
207	9.6296296296e+000	1.8518518519e+000	
208	9.8765432099e+000	1.8518518519e+000	
209	1.0000000000e+001	1.8518518519e+000	
210	0.0000000000e+000	2.2222222222e+000	
211	1.2345679012e-001	2.2222222222e+000	
212	3.7037037037e-001	2.2222222222e+000	
213	7.4074074074e-001	2.2222222222e+000	
214	1.1111111111e+000	2.2222222222e+000	
215	1.4814814815e+000	2.2222222222e+000	
216	1.8518518519e+000	2.2222222222e+000	
217	2.2222222222e+000	2.2222222222e+000	
218	2.5925925926e+000	2.2222222222e+000	
219	2.9629629630e+000	2.2222222222e+000	
220	3.3333333333e+000	2.2222222222e+000	
221	3.7037037037e+000	2.2222222222e+000	
222	4.0740740741e+000	2.2222222222e+000	
223	4.4444444444e+000	2.2222222222e+000	
224	4.8148148148e+000	2.2222222222e+000	
225	5.1851851852e+000	2.2222222222e+000	
226	5.5555555556e+000	2.2222222222e+000	
227	5.9259259259e+000	2.2222222222e+000	
228	6.2962962963e+000	2.2222222222e+000	
229	6.6666666667e+000	2.2222222222e+000	
230	7.0370370370e+000	2.2222222222e+000	
231	7.4074074074e+000	2.2222222222e+000	
232	7.7777777778e+000	2.2222222222e+000	
233	8.1481481481e+000	2.2222222222e+000	
234	8.5185185185e+000	2.2222222222e+000	
235	8.8888888889e+000	2.2222222222e+000	
236	9.2592592593e+000	2.2222222222e+000	
237	9.6296296296e+000	2.2222222222e+000	
238	9.8765432099e+000	2.2222222222e+000	
239	1.0000000000e+001	2.2222222222e+000	
240	0.0000000000e+000	2.5925925926e+000	
241	1.2345679012e-001	2.5925925926e+000	
242	3.7037037037e-001	2.5925925926e+000	
243	7.4074074074e-001	2.5925925926e+000	
244	1.1111111111e+000	2.5925925926e+000	
245	1.4814814815e+000	2.5925925926e+000	
246	1.8518518519e+000	2.5925925926e+000	
247	2.2222222222e+000	2.5925925926e+000	
248	2.5925925926e+000	2.5925925926e+000	
249	2.9629629630e+000	2.5925925926e+000	
250	3.3333333333e+000	2.5925925926e+000	
251	3.7037037037e+000	2.5925925926e+000	
252	4.0740740741e+000	2.5925925926e+000	
253	4.4444444444e+000	2.5925925926e+000	
254	4.8148148148e+000	2.5925925926e+000	
255	5.1851851852e+000	2.5925925926e+000	
256	5.5555555556e+000	2.5925925926e+000	
257	5.9259259259e+000	2.5925925926e+000	
258	6.2962962963e+000	2.5925925926e+000	
259	6.6666666667e+000	2.5925925926e+000	
260	7.0370370370e+000	2.5925925926e+000	
261	7.4074074074e+000	2.5925925926e+000	
262	7.7777777778e+000	2.5925925926e+000	
263	8.1481481481e+000	2.5925925926e+000	
264	8.5185185185e+000	2.5925925926e+000	
265	8.8888888889e+000	2.5925925926e+000	
266	9.2592592593e+000	2.5925925926e+000	
267	9.6296296296e+000	2.5925925926e+000	
268	9.8765432099e+000	2.5925925926e+000	
269	1.0000000000e+001	2.5925925926e+000	
270	0.0000000000e+000	2.9629629630e+000	
271	1.2345679012e-001	2.9629629630e+000	
272	3.7037037037e-001	2.9629629630e+000	
273	7.4074074074e-001	2.9629629630e+000	
274	1.1111111111e+000	2.9629629630e+000	
275	1.4814814815e+000	2.9629629630e+000	
276	1.8518518519e+000	2.9629629630e+000	
277	2.2222222222e+000	2.9629629630e+000	
278	2.5925925926e+000	2.9629629630e+000	
279	2.9629629630e+000	2.9629629630e+000	
280	3.3333333333e+000	2.9629629630e+000	
281	3.7037037037e+000	2.9629629630e+000	
282	4.0740740741e+000	2.9629629630e+000	
283	4.4444444444e+000	2.9629629630e+000	
284	4.8148148148e+000	2.9629629630e+000	
285	5.1851851852e+000	2.9629629630e+000	
286	5.5555555556e+000	2.9629629630e+000	
287	5.9259259259e+000	2.9629629630e+000	
288	6.2962962963e+000	2.9629629630e+000	
289	6.6666666667e+000	2.9629629630e+000	
290	7.0370370370e+000	2.9629629630e+000	
291	7.4074074074e+000	2.9629629630e+000	
292	7.7777777778e+000	2.9629629630e+000	
293	8.1481481481e+000	2.9629629630e+000	
294	8.5185185185e+000	2.9629629630e+000	
295	8.8888888889e+000	2.9629629630e+000	
296	9.2592592593e+000	2.9629629630e+000	
297	9.6296296296e+000	2.9629629630e+000	
298	9.8765432099e+000	2.9629629630e+000	
299	1.0000000000e+001	2.9629629630e+000	
300	0.0000000000e+000	3.3333333333e+000	
301	1.2345679012e-001	3.3333333333e+000	
302	3.7037037037e-001	3.3333333333e+000	
303	7.4074074074e-001	3.3333333333e+000	
304	1.1111111111e+000	3.3333333333e+000	
305	1.4814814815e+000	3.3333333333e+000	
306	1.8518518519e+000	3.3333333333e+000	
307	2.2222222222e+000	3.3333333333e+000	
308	2.5925925926e+000	3.3333333333e+000	
309	2.9629629630e+000	3.3333333333e+000	
310	3.3333333333e+000	3.3333333333e+000	
311	3.7037037037e+000	3.3333333333e+000	
312	4.0740740741e+000	3.3333333333e+000	
313	4.4444444444e+000	3.3333333333e+000	
314	4.8148148148e+000	3.3333333333e+000	
315	5.1851851852e+000	3.3333333333e+000	
316	5.5555555556e+000	3.3333333333e+000	
317	5.9259259259e+000	3.3333333333e+000	
318	6.2962962963e+000	3.3333333333e+000	
319	6.6666666667e+000	3.3333333333e+000	
320	7.0370370370e+000	3.3333333333e+000	
321	7.4074074074e+000	3.3333333333e+000	
322	7.7777777778e+000	3.3333333333e+000	
323	8.1481481481e+000	3.3333333333e+000	
324	8.5185185185e+000	3.3333333333e+000	
325	8.8888888889e+000	3.3333333333e+000	
326	9.2592592593e+000	3.3333333333e+000	
327	9.6296296296e+000	3.3333333333e+000	
328	9.8765432099e+000	3.3333333333e+000	
329	1.0000000000e+001	3.3333333333e+000	
330	0.0000000000e+000	3.7037037037e+000	
331	1.2345679012e-001	3.7037037037e+000	
332	3.7037037037e-001	3.7037037037e+000	
333	7.4074074074e-001	3.7037037037e+000	
334	1.1111111111e+000	3.7037037037e+000	
335	1.4814814815e+000	3.7037037037e+000	
336	1.8518518519e+000	3.7037037037e+000	
337	2.2222222222e+000	3.7037037037e+000	
338	2.5925925926e+000	3.7037037037e+000	
339	2.9629629630e+000	3.7037037037e+000	
340	3.3333333333e+000	3.7037037037e+000	
341	3.7037037037e+000	3.7037037037e+000	
342	4.0740740741e+000	3.7037037037e+000	
343	4.4444444444e+000	3.7037037037e+000	
344	4.8148148148e+000	3.7037037037e+000	
345	5.1851851852e+000	3.7037037037e+000	
346	5.5555555556e+000	3.7037037037e+000	
347	5.9259259259e+000	3.7037037037e+000	
348	6.2962962963e+000	3.7037037037e+000	
349	6.6666666667e+000	3.7037037037e+000	
350	7.0370370370e+000	3.7037037037e+000	
351	7.4074074074e+000	3.7037037037e+000	
352	7.7777777778e+000	3.7037037037e+000	
353	8.1481481481e+000	3.7037037037e+000	
354	8.5185185185e+000	3.7037037037e+000	
355	8.8888888889e+000	3.7037037037e+000	
356	9.2592592593e+000	3.7037037037e+000	
357	9.6296296296e+000	3.7037037037e+000	
358	9.8765432099e+000	3.7037037037e+000	
359	1.0000000000e+001	3.7037037037e+000	
360	0.0000000000e+000	4.0740740741e+000	
361	1.2345679012e-001	4.0740740741e+000	
362	3.7037037037e-001	4.0740740741e+000	
363	7.4074074074e-001	4.0740740741e+000	
364	1.1111111111e+000	4.0740740741e+000	
365	1.4814814815e+000	4.0740740741e+000	
366	1.8518518519e+000	4.0740740741e+000	
367	2.2222222222e+000	4.0740740741e+000	
368	2.5925925926e+000	4.0740740741e+000	
369	2.9629629630e+000	4.0740740741e+000	
370	3.3333333333e+000	4.0740740741e+000	
371	3.7037037037e+000	4.0740740741e+000	
372	4.0740740741e+000	4.0740740741e+000	
373	4.4444444444e+000	4.0740740741e+000	
374	4.8148148148e+000	4.0740740741e+000	
375	5.1851851852e+000	4.0740740741e+000	
376	5.5555555556e+000	4.0740740741e+000	
377	5.9259259259e+000	4.0740740741e+000	
378	6.2962962963e+000	4.0740740741e+000	
379	6.6666666667e+000	4.0740740741e+000	
380	7.0370370370e+000	4.0740740741e+000	
381	7.4074074074e+000	4.0740740741e+000	
382	7.7777777778e+000	4.0740740741e+000	
383	8.1481481481e+000	4.0740740741e+000	
384	8.5185185185e+000	4.0740740741e+000	
385	8.8888888889e+000	4.0740740741e+000	
386	9.2592592593e+000	4.0740740741e+000	
387	9.6296296296e+000	4.0740740741e+000	
388	9.8765432099e+000	4.0740740741e+000	
389	1.0000000000e+001	4.0740740741e+000	
390	0.0000000000e+000	4.4444444444e+000	
391	1.2345679012e-001	4.4444444444e+000	
392	3.7037037037e-001	4.4444444444e+000	
393	7.4074074074e-001	4.4444444444e+000	
394	1.1111111111e+000	4.4444444444e+000	
395	1.4814814815e+000	4.4444444444e+000	
396	1.8518518519e+000	4.4444444444e+000	
397	2.2222222222e+000	4.4444444444e+000	
398	2.5925925926e+000	4.4444444444e+000	
399	2.9629629630e+000	4.4444444444e+000	
400	3.3333333333e+000	4.4444444444e+000	
401	3.7037037037e+000	4.4444444444e+000	
402	4.0740740741e+000	4.4444444444e+000	
403	4.4444444444e+000	4.4444444444e+000	
404	4.8148148148e+000	4.4444444444e+000	
405	5.1851851852e+000	4.4444444444e+000	
406	5.5555555556e+000	4.4444444444e+000	
407	5.9259259259e+000	4.4444444444e+000	
408	6.2962962963e+000	4.4444444444e+000	
409	6.6666666667e+000	4.4444444444e+000	
410	7.0370370370e+000	4.4444444444e+000	
411	7.4074074074e+000	4.4444444444e+000	
412	7.7777777778e+000	4.4444444444e+000	
413	8.1481481481e+000	4.4444444444e+000	
414	8.5185185185e+000	4.4444444444e+000	
415	8.8888888889e+000	4.4444444444e+000	
416	9.2592592593e+000	4.4444444444e+000	
417	9.6296296296e+000	4.4444444444e+000	
418	9.8765432099e+000	4.4444444444e+000	
419	1.0000000000e+001	4.4444444444e+000	
420	0.0000000000e+000	4.8148148148e+000	
421	1.2345679012e-001	4.8148148148e+000	
422	3.7037037037e-001	4.8148148148e+000	
423	7.4074074074e-001	4.8148148148e+000	
424	1.1111111111e+000	4.8148148148e+000	
425	1.4814814815e+000	4.8148148148e+000	
426	1.8518518519e+000	4.8148148148e+000	
427	2.2222222222e+000	4.8148148148e+000	
428	2.5925925926e+000	4.8148148148e+000	
429	2.9629629630e+000	4.8148148148e+000	
430	3.3333333333e+000	4.8148148148e+000	
431	3.7037037037e+000	4.8148148148e+000	
432	4.0740740741e+000	4.8148148148e+000	
433	4.4444444444e+000	4.8148148148e+000	
434	4.8148148148e+000	4.8148148148e+000	
435	5.1851851852e+000	4.8148148148e+000	
436	5.5555555556e+000	4.8148148148e+000	
437	5.9259259259e+000	4.8148148148e+000	
438	6.2962962963e+000	4.8148148148e+000	
439	6.6666666667e+000	4.8148148148e+000	
440	7.0370370370e+000	4.8148148148e+000	
441	7.4074074074e+000	4.8148148148e+000	
442	7.7777777778e+000	4.8148148148e+000	
443	8.1481481481e+000	4.8148148148e+000	
444	8.5185185185e+000	4.8148148148e+000	
445	8.8888888889e+000	4.8148148148e+000	
446	9.2592592593e+000	4.8148148148e+000	
447	9.6296296296e+000	4.8148148148e+000	
448	9.8765432099e+000	4.8148148148e+000	
449	1.0000000000e+001	4.8148148148e+000	
450	0.0000000000e+000	5.1851851852e+000	
451	1.2345679012e-001	5.1851851852e+000	
452	3.7037037037e-001	5.1851851852e+000	
453	7.4074074074e-001	5.1851851852e+000	
454	1.1111111111e+000	5.1851851852e+000	
455	1.4814814815e+000	5.1851851852e+000	
456	1.8518518519e+000	5.1851851852e+000	
457	2.2222222222e+000	5.1851851852e+000	
458	2.5925925926e+000	5.1851851852e+000	
459	2.9629629630e+000	5.1851851852e+000	
460	3.3333333333e+000	5.1851851852e+000	
461	3.7037037037e+000	5.1851851852e+000	
462	4.0740740741e+000	5.1851851852e+000	
463	4.4444444444e+000	5.1851851852e+000	
464	4.8148148148e+000	5.1851851852e+000	
465	5.1851851852e+000	5.1851851852e+000	
466	5.5555555556e+000	5.1851851852e+000	
467	5.9259259259e+000	5.1851851852e+000	
468	6.2962962963e+000	5.1851851852e+000	
469	6.6666666667e+000	5.1851851852e+000	
470	7.0370370370e+000	5.1851851852e+000	
471	7.4074074074e+000	5.1851851852e+000	
472	7.7777777778e+000	5.1851851852e+000	
473	8.1481481481e+000	5.1851851852e+000	
474	8.5185185185e+000	5.1851851852e+000	
475	8.8888888889e+000	5.1851851852e+000	
476	9.2592592593e+000	5.1851851852e+000	
477	9.6296296296e+000	5.1851851852e+000	
478	9.8765432099e+000	5.1851851852e+000	
479	1.0000000000e+001	5.1851851852e+000	
480	0.0000000000e+000	5.5555555556e+000	
481	1.2345679012e-001	5.5555555556e+000	
482	3.7037037037e-001	5.5555555556e+000	
483	7.4074074074e-001	5.5555555556e+000	
484	1.1111111111e+000	5.5555555556e+000	
485	1.4814814815e+000	5.5555555556e+000	
486	1.8518518519e+000	5.5555555556e+000	
487	2.2222222222e+000	5.5555555556e+000	
488	2.5925925926e+000	5.5555555556e+000	
489	2.9629629630e+000	5.5555555556e+000	
490	3.3333333333e+000	5.5555555556e+000	
491	3.7037037037e+000	5.5555555556e+000	
492	4.0740740741e+000	5.5555555556e+000	
493	4.4444444444e+000	5.5555555556e+000	
494	4.8148148148e+000	5.5555555556e+000	
495	5.1851851852e+000	5.5555555556e+000	
496	5.5555555556e+000	5.5555555556e+000	
497	5.9259259259e+000	5.5555555556e+000	
498	6.2962962963e+000	5.5555555556e+000	
499	6.6666666667e+000	5.5555555556e+000	
500	7.0370370370e+000	5.5555555556e+000	
501	7.4074074074e+000	5.5555555556e+000	
502	7.7777777778e+000	5.5555555556e+000	
503	8.1481481481e+000	5.5555555556e+000	
504	8.5185185185e+000	5.5555555556e+000	
505	8.8888888889e+000	5.5555555556e+000	
506	9.2592592593e+000	5.5555555556e+000	
507	9.6296296296e+000	5.5555555556e+000	
508	9.8765432099e+000	5.5555555556e+000	
509	1.0000000000e+001	5.5555555556e+000	
510	0.0000000000e+000	5.9259259259e+000	
511	1.2345679012e-001	5.9259259259e+000	
512	3.7037037037e-001	5.9259259259e+000	
513	7.4074074074e-001	5.9259259259e+000	
514	1.1111111111e+000	5.9259259259e+000	
515	1.4814814815e+000	5.9259259259e+000	
516	1.8518518519e+000	5.9259259259e+000	
517	2.2222222222e+000	5.9259259259e+000	
518	2.5925925926e+000	5.9259259259e+000	
519	2.9629629630e+000	5.9259259259e+000	
520	3.3333333333e+000	5.9259259259e+000	
521	3.7037037037e+000	5.9259259259e+000	
522	4.0740740741e+000	5.9259259259e+000	
523	4.4444444444e+000	5.9259259259e+000	
524	4.8148148148e+000	5.9259259259e+000	
525	5.1851851852e+000	5.9259259259e+000	
526	5.5555555556e+000	5.9259259259e+000	
527	5.9259259259e+000	5.9259259259e+000	
528	6.2962962963e+000	5.9259259259e+000	
529	6.6666666667e+000	5.9259259259e+000	
530	7.0370370370e+000	5.9259259259e+000	
531	7.4074074074e+000	5.9259259259e+000	
532	7.7777777778e+000	5.9259259259e+000	
533	8.1481481481e+000	5.9259259259e+000	
534	8.5185185185e+000	5.9259259259e+000	
535	8.8888888889e+000	5.9259259259e+000	
536	9.2592592593e+000	5.9259259259e+000	
537	9.6296296296e+000	5.9259259259e+000	
538	9.8765432099e+000	5.9259259259e+000	
539	1.0000000000e+001	5.9259259259e+000	
540	0.0000000000e+000	6.2962962963e+000	
541	1.2345679012e-001	6.2962962963e+000	
542	3.7037037037e-001	6.2962962963e+000	
543	7.4074074074e-001	6.2962962963e+000	
544	1.1111111111e+000	6.2962962963e+000	
545	1.4814814815e+000	6.2962962963e+000	
546	1.8518518519e+000	6.2962962963e+000	
547	2.2222222222e+000	6.2962962963e+000	
548	2.5925925926e+000	6.2962962963e+000	
549	2.9629629630e+000	6.2962962963e+000	
550	3.3333333333e+000	6.2962962963e+000	
551	3.7037037037e+000	6.2962962963e+000	
552	4.0740740741e+000	6.2962962963e+000	
553	4.4444444444e+000	6.2962962963e+000	
554	4.8148148148e+000	6.2962962963e+000	
555	5.1851851852e+000	6.2962962963e+000	
556	5.5555555556e+000	6.2962962963e+000	
557	5.9259259259e+000	6.2962962963e+000	
558	6.2962962963e+000	6.2962962963e+000	
559	6.6666666667e+000	6.2962962963e+000	
560	7.0370370370e+000	6.2962962963e+000	
561	7.4074074074e+000	6.2962962963e+000	
562	7.7777777778e+000	6.2962962963e+000	
563	8.1481481481e+000	6.2962962963e+000	
564	8.5185185185e+000	6.2962962963e+000	
565	8.8888888889e+000	6.2962962963e+000	
566	9.2592592593e+000	6.2962962963e+000	
567	9.6296296296e+000	6.2962962963e+000	
568	9.8765432099e+000	6.2962962963e+000	
569	1.0000000000e+001	6.2962962963e+000	
570	0.0000000000e+000	6.6666666667e+000	
571	1.2345679012e-001	6.6666666667e+000	
572	3.7037037037e-001	6.6666666667e+000	
573	7.4074074074e-001	6.6666666667e+000	
574	1.1111111111e+000	6.6666666667e+000	
575	1.4814814815e+000	6.6666666667e+000	
576	1.8518518519e+000	6.6666666667e+000	
577	2.2222222222e+000	6.6666666667e+000	
578	2.5925925926e+000	6.6666666667e+000	
579	2.9629629630e+000	6.6666666667e+000	
580	3.3333333333e+000	6.6666666667e+000	
581	3.7037037037e+000	6.6666666667e+000	
582	4.0740740741e+000	6.6666666667e+000	
583	4.4444444444e+000	6.6666666667e+000	
584	4.8148148148e+000	6.6666666667e+000	
585	5.1851851852e+000	6.6666666667e+000	
586	5.5555555556e+000	6.6666666667e+000	
587	5.9259259259e+000	6.6666666667e+000	
588	6.2962962963e+000	6.6666666667e+000	
589	6.6666666667e+000	6.6666666667e+000	
590	7.0370370370e+000	6.6666666667e+000	
591	7.4074074074e+000	6.6666666667e+000	
592	7.7777777778e+000	6.6666666667e+000	
593	8.1481481481e+000	6.6666666667e+000	
594	8.5185185185e+000	6.6666666667e+000	
595	8.8888888889e+000	6.6666666667e+000	
596	9.2592592593e+000	6.6666666667e+000	
597	9.6296296296e+000	6.6666666667e+000	
598	9.8765432099e+000	6.6666666667e+000	
599	1.0000000000e+001	6.6666666667e+000	
600	0.0000000000e+000	7.0370370370e+000	
601	1.2345679012e-001	7.0370370370e+000	
602	3.7037037037e-001	7.0370370370e+000	
603	7.4074074074e-001	7.0370370370e+000	
604	1.1111111111e+000	7.0370370370e+000	
605	1.4814814815e+000	7.0370370370e+000	
606	1.8518518519e+000	7.0370370370e+000	
607	2.2222222222e+000	7.0370370370e+000	
608	2.5925925926e+000	7.0370370370e+000	
609	2.9629629630e+000	7.0370370370e+000	
610	3.3333333333e+000	7.0370370370e+000	
611	3.7037037037e+000	7.0370370370e+000	
612	4.0740740741e+000	7.0370370370e+000	
613	4.4444444444e+000	7.0370370370e+000	
614	4.8148148148e+000	7.0370370370e+000	
615	5.1851851852e+000	7.0370370370e+000	
616	5.5555555556e+000	7.0370370370e+000	
617	5.9259259259e+000	7.0370370370e+000	
618	6.2962962963e+000	7.0370370370e+000	
619	6.6666666667e+000	7.0370370370e+000	
620	7.0370370370e+000	7.0370370370e+000	
621	7.4074074074e+000	7.0370370370e+000	
622	7.7777777778e+000	7.0370370370e+000	
623	8.1481481481e+000	7.0370370370e+000	
624	8.5185185185e+000	7.0370370370e+000	
625	8.8888888889e+000	7.0370370370e+000	
626	9.2592592593e+000	7.0370370370e+000	
627	9.6296296296e+000	7.0370370370e+000	
628	9.8765432099e+000	7.0370370370e+000	
629	1.0000000000e+001	7.0370370370e+000	
630	0.0000000000e+000	7.4074074074e+000	
631	1.2345679012e-001	7.4074074074e+000	
632	3.7037037037e-001	7.4074074074e+000	
633	7.4074074074e-001	7.4074074074e+000	
634	1.1111111111e+000	7.4074074074e+000	
635	1.4814814815e+000	7.4074074074e+000	
636	1.8518518519e+000	7.4074074074e+000	
637	2.2222222222e+000	7.4074074074e+000	
638	2.5925925926e+000	7.4074074074e+000	
639	2.9629629630e+000	7.4074074074e+000	
640	3.3333333333e+000	7.4074074074e+000	
641	3.7037037037e+000	7.4074074074e+000	
642	4.0740740741e+000	7.4074074074e+000	
643	4.4444444444e+000	7.4074074074e+000	
644	4.8148148148e+000	7.4074074074e+000	
645	5.1851851852e+000	7.4074074074e+000	
646	5.5555555556e+000	7.4074074074e+000	
647	5.9259259259e+000	7.4074074074e+000	
648	6.2962962963e+000	7.4074074074e+000	
649	6.6666666667e+000	7.4074074074e+000	
650	7.0370370370e+000	7.4074074074e+000	
651	7.4074074074e+000	7.4074074074e+000	
652	7.7777777778e+000	7.4074074074e+000	
653	8.1481481481e+000	7.4074074074e+000	
654	8.5185185185e+000	7.4074074074e+000	
655	8.8888888889e+000	7.4074074074e+000	
656	9.2592592593e+000	7.4074074074e+000	
657	9.6296296296e+000	7.4074074074e+000	
658	9.8765432099e+000	7.4074074074e+000	
659	1.0000000000e+001	7.4074074074e+000	
660	0.0000000000e+000	7.7777777778e+000	
661	1.2345679012e-001	7.7777777778e+000	
662	3.7037037037e-001	7.7777777778e+000	
663	7.4074074074e-001	7.7777777778e+000	
664	1.1111111111e+000	7.7777777778e+000	
665	1.4814814815e+000	7.7777777778e+000	
666	1.8518518519e+000	7.7777777778e+000	
667	2.2222222222e+000	7.7777777778e+000	
668	2.5925925926e+000	7.7777777778e+000	
669	2.9629629630e+000	7.7777777778e+000	
670	3.3333333333e+000	7.7777777778e+000	
671	3.7037037037e+000	7.7777777778e+000	
672	4.0740740741e+000	7.7777777778e+000	
673	4.4444444444e+000	7.7777777778e+000	
674	4.8148148148e+000	7.7777777778e+000	
675	5.1851851852e+000	7.7777777778e+000	
676	5.5555555556e+000	7.7777777778e+000	
677	5.9259259259e+000	7.7777777778e+000	
678	6.2962962963e+000	7.7777777778e+000	
679	6.6666666667e+000	7.7777777778e+000	
680	7.0370370370e+000	7.7777777778e+000	
681	7.4074074074e+000	7.7777777778e+000	
682	7.7777777778e+000	7.7777777778e+000	
683	8.1481481481e+000	7.7777777778e+000	
684	8.5185185185e+000	7.7777777778e+000	
685	8.8888888889e+000	7.7777777778e+000	
686	9.2592592593e+000	7.7777777778e+000	
687	9.6296296296e+000	7.7777777778e+000	
688	9.8765432099e+000	7.7777777778e+000	
689	1.0000000000e+001	7.7777777778e+000	
690	0.0000000000e+000	8.1481481481e+000	
691	1.2345679012e-001	8.1481481481e+000	
692	3.7037037037e-001	8.1481481481e+000	
693	7.4074074074e-001	8.1481481481e+000	
694	1.1111111111e+000	8.1481481481e+000	
695	1.4814814815e+000	8.1481481481e+000	
696	1.8518518519e+000	8.1481481481e+000	
697	2.2222222222e+000	8.1481481481e+000	
698	2.5925925926e+000	8.1481481481e+000	
699	2.9629629630e+000	8.1481481481e+000	
700	3.3333333333e+000	8.1481481481e+000	
701	3.7037037037e+000	8.1481481481e+000	
702	4.0740740741e+000	8.1481481481e+000	
703	4.4444444444e+000	8.1481481481e+000	
704	4.8148148148e+000	8.1481481481e+000	
705	5.1851851852e+000	8.1481481481e+000	
706	5.5555555556e+000	8.1481481481e+000	
707	5.9259259259e+000	8.1481481481e+000	
708	6.2962962963e+000	8.1481481481e+000	
709	6.6666666667e+000	8.1481481481e+000	
710	7.0370370370e+000	8.1481481481e+000	
711	7.4074074074e+000	8.1481481481e+000	
712	7.7777777778e+000	8.1481481481e+000	
713	8.1481481481e+000	8.1481481481e+000	
714	8.5185185185e+000	8.1481481481e+000	
715	8.8888888889e+000	8.1481481481e+000	
716	9.2592592593e+000	8.1481481481e+000	
717	9.6296296296e+000	8.1481481481e+000	
718	9.8765432099e+000	8.1481481481e+000	
719	1.0000000000e+001	8.1481481481e+000	
720	0.0000000000e+000	8.5185185185e+000	
721	1.2345679012e-001	8.5185185185e+000	
722	3.7037037037e-001	8.5185185185e+000	
723	7.4074074074e-001	8.5185185185e+000	
724	1.1111111111e+000	8.5185185185e+000	
725	1.4814814815e+000	8.5185185185e+000	
726	1.8518518519e+000	8.5185185185e+000	
727	2.2222222222e+000	8.5185185185e+000	
728	2.5925925926e+000	8.5185185185e+000	
729	2.9629629630e+000	8.5185185185e+000	
730	3.3333333333e+000	8.5185185185e+000	
731	3.7037037037e+000	8.5185185185e+000	
732	4.0740740741e+000	8.5185185185e+000	
733	4.4444444444e+000	8.5185185185e+000	
734	4.8148148148e+000	8.5185185185e+000	
735	5.1851851852e+000	8.5185185185e+000	
736	5.5555555556e+000	8.5185185185e+000	
737	5.9259259259e+000	8.5185185185e+000	
738	6.2962962963e+000	8.5185185185e+000	
739	6.6666666667e+000	8.5185185185e+000	
740	7.0370370370e+000	8.5185185185e+000	
741	7.4074074074e+000	8.5185185185e+000	
742	7.7777777778e+000	8.5185185185e+000	
743	8.1481481481e+000	8.5185185185e+000	
744	8.5185185185e+000	8.5185185185e+000	
745	8.8888888889e+000	8.5185185185e+000	
746	9.2592592593e+000	8.5185185185e+000	
747	9.6296296296e+000	8.5185185185e+000	
748	9.8765432099e+000	8.5185185185e+000	
749	1.0000000000e+001	8.5185185185e+000	
750	0.0000000000e+000	8.8888888889e+000	
751	1.2345679012e-001	8.8888888889e+000	
752	3.7037037037e-001	8.8888888889e+000	
753	7.4074074074e-001	8.8888888889e+000	
754	1.1111111111e+000	8.8888888889e+000	
755	1.4814814815e+000	8.8888888889e+000	
756	1.8518518519e+000	8.8888888889e+000	
757	2.2222222222e+000	8.8888888889e+000	
758	2.5925925926e+000	8.8888888889e+000	
759	2.9629629630e+000	8.8888888889e+000	
760	3.3333333333e+000	8.8888888889e+000	
761	3.7037037037e+000	8.8888888889e+000	
762	4.0740740741e+000	8.8888888889e+000	
763	4.4444444444e+000	8.8888888889e+000	
764	4.8148148148e+000	8.8888888889e+000	
765	5.1851851852e+000	8.8888888889e+000	
766	5.5555555556e+000	8.8888888889e+000	
767	5.9259259259e+000	8.8888888889e+000	
768	6.2962962963e+000	8.8888888889e+000	
769	6.6666666667e+000	8.8888888889e+000	
770	7.0370370370e+000	8.8888888889e+000	
771	7.4074074074e+000	8.8888888889e+000	
772	7.7777777778e+000	8.8888888889e+000	
773	8.1481481481e+000	8.8888888889e+000	
774	8.5185185185e+000	8.8888888889e+000	
775	8.8888888889e+000	8.8888888889e+000	
776	9.2592592593e+000	8.8888888889e+000	
777	9.6296296296e+000	8.8888888889e+000	
778	9.8765432099e+000	8.8888888889e+000	
779	1.0000000000e+001	8.8888888889e+000	
780	0.0000000000e+000	9.2592592593e+000	
781	1.2345679012e-001	9.2592592593e+000	
782	3.7037037037e-001	9.2592592593e+000	
783	7.4074074074e-001	9.2592592593e+000	
784	1.1111111111e+000	9.2592592593e+000	
785	1.4814814815e+000	9.2592592593e+000	
786	1.8518518519e+000	9.2592592593e+000	
787	2.2222222222e+000	9.2592592593e+000	
788	2.5925925926e+000	9.2592592593e+000	
789	2.9629629630e+000	9.2592592593e+000	
790	3.3333333333e+000	9.2592592593e+000	
791	3.7037037037e+000	9.2592592593e+000	
792	4.0740740741e+000	9.2592592593e+000	
793	4.4444444444e+000	9.2592592593e+000	
794	4.8148148148e+000	9.2592592593e+000	
795	5.1851851852e+000	9.2592592593e+000	
796	5.5555555556e+000	9.2592592593e+000	
797	5.9259259259e+000	9.2592592593e+000	
798	6.2962962963e+000	9.2592592593e+000	
799	6.6666666667e+000	9.2592592593e+000	
800	7.0370370370e+000	9.2592592593e+000	
801	7.4074074074e+000	9.2592592593e+000	
802	7.7777777778e+000	9.2592592593e+000	
803	8.1481481481e+000	9.2592592593e+000	
804	8.5185185185e+000	9.2592592593e+000	
805	8.8888888889e+000	9.2592592593e+000	
806	9.2592592593e+000	9.2592592593e+000	
807	9.6296296296e+000	9.2592592593e+000	
808	9.8765432099e+000	9.2592592593e+000	
809	1.0000000000e+001	9.2592592593e+000	
810	0.0000000000e+000	9.6296296296e+000	
811	1.2345679012e-001	9.6296296296e+000	
812	3.7037037037e-001	9.6296296296e+000	
813	7.4074074074e-001	9.6296296296e+000	
814	1.1111111111e+000	9.6296296296e+000	
815	1.4814814815e+000	9.6296296296e+000	
816	1.8518518519e+000	9.6296296296e+000	
817	2.2222222222e+000	9.6296296296e+000	
818	2.5925925926e+000	9.6296296296e+000	
819	2.9629629630e+000	9.6296296296e+000	
820	3.3333333333e+000	9.6296296296e+000	
821	3.7037037037e+000	9.6296296296e+000	
822	4.0740740741e+000	9.6296296296e+000	
823	4.4444444444e+000	9.6296296296e+000	
824	4.8148148148e+000	9.6296296296e+000	
825	5.1851851852e+000	9.6296296296e+000	
826	5.5555555556e+000	9.6296296296e+000	
827	5.9259259259e+000	9.6296296296e+000	
828	6.2962962963e+000	9.6296296296e+000	
829	6.6666666667e+000	9.6296296296e+000	
830	7.0370370370e+000	9.6296296296e+000	
831	7.4074074074e+000	9.6296296296e+000	
832	7.7777777778e+000	9.6296296296e+000	
833	8.1481481481e+000	9.6296296296e+000	
834	8.5185185185e+000	9.6296296296e+000	
835	8.8888888889e+000	9.6296296296e+000	
836	9.2592592593e+000	9.6296296296e+000	
837	9.6296296296e+000	9.6296296296e+000	
838	9.8765432099e+000	9.6296296296e+000	
839	1.0000000000e+001	9.6296296296e+000	
840	0.0000000000e+000	9.8765432099e+000	
841	1.2345679012e-001	9.8765432099e+000	
842	3.7037037037e-001	9.8765432099e+000	
843	7.4074074074e-001	9.8765432099e+000	
844	1.1111111111e+000	9.8765432099e+000	
845	1.4814814815e+000	9.8765432099e+000	
846	1.8518518519e+000	9.8765432099e+000	
847	2.2222222222e+000	9.8765432099e+000	
848	2.5925925926e+000	9.8765432099e+000	
849	2.9629629630e+000	9.8765432099e+000	
850	3.3333333333e+000	9.8765432099e+000	
851	3.7037037037e+000	9.8765432099e+000	
852	4.0740740741e+000	9.8765432099e+000	
853	4.4444444444e+000	9.8765432099e+000	
854	4.8148148148e+000	9.8765432099e+000	
855	5.1851851852e+000	9.8765432099e+000	
856	5.5555555556e+000	9.8765432099e+000	
857	5.9259259259e+000	9.8765432099e+000	
858	6.2962962963e+000	9.8765432099e+000	
859	6.6666666667e+000	9.8765432099e+000	
860	7.0370370370e+000	9.8765432099e+000	
861	7.4074074074e+000	9.8765432099e+000	
862	7.7777777778e+000	9.8765432099e+000	
863	8.1481481481e+000	9.8765432099e+000	
864	8.5185185185e+000	9.8765432099e+000	
865	8.8888888889e+000	9.8765432099e+000	
866	9.2592592593e+000	9.8765432099e+000	
867	9.6296296296e+000	9.8765432099e+000	
868	9.8765432099e+000	9.8765432099e+000	
869	1.0000000000e+001	9.8765432099e+000	
870	0.0000000000e+000	1.0000000000e+001	
871	1.2345679012e-001	1.0000000000e+001	
872	3.7037037037e-001	1.0000000000e+001	
873	7.4074074074e-001	1.0000000000e+001	
874	1.1111111111e+000	1.0000000000e+001	
875	1.4814814815e+000	1.0000000000e+001	
876	1.8518518519e+000	1.0000000000e+001	
877	2.2222222222e+000	1.0000000000e+001	
878	2.5925925926e+000	1.0000000000e+001	
879	2.9629629630e+000	1.0000000000e+001	
880	3.3333333333e+000	1.0000000000e+001	
881	3.7037037037e+000	1.0000000000e+001	
882	4.0740740741e+000	1.0000000000e+001	
883	4.4444444444e+000	1.0000000000e+001	
884	4.8148148148e+000	1.0000000000e+001	
885	5.1851851852e+000	1.0000000000e+001	
886	5.5555555556e+000	1.0000000000e+001	
887	5.9259259259e+000	1.0000000000e+001	
888	6.2962962963e+000	1.0000000000e+001	
889	6.6666666667e+000	1.0000000000e+001	
890	7.0370370370e+000	1.0000000000e+001	
891	7.4074074074e+000	1.0000000000e+001	
892	7.7777777778e+000	1.0000000000e+001	
893	8.1481481481e+000	1.0000000000e+001	
894	8.5185185185e+000	1.0000000000e+001	
895	8.8888888889e+000	1.0000000000e+001	
896	9.2592592593e+000	1.0000000000e+001	
897	9.6296296296e+000	1.0000000000e+001	
898	9.8765432099e+000	1.0000000000e+001	
899	1.0000000000e+001	1.0000000000e+001	
900	1.0000000000e+000	0.0000000000e+000	
901	1.0216049383e+000	0.0000000000e+000	
902	1.0648148148e+000	0.0000000000e+000	
903	1.1296296296e+000	0.0000000000e+000	
904	1.1944444444e+000	0.0000000000e+000	
905	1.2592592593e+000	0.0000000000e+000	
906	1.3240740741e+000	0.0000000000e+000	
907	1.3888888889e+000	0.0000000000e+000	
908	1.4537037037e+000	0.0000000000e+000	
909	1.5185185185e+000	0.0000000000e+000	
910	1.5833333333e+000	0.0000000000e+000	
911	1.6481481481e+000	0.0000000000e+000	
912	1.7129629630e+000	0.0000000000e+000	
913	1.7777777778e+000	0.0000000000e+000	
914	1.8425925926e+000	0.0000000000e+000	
915	1.9074074074e+000	0.0000000000e+000	
916	1.9722222222e+000	0.0000000000e+000	
917	2.0370370370e+000	0.0000000000e+000	
918	2.1018518519e+000	0.0000000000e+000	
919	2.1666666667e+000	0.0000000000e+000	
920	2.2314814815e+000	0.0000000000e+000	
921	2.2962962963e+000	0.0000000000e+000	
922	2.3611111111e+000	0.0000000000e+000	
923	2.4259259259e+000	0.0000000000e+000	
924	2.4907407407e+000	0.0000000000e+000	
925	2.5555555556e+000	0.0000000000e+000	
926	2.6203703704e+000	0.0000000000e+000	
927	2.6851851852e+000	0.0000000000e+000	
928	2.7283950617e+000	0.0000000000e+000	
929	2.7500000000e+000	0.0000000000e+000	
930	1.0000000000e+000	1.7586611865e-002	
931	1.0216049383e+000	1.7966569529e-002	
932	1.0648148148e+000	1.8726484857e-002	
933	1.1296296296e+000	1.9866357848e-002	
934	1.1944444444e+000	2.1006230839e-002	
935	1.2592592593e+000	2.2146103830e-002	
936	1.3240740741e+000	2.3285976822e-002	
937	1.3888888889e+000	2.4425849813e-002	
938	1.4537037037e+000	2.5565722804e-002	
939	1.5185185185e+000	2.6705595795e-002	
940	1.5833333333e+000	2.7845468787e-002	
941	1.6481481481e+000	2.8985341778e-002	
942	1.7129629630e+000	3.0125214769e-002	
943	1.7777777778e+000	3.1265087760e-002	
944	1.8425925926e+000	3.2404960752e-002	
945	1.9074074074e+000	3.3544833743e-002	
946	1.9722222222e+000	3.4684706734e-002	
947	2.0370370370e+000	3.5824579726e-002	
948	2.1018518519e+000	3.6964452717e-002	
949	2.1666666667e+000	3.8104325708e-002	
950	2.2314814815e+000	3.9244198699e-002	
951	2.2962962963e+000	4.0384071691e-002	
952	2.3611111111e+000	4.1523944682e-002	
953	2.4259259259e+000	4.2663817673e-002	
954	2.4907407407e+000	4.3803690664e-002	
955	2.5555555556e+000	4.4943563656e-002	
956	2.6203703704e+000	4.6083436647e-002	
957	2.6851851852e+000	4.7223309638e-002	
958	2.7283950617e+000	4.7983224966e-002	
959	2.7500000000e+000	4.8363182630e-002	
960	9.9906573615e-001	5.3123584068e-002	
961	1.0206504897e+000	5.4271315823e-002	
962	1.0638199968e+000	5.6566779332e-002	
963	1.1285742575e+000	6.0009974596e-002	
964	1.1933285182e+000	6.3453169860e-002	
965	1.2580827789e+000	6.6896365123e-002	
966	1.3228370395e+000	7.0339560387e-002	
967	1.3875913002e+000	7.3782755651e-002	
968	1.4523455609e+000	7.7225950914e-002	
969	1.5170998216e+000	8.0669146178e-002	
970	1.5818540822e+000	8.4112341442e-002	
971	1.6466083429e+000	8.7555536705e-002	
972	1.7113626036e+000	9.0998731969e-002	
973	1.7761168643e+000	9.4441927233e-002	
974	1.8408711249e+000	9.7885122496e-002	
975	1.9056253856e+000	1.0132831776e-001	
976	1.9703796463e+000	1.0477151302e-001	
977	2.0351339070e+000	1.0821470829e-001	
978	2.0998881676e+000	1.1165790355e-001	
979	2.1646424283e+000	1.1510109881e-001	
980	2.2293966890e+000	1.1854429408e-001	
981	2.2941509497e+000	1.2198748934e-001	
982	2.3589052103e+000	1.2543068461e-001	
983	2.4236594710e+000	1.2887387987e-001	
984	2.4884137317e+000	1.3231707513e-001	
985	2.5531679924e+000	1.3576027040e-001	
986	2.6179222530e+000	1.3920346566e-001	
987	2.6826765137e+000	1.4264666092e-001	
988	2.7258460208e+000	1.4494212443e-001	
989	2.7474307744e+000	1.4608985619e-001	
990	9.9475827611e-001	1.0700085745e-001	
991	1.0162499673e+000	1.0931260437e-001	
992	1.0592333496e+000	1.1393609821e-001	
993	1.1237084230e+000	1.2087133897e-001	
994	1.1881834965e+000	1.2780657973e-001	
995	1.2526585699e+000	1.3474182049e-001	
996	1.3171336434e+000	1.4167706125e-001	
997	1.3816087168e+000	1.4861230201e-001	
998	1.4460837903e+000	1.5554754277e-001	
999	1.5105588637e+000	1.6248278353e-001	
1000	1.5750339372e+000	1.6941802429e-001	
1001	1.6395090106e+000	1.7635326505e-001	
1002	1.7039840841e+000	1.8328850581e-001	
1003	1.7684591575e+000	1.9022374657e-001	
1004	1.8329342310e+000	1.9715898733e-001	
1005	1.8974093044e+000	2.0409422809e-001	
1006	1.9618843779e+000	2.1102946885e-001	
1007	2.0263594513e+000	2.1796470961e-001	
1008	2.0908345248e+000	2.2489995037e-001	
1009	2.1553095982e+000	2.3183519113e-001	
1010	2.2197846717e+000	2.3877043189e-001	
1011	2.2842597451e+000	2.4570567265e-001	
1012	2.3487348186e+000	2.5264091342e-001	
1013	2.4132098920e+000	2.5957615418e-001	
1014	2.4776849655e+000	2.6651139494e-001	
1015	2.5421600390e+000	2.7344663570e-001	
1016	2.6066351124e+000	2.8038187646e-001	
1017	2.6711101859e+000	2.8731711722e-001	
1018	2.7140935682e+000	2.9194061106e-001	
1019	2.7355852593e+000	2.9425235798e-001	
1020	9.8737793212e-001	1.6160341437e-001	
1021	1.0087101714e+000	1.6509484616e-001	
1022	1.0513746499e+000	1.7207770974e-001	
1023	1.1153713678e+000	1.8255200512e-001	
1024	1.1793680856e+000	1.9302630049e-001	
1025	1.2433648034e+000	2.0350059587e-001	
1026	1.3073615212e+000	2.1397489124e-001	
1027	1.3713582391e+000	2.2444918662e-001	
1028	1.4353549569e+000	2.3492348200e-001	
1029	1.4993516747e+000	2.4539777737e-001	
1030	1.5633483925e+000	2.5587207275e-001	
1031	1.6273451103e+000	2.6634636812e-001	
1032	1.6913418282e+000	2.7682066350e-001	
1033	1.7553385460e+000	2.8729495887e-001	
1034	1.8193352638e+000	2.9776925425e-001	
1035	1.8833319816e+000	3.0824354963e-001	
1036	1.9473286995e+000	3.1871784500e-001	
1037	2.0113254173e+000	3.2919214038e-001	
1038	2.0753221351e+000	3.3966643575e-001	
1039	2.1393188529e+000	3.5014073113e-001	
1040	2.2033155708e+000	3.6061502650e-001	
1041	2.2673122886e+000	3.7108932188e-001	
1042	2.3313090064e+000	3.8156361725e-001	
1043	2.3953057242e+000	3.9203791263e-001	
1044	2.4593024420e+000	4.0251220801e-001	
1045	2.5232991599e+000	4.1298650338e-001	
1046	2.5872958777e+000	4.2346079876e-001	
1047	2.6512925955e+000	4.3393509413e-001	
1048	2.6939570741e+000	4.4091795772e-001	
1049	2.7152893133e+000	4.4440938951e-001	
1050	9.7678711044e-001	2.1668845031e-001	
1051	9.9789053567e-001	2.2136999090e-001	
1052	1.0400973861e+000	2.3073307208e-001	
1053	1.1034076618e+000	2.4477769386e-001	
1054	1.1667179375e+000	2.5882231564e-001	
1055	1.2300282132e+000	2.7286693742e-001	
1056	1.2933384888e+000	2.8691155920e-001	
1057	1.3566487645e+000	3.0095618098e-001	
1058	1.4199590402e+000	3.1500080276e-001	
1059	1.4832693159e+000	3.2904542454e-001	
1060	1.5465795915e+000	3.4309004632e-001	
1061	1.6098898672e+000	3.5713466810e-001	
1062	1.6732001429e+000	3.7117928987e-001	
1063	1.7365104186e+000	3.8522391165e-001	
1064	1.7998206942e+000	3.9926853343e-001	
1065	1.8631309699e+000	4.1331315521e-001	
1066	1.9264412456e+000	4.2735777699e-001	
1067	1.9897515213e+000	4.4140239877e-001	
1068	2.0530617970e+000	4.5544702055e-001	
1069	2.1163720726e+000	4.6949164233e-001	
1070	2.1796823483e+000	4.8353626411e-001	
1071	2.2429926240e+000	4.9758088589e-001	
1072	2.3063028997e+000	5.1162550766e-001	
1073	2.3696131753e+000	5.2567012944e-001	
1074	2.4329234510e+000	5.3971475122e-001	
1075	2.4962337267e+000	5.5375937300e-001	
1076	2.5595440024e+000	5.6780399478e-001	
1077	2.6228542780e+000	5.8184861656e-001	
1078	2.6650611285e+000	5.9121169775e-001	
1079	2.6861645537e+000	5.9589323834e-001	
1080	9.6287199543e-001	2.7199007262e-001	
1081	9.8367478546e-001	2.7786640135e-001	
1082	1.0252803655e+000	2.8961905881e-001	
1083	1.0876887356e+000	3.0724804500e-001	
1084	1.1500971057e+000	3.2487703119e-001	
1085	1.2125054757e+000	3.4250601738e-001	
1086	1.2749138458e+000	3.6013500357e-001	
1087	1.3373222159e+000	3.7776398975e-001	
1088	1.3997305860e+000	3.9539297594e-001	
1089	1.4621389560e+000	4.1302196213e-001	
1090	1.5245473261e+000	4.3065094832e-001	
1091	1.5869556962e+000	4.4827993451e-001	
1092	1.6493640663e+000	4.6590892070e-001	
1093	1.7117724363e+000	4.8353790688e-001	
1094	1.7741808064e+000	5.0116689307e-001	
1095	1.8365891765e+000	5.1879587926e-001	
1096	1.8989975465e+000	5.3642486545e-001	
1097	1.9614059166e+000	5.5405385164e-001	
1098	2.0238142867e+000	5.7168283783e-001	
1099	2.0862226568e+000	5.8931182402e-001	
1100	2.1486310268e+000	6.0694081020e-001	
1101	2.2110393969e+000	6.2456979639e-001	
1102	2.2734477670e+000	6.4219878258e-001	
1103	2.3358561371e+000	6.5982776877e-001	
1104	2.3982645071e+000	6.7745675496e-001	
1105	2.4606728772e+000	6.9508574115e-001	
1106	2.5230812473e+000	7.1271472734e-001	
1107	2.5854896174e+000	7.3034371352e-001	
1108	2.6270951974e+000	7.4209637098e-001	
1109	2.6478979874e+000	7.4797269971e-001	
1110	9.4554671188e-001	3.2722199166e-001	
1111	9.6597519022e-001	3.3429160259e-001	
1112	1.0068321469e+000	3.4843082445e-001	
1113	1.0681175819e+000	3.6963965725e-001	
1114	1.1294030170e+000	3.9084849004e-001	
1115	1.1906884520e+000	4.1205732283e-001	
1116	1.2519738870e+000	4.3326615562e-001	
1117	1.3132593221e+000	4.5447498842e-001	
1118	1.3745447571e+000	4.7568382121e-001	
1119	1.4358301921e+000	4.9689265400e-001	
1120	1.4971156271e+000	5.1810148680e-001	
1121	1.5584010622e+000	5.3931031959e-001	
1122	1.6196864972e+000	5.6051915238e-001	
1123	1.6809719322e+000	5.8172798517e-001	
1124	1.7422573673e+000	6.0293681797e-001	
1125	1.8035428023e+000	6.2414565076e-001	
1126	1.8648282373e+000	6.4535448355e-001	
1127	1.9261136724e+000	6.6656331635e-001	
1128	1.9873991074e+000	6.8777214914e-001	
1129	2.0486845424e+000	7.0898098193e-001	
1130	2.1099699774e+000	7.3018981472e-001	
1131	2.1712554125e+000	7.5139864752e-001	
1132	2.2325408475e+000	7.7260748031e-001	
1133	2.2938262825e+000	7.9381631310e-001	
1134	2.3551117176e+000	8.1502514590e-001	
1135	2.4163971526e+000	8.3623397869e-001	
1136	2.4776825876e+000	8.5744281148e-001	
1137	2.5389680226e+000	8.7865164427e-001	
1138	2.5798249793e+000	8.9279086614e-001	
1139	2.6002534577e+000	8.9986047707e-001	
1140	9.2475715797e-001	3.8208104388e-001	
1141	9.4473647928e-001	3.9033588124e-001	
1142	9.8469512191e-001	4.0684555598e-001	
1143	1.0446330859e+000	4.3161006808e-001	
1144	1.1045710498e+000	4.5637458018e-001	
1145	1.1645090137e+000	4.8113909229e-001	
1146	1.2244469777e+000	5.0590360439e-001	
1147	1.2843849416e+000	5.3066811649e-001	
1148	1.3443229056e+000	5.5543262860e-001	
1149	1.4042608695e+000	5.8019714070e-001	
1150	1.4641988335e+000	6.0496165280e-001	
1151	1.5241367974e+000	6.2972616491e-001	
1152	1.5840747613e+000	6.5449067701e-001	
1153	1.6440127253e+000	6.7925518911e-001	
1154	1.7039506892e+000	7.0401970121e-001	
1155	1.7638886532e+000	7.2878421332e-001	
1156	1.8238266171e+000	7.5354872542e-001	
1157	1.8837645810e+000	7.7831323752e-001	
1158	1.9437025450e+000	8.0307774963e-001	
1159	2.0036405089e+000	8.2784226173e-001	
1160	2.0635784729e+000	8.5260677383e-001	
1161	2.1235164368e+000	8.7737128594e-001	
1162	2.1834544008e+000	9.0213579804e-001	
1163	2.2433923647e+000	9.2690031014e-001	
1164	2.3033303286e+000	9.5166482224e-001	
1165	2.3632682926e+000	9.7642933435e-001	
1166	2.4232062565e+000	1.0011938465e+000	
1167	2.4831442205e+000	1.0259583586e+000	
1168	2.5231028631e+000	1.0424680333e+000	
1169	2.5430821844e+000	1.0507228707e+000	
1170	9.0048432342e-001	4.3625150752e-001	
1171	9.1993923164e-001	4.4567669441e-001	
1172	9.5884904808e-001	4.6452706819e-001	
1173	1.0172137727e+000	4.9280262886e-001	
1174	1.0755784974e+000	5.2107818954e-001	
1175	1.1339432221e+000	5.4935375021e-001	
1176	1.1923079467e+000	5.7762931088e-001	
1177	1.2506726714e+000	6.0590487155e-001	
1178	1.3090373961e+000	6.3418043223e-001	
1179	1.3674021207e+000	6.6245599290e-001	
1180	1.4257668454e+000	6.9073155357e-001	
1181	1.4841315701e+000	7.1900711424e-001	
1182	1.5424962947e+000	7.4728267492e-001	
1183	1.6008610194e+000	7.7555823559e-001	
1184	1.6592257441e+000	8.0383379626e-001	
1185	1.7175904687e+000	8.3210935693e-001	
1186	1.7759551934e+000	8.6038491761e-001	
1187	1.8343199181e+000	8.8866047828e-001	
1188	1.8926846427e+000	9.1693603895e-001	
1189	1.9510493674e+000	9.4521159963e-001	
1190	2.0094140921e+000	9.7348716030e-001	
1191	2.0677788167e+000	1.0017627210e+000	
1192	2.1261435414e+000	1.0300382816e+000	
1193	2.1845082661e+000	1.0583138423e+000	
1194	2.2428729907e+000	1.0865894030e+000	
1195	2.3012377154e+000	1.1148649637e+000	
1196	2.3596024401e+000	1.1431405243e+000	
1197	2.4179671647e+000	1.1714160850e+000	
1198	2.4568769812e+000	1.1902664588e+000	
1199	2.4763318894e+000	1.1996916457e+000	
1200	8.7274691076e-001	4.8941012540e-001	
1201	8.9160255389e-001	4.9998380095e-001	
1202	9.2931384016e-001	5.2113115204e-001	
1203	9.8588076956e-001	5.5285217869e-001	
1204	1.0424476990e+000	5.8457320533e-001	
1205	1.0990146284e+000	6.1629423198e-001	
1206	1.1555815578e+000	6.4801525863e-001	
1207	1.2121484872e+000	6.7973628527e-001	
1208	1.2687154166e+000	7.1145731192e-001	
1209	1.3252823460e+000	7.4317833857e-001	
1210	1.3818492754e+000	7.7489936521e-001	
1211	1.4384162048e+000	8.0662039186e-001	
1212	1.4949831342e+000	8.3834141850e-001	
1213	1.5515500636e+000	8.7006244515e-001	
1214	1.6081169930e+000	9.0178347180e-001	
1215	1.6646839224e+000	9.3350449844e-001	
1216	1.7212508518e+000	9.6522552509e-001	
1217	1.7778177812e+000	9.9694655173e-001	
1218	1.8343847106e+000	1.0286675784e+000	
1219	1.8909516400e+000	1.0603886050e+000	
1220	1.9475185694e+000	1.0921096317e+000	
1221	2.0040854988e+000	1.1238306583e+000	
1222	2.0606524282e+000	1.1555516850e+000	
1223	2.1172193576e+000	1.1872727116e+000	
1224	2.1737862870e+000	1.2189937383e+000	
1225	2.2303532164e+000	1.2507147649e+000	
1226	2.2869201458e+000	1.2824357915e+000	
1227	2.3434870752e+000	1.3141568182e+000	
1228	2.3811983615e+000	1.3353041693e+000	
1229	2.4000540046e+000	1.3458778448e+000	
1230	8.4160309369e-001	5.4123170280e-001	
1231	8.5978587658e-001	5.5292498033e-001	
1232	8.9615144236e-001	5.7631153539e-001	
1233	9.5069979102e-001	6.1139136798e-001	
1234	1.0052481397e+000	6.4647120057e-001	
1235	1.0597964884e+000	6.8155103316e-001	
1236	1.1143448370e+000	7.1663086575e-001	
1237	1.1688931857e+000	7.5171069834e-001	
1238	1.2234415344e+000	7.8679053093e-001	
1239	1.2779898830e+000	8.2187036352e-001	
1240	1.3325382317e+000	8.5695019611e-001	
1241	1.3870865803e+000	8.9203002870e-001	
1242	1.4416349290e+000	9.2710986129e-001	
1243	1.4961832777e+000	9.6218969387e-001	
1244	1.5507316263e+000	9.9726952646e-001	
1245	1.6052799750e+000	1.0323493591e+000	
1246	1.6598283237e+000	1.0674291916e+000	
1247	1.7143766723e+000	1.1025090242e+000	
1248	1.7689250210e+000	1.1375888568e+000	
1249	1.8234733697e+000	1.1726686894e+000	
1250	1.8780217183e+000	1.2077485220e+000	
1251	1.9325700670e+000	1.2428283546e+000	
1252	1.9871184157e+000	1.2779081872e+000	
1253	2.0416667643e+000	1.3129880198e+000	
1254	2.0962151130e+000	1.3480678524e+000	
1255	2.1507634617e+000	1.3831476849e+000	
1256	2.2053118103e+000	1.4182275175e+000	
1257	2.2598601590e+000	1.4533073501e+000	
1258	2.2962257248e+000	1.4766939052e+000	
1259	2.3144085077e+000	1.4883871827e+000	
1260	8.0715127548e-001	5.9139510579e-001	
1261	8.2458972896e-001	6.0417216054e-001	
1262	8.5946663593e-001	6.2972627005e-001	
1263	9.1178199638e-001	6.6805743431e-001	
1264	9.6409735683e-001	7.0638859858e-001	
1265	1.0164127173e+000	7.4471976284e-001	
1266	1.0687280777e+000	7.8305092711e-001	
1267	1.1210434382e+000	8.2138209137e-001	
1268	1.1733587986e+000	8.5971325563e-001	
1269	1.2256741591e+000	8.9804441990e-001	
1270	1.2779895195e+000	9.3637558416e-001	
1271	1.3303048800e+000	9.7470674843e-001	
1272	1.3826202404e+000	1.0130379127e+000	
1273	1.4349356009e+000	1.0513690770e+000	
1274	1.4872509613e+000	1.0897002412e+000	
1275	1.5395663218e+000	1.1280314055e+000	
1276	1.5918816822e+000	1.1663625697e+000	
1277	1.6441970426e+000	1.2046937340e+000	
1278	1.6965124031e+000	1.2430248983e+000	
1279	1.7488277635e+000	1.2813560625e+000	
1280	1.8011431240e+000	1.3196872268e+000	
1281	1.8534584844e+000	1.3580183911e+000	
1282	1.9057738449e+000	1.3963495553e+000	
1283	1.9580892053e+000	1.4346807196e+000	
1284	2.0104045658e+000	1.4730118839e+000	
1285	2.0627199262e+000	1.5113430481e+000	
1286	2.1150352867e+000	1.5496742124e+000	
1287	2.1673506471e+000	1.5880053766e+000	
1288	2.2022275541e+000	1.6135594862e+000	
1289	2.2196660076e+000	1.6263365409e+000	
1290	7.6952975170e-001	6.3958944929e-001	
1291	7.8615539448e-001	6.5340773986e-001	
1292	8.1940668005e-001	6.8104432100e-001	
1293	8.6928360840e-001	7.2249919271e-001	
1294	9.1916053675e-001	7.6395406443e-001	
1295	9.6903746510e-001	8.0540893614e-001	
1296	1.0189143934e+000	8.4686380785e-001	
1297	1.0687913218e+000	8.8831867957e-001	
1298	1.1186682502e+000	9.2977355128e-001	
1299	1.1685451785e+000	9.7122842299e-001	
1300	1.2184221069e+000	1.0126832947e+000	
1301	1.2682990352e+000	1.0541381664e+000	
1302	1.3181759636e+000	1.0955930381e+000	
1303	1.3680528919e+000	1.1370479098e+000	
1304	1.4179298203e+000	1.1785027816e+000	
1305	1.4678067486e+000	1.2199576533e+000	
1306	1.5176836770e+000	1.2614125250e+000	
1307	1.5675606053e+000	1.3028673967e+000	
1308	1.6174375337e+000	1.3443222684e+000	
1309	1.6673144620e+000	1.3857771401e+000	
1310	1.7171913904e+000	1.4272320118e+000	
1311	1.7670683187e+000	1.4686868835e+000	
1312	1.8169452471e+000	1.5101417553e+000	
1313	1.8668221754e+000	1.5515966270e+000	
1314	1.9166991038e+000	1.5930514987e+000	
1315	1.9665760321e+000	1.6345063704e+000	
1316	2.0164529605e+000	1.6759612421e+000	
1317	2.0663298888e+000	1.7174161138e+000	
1318	2.0995811744e+000	1.7450526950e+000	
1319	2.1162068172e+000	1.7588709855e+000	
1320	7.2891523289e-001	6.8552024053e-001	
1321	7.4466340150e-001	7.0033086301e-001	
1322	7.7615973872e-001	7.2995210797e-001	
1323	8.2340424456e-001	7.7438397541e-001	
1324	8.7064875040e-001	8.1881584285e-001	
1325	9.1789325623e-001	8.6324771029e-001	
1326	9.6513776207e-001	9.0767957773e-001	
1327	1.0123822679e+000	9.5211144517e-001	
1328	1.0596267737e+000	9.9654331262e-001	
1329	1.1068712796e+000	1.0409751801e+000	
1330	1.1541157854e+000	1.0854070475e+000	
1331	1.2013602912e+000	1.1298389149e+000	
1332	1.2486047971e+000	1.1742707824e+000	
1333	1.2958493029e+000	1.2187026498e+000	
1334	1.3430938087e+000	1.2631345173e+000	
1335	1.3903383146e+000	1.3075663847e+000	
1336	1.4375828204e+000	1.3519982521e+000	
1337	1.4848273263e+000	1.3964301196e+000	
1338	1.5320718321e+000	1.4408619870e+000	
1339	1.5793163379e+000	1.4852938545e+000	
1340	1.6265608438e+000	1.5297257219e+000	
1341	1.6738053496e+000	1.5741575894e+000	
1342	1.7210498554e+000	1.6185894568e+000	
1343	1.7682943613e+000	1.6630213242e+000	
1344	1.8155388671e+000	1.7074531917e+000	
1345	1.8627833729e+000	1.7518850591e+000	
1346	1.9100278788e+000	1.7963169266e+000	
1347	1.9572723846e+000	1.8407487940e+000	
1348	1.9887687218e+000	1.8703700390e+000	
1349	2.0045168904e+000	1.8851806614e+000	
1350	6.8552024053e-001	7.2891523289e-001	
1351	7.0033086301e-001	7.4466340150e-001	
1352	7.2995210797e-001	7.7615973872e-001	
1353	7.7438397541e-001	8.2340424456e-001	
1354	8.1881584285e-001	8.7064875040e-001	
1355	8.6324771029e-001	9.1789325623e-001	
1356	9.0767957773e-001	9.6513776207e-001	
1357	9.5211144517e-001	1.0123822679e+000	
1358	9.9654331262e-001	1.0596267737e+000	
1359	1.0409751801e+000	1.1068712796e+000	
1360	1.0854070475e+000	1.1541157854e+000	
1361	1.1298389149e+000	1.2013602912e+000	
1362	1.1742707824e+000	1.2486047971e+000	
1363	1.2187026498e+000	1.2958493029e+000	
1364	1.2631345173e+000	1.3430938087e+000	
1365	1.3075663847e+000	1.3903383146e+000	
1366	1.3519982521e+000	1.4375828204e+000	
1367	1.3964301196e+000	1.4848273263e+000	
1368	1.4408619870e+000	1.5320718321e+000	
1369	1.4852938545e+000	1.5793163379e+000	
1370	1.5297257219e+000	1.6265608438e+000	
1371	1.5741575894e+000	1.6738053496e+000	
1372	1.6185894568e+000	1.7210498554e+000	
1373	1.6630213242e+000	1.7682943613e+000	
1374	1.7074531917e+000	1.8155388671e+000	
1375	1.7518850591e+000	1.8627833729e+000	
1376	1.7963169266e+000	1.9100278788e+000	
1377	1.8407487940e+000	1.9572723846e+000	
1378	1.8703700390e+000	1.9887687218e+000	
1379	1.8851806614e+000	2.0045168904e+000	
1380	6.3958944929e-001	7.6952975170e-001	
1381	6.5340773986e-001	7.8615539448e-001	
1382	6.8104432100e-001	8.1940668005e-001	
1383	7.2249919271e-001	8.6928360840e-001	
1384	7.6395406443e-001	9.1916053675e-001	
1385	8.0540893614e-001	9.6903746510e-001	
1386	8.4686380785e-001	1.0189143934e+000	
1387	8.8831867957e-001	1.0687913218e+000	
1388	9.2977355128e-001	1.1186682502e+000	
1389	9.7122842299e-001	1.1685451785e+000	
1390	1.0126832947e+000	1.2184221069e+000	
1391	1.0541381664e+000	1.2682990352e+000	
1392	1.0955930381e+000	1.3181759636e+000	
1393	1.1370479098e+000	1.3680528919e+000	
1394	1.1785027816e+000	1.4179298203e+000	
1395	1.2199576533e+000	1.4678067486e+000	
1396	1.2614125250e+000	1.5176836770e+000	
1397	1.3028673967e+000	1.5675606053e+000	
1398	1.3443222684e+000	1.6174375337e+000	
1399	1.3857771401e+000	1.6673144620e+000	
1400	1.4272320118e+000	1.7171913904e+000	
1401	1.4686868835e+000	1.7670683187e+000	
1402	1.5101417553e+000	1.8169452471e+000	
1403	1.5515966270e+000	1.8668221754e+000	
1404	1.5930514987e+000	1.9166991038e+000	
1405	1.6345063704e+000	1.9665760321e+000	
1406	1.6759612421e+000	2.0164529605e+000	
1407	1.7174161138e+000	2.0663298888e+000	
1408	1.7450526950e+000	2.0995811744e+000	
1409	1.7588709855e+000	2.1162068172e+000	
1410	5.9139510579e-001	8.0715127548e-001	
1411	6.0417216054e-001	8.2458972896e-001	
1412	6.2972627005e-001	8.5946663593e-001	
1413	6.6805743431e-001	9.1178199638e-001	
1414	7.0638859858e-001	9.6409735683e-001	
1415	7.4471976284e-001	1.0164127173e+000	
1416	7.8305092711e-001	1.0687280777e+000	
1417	8.2138209137e-001	1.1210434382e+000	
1418	8.5971325563e-001	1.1733587986e+000	
1419	8.9804441990e-001	1.2256741591e+000	
1420	9.3637558416e-001	1.2779895195e+000	
1421	9.7470674843e-001	1.3303048800e+000	
1422	1.0130379127e+000	1.3826202404e+000	
1423	1.0513690770e+000	1.4349356009e+000	
1424	1.0897002412e+000	1.4872509613e+000	
1425	1.1280314055e+000	1.5395663218e+000	
1426	1.1663625697e+000	1.5918816822e+000	
1427	1.2046937340e+000	1.6441970426e+000	
1428	1.2430248983e+000	1.6965124031e+000	
1429	1.2813560625e+000	1.7488277635e+000	
1430	1.3196872268e+000	1.8011431240e+000	
1431	1.3580183911e+000	1.8534584844e+000	
1432	1.3963495553e+000	1.9057738449e+000	
1433	1.4346807196e+000	1.9580892053e+000	
1434	1.4730118839e+000	2.0104045658e+000	
1435	1.5113430481e+000	2.0627199262e+000	
1436	1.5496742124e+000	2.1150352867e+000	
1437	1.5880053766e+000	2.1673506471e+000	
1438	1.6135594862e+000	2.2022275541e+000	
1439	1.6263365409e+000	2.2196660076e+000	
1440	5.4123170280e-001	8.4160309369e-001	
1441	5.5292498033e-001	8.5978587658e-001	
1442	5.7631153539e-001	8.9615144236e-001	
1443	6.1139136798e-001	9.5069979102e-001	
1444	6.4647120057e-001	1.0052481397e+000	
1445	6.8155103316e-001	1.0597964884e+000	
1446	7.1663086575e-001	1.1143448370e+000	
1447	7.5171069834e-001	1.1688931857e+000	
1448	7.8679053093e-001	1.2234415344e+000	
1449	8.2187036352e-001	1.2779898830e+000	
1450	8.5695019611e-001	1.3325382317e+000	
1451	8.9203002870e-001	1.3870865803e+000	
1452	9.2710986129e-001	1.4416349290e+000	
1453	9.6218969387e-001	1.4961832777e+000	
1454	9.9726952646e-001	1.5507316263e+000	
1455	1.0323493591e+000	1.6052799750e+000	
1456	1.0674291916e+000	1.6598283237e+000	
1457	1.1025090242e+000	1.7143766723e+000	
1458	1.1375888568e+000	1.7689250210e+000	
1459	1.1726686894e+000	1.8234733697e+000	
1460	1.2077485220e+000	1.8780217183e+000	
1461	1.2428283546e+000	1.9325700670e+000	
1462	1.2779081872e+000	1.9871184157e+000	
1463	1.3129880198e+000	2.0416667643e+000	
1464	1.3480678524e+000	2.0962151130e+000	
1465	1.3831476849e+000	2.1507634617e+000	
1466	1.4182275175e+000	2.2053118103e+000	
1467	1.4533073501e+000	2.2598601590e+000	
1468	1.4766939052e+000	2.2962257248e+000	
1469	1.4883871827e+000	2.3144085077e+000	
1470	4.8941012540e-001	8.7274691076e-001	
1471	4.9998380095e-001	8.9160255389e-001	
1472	5.2113115204e-001	9.2931384016e-001	
1473	5.5285217869e-001	9.8588076956e-001	
1474	5.8457320533e-001	1.0424476990e+000	
1475	6.1629423198e-001	1.0990146284e+000	
1476	6.4801525863e-001	1.1555815578e+000	
1477	6.7973628527e-001	1.2121484872e+000	
1478	7.1145731192e-001	1.2687154166e+000	
1479	7.4317833857e-001	1.3252823460e+000	
1480	7.7489936521e-001	1.3818492754e+000	
1481	8.0662039186e-001	1.4384162048e+000	
1482	8.3834141850e-001	1.4949831342e+000	
1483	8.7006244515e-001	1.5515500636e+000	
1484	9.0178347180e-001	1.6081169930e+000	
1485	9.3350449844e-001	1.6646839224e+000	
1486	9.6522552509e-001	1.7212508518e+000	
1487	9.9694655173e-001	1.7778177812e+000	
1488	1.0286675784e+000	1.8343847106e+000	
1489	1.0603886050e+000	1.8909516400e+000	
1490	1.0921096317e+000	1.9475185694e+000	
1491	1.1238306583e+000	2.0040854988e+000	
1492	1.1555516850e+000	2.0606524282e+000	
1493	1.1872727116e+000	2.1172193576e+000	
1494	1.2189937383e+000	2.1737862870e+000	
1495	1.2507147649e+000	2.2303532164e+000	
1496	1.2824357915e+000	2.2869201458e+000	
1497	1.3141568182e+000	2.3434870752e+000	
1498	1.3353041693e+000	2.3811983615e+000	
1499	1.3458778448e+000	2.4000540046e+000	
1500	4.3625150752e-001	9.0048432342e-001	
1501	4.4567669441e-001	9.1993923164e-001	
1502	4.6452706819e-001	9.5884904808e-001	
1503	4.9280262886e-001	1.0172137727e+000	
1504	5.2107818954e-001	1.0755784974e+000	
1505	5.4935375021e-001	1.1339432221e+000	
1506	5.7762931088e-001	1.1923079467e+000	
1507	6.0590487155e-001	1.2506726714e+000	
1508	6.3418043223e-001	1.3090373961e+000	
1509	6.6245599290e-001	1.3674021207e+000	
1510	6.9073155357e-001	1.4257668454e+000	
1511	7.1900711424e-001	1.4841315701e+000	
1512	7.4728267492e-001	1.5424962947e+000	
1513	7.7555823559e-001	1.6008610194e+000	
1514	8.0383379626e-001	1.6592257441e+000	
1515	8.3210935693e-001	1.7175904687e+000	
1516	8.6038491761e-001	1.7759551934e+000	
1517	8.8866047828e-001	1.8343199181e+000	
1518	9.1693603895e-001	1.8926846427e+000	
1519	9.4521159963e-001	1.9510493674e+000	
1520	9.7348716030e-001	2.0094140921e+000	
1521	1.0017627210e+000	2.0677788167e+000	
1522	1.0300382816e+000	2.1261435414e+000	
1523	1.0583138423e+000	2.1845082661e+000	
1524	1.0865894030e+000	2.2428729907e+000	
1525	1.1148649637e+000	2.3012377154e+000	
1526	1.1431405243e+000	2.3596024401e+000	
1527	1.1714160850e+000	2.4179671647e+000	
1528	1.1902664588e+000	2.4568769812e+000	
1529	1.1996916457e+000	2.4763318894e+000	
1530	3.8208104388e-001	9.2475715797e-001	
1531	3.9033588124e-001	9.4473647928e-001	
1532	4.0684555598e-001	9.8469512191e-001	
1533	4.3161006808e-001	1.0446330859e+000	
1534	4.5637458018e-001	1.1045710498e+000	
1535	4.8113909229e-001	1.1645090137e+000	
1536	5.0590360439e-001	1.2244469777e+000	
1537	5.3066811649e-001	1.2843849416e+000	
1538	5.5543262860e-001	1.3443229056e+000	
1539	5.8019714070e-001	1.4042608695e+000	
1540	6.0496165280e-001	1.4641988335e+000	
1541	6.2972616491e-001	1.5241367974e+000	
1542	6.5449067701e-001	1.5840747613e+000	
1543	6.7925518911e-001	1.6440127253e+000	
1544	7.0401970121e-001	1.7039506892e+000	
1545	7.2878421332e-001	1.7638886532e+000	
1546	7.5354872542e-001	1.8238266171e+000	
1547	7.7831323752e-001	1.8837645810e+000	
1548	8.0307774963e-001	1.9437025450e+000	
1549	8.2784226173e-001	2.0036405089e+000	
1550	8.5260677383e-001	2.0635784729e+000	
1551	8.7737128594e-001	2.1235164368e+000	
1552	9.0213579804e-001	2.1834544008e+000	
1553	9.2690031014e-001	2.2433923647e+000	
1554	9.5166482224e-001	2.3033303286e+000	
1555	9.7642933435e-001	2.3632682926e+000	
1556	1.0011938465e+000	2.4232062565e+000	
1557	1.0259583586e+000	2.4831442205e+000	
1558	1.0424680333e+000	2.5231028631e+000	
1559	1.0507228707e+000	2.5430821844e+000	
1560	3.2722199166e-001	9.4554671188e-001	
1561	3.3429160259e-001	9.6597519022e-001	
1562	3.4843082445e-001	1.0068321469e+000	
1563	3.6963965725e-001	1.0681175819e+000	
1564	3.9084849004e-001	1.1294030170e+000	
1565	4.1205732283e-001	1.1906884520e+000	
1566	4.3326615562e-001	1.2519738870e+000	
1567	4.5447498842e-001	1.3132593221e+000	
1568	4.7568382121e-001	1.3745447571e+000	
1569	4.9689265400e-001	1.4358301921e+000	
1570	5.1810148680e-001	1.4971156271e+000	
1571	5.3931031959e-001	1.5584010622e+000	
1572	5.6051915238e-001	1.6196864972e+000	
1573	5.8172798517e-001	1.6809719322e+000	
1574	6.0293681797e-001	1.7422573673e+000	
1575	6.2414565076e-001	1.8035428023e+000	
1576	6.4535448355e-001	1.8648282373e+000	
1577	6.6656331635e-001	1.9261136724e+000	
1578	6.8777214914e-001	1.9873991074e+000	
1579	7.0898098193e-001	2.0486845424e+000	
1580	7.3018981472e-001	2.1099699774e+000	
1581	7.5139864752e-001	2.1712554125e+000	
1582	7.7260748031e-001	2.2325408475e+000	
1583	7.9381631310e-001	2.2938262825e+000	
1584	8.1502514590e-001	2.3551117176e+000	
1585	8.3623397869e-001	2.4163971526e+000	
1586	8.5744281148e-001	2.4776825876e+000	
1587	8.7865164427e-001	2.5389680226e+000	
1588	8.9279086614e-001	2.5798249793e+000	
1589	8.9986047707e-001	2.6002534577e+000	
1590	2.7199007262e-001	9.6287199543e-001	
1591	2.7786640135e-001	9.8367478546e-001	
1592	2.8961905881e-001	1.0252803655e+000	
1593	3.0724804500e-001	1.0876887356e+000	
1594	3.2487703119e-001	1.1500971057e+000	
1595	3.4250601738e-001	1.2125054757e+000	
1596	3.6013500357e-001	1.2749138458e+000	
1597	3.7776398975e-001	1.3373222159e+000	
1598	3.9539297594e-001	1.3997305860e+000	
1599	4.1302196213e-001	1.4621389560e+000	
1600	4.3065094832e-001	1.5245473261e+000	
1601	4.4827993451e-001	1.5869556962e+000	
1602	4.6590892070e-001	1.6493640663e+000	
1603	4.8353790688e-001	1.7117724363e+000	
1604	5.0116689307e-001	1.7741808064e+000	
1605	5.1879587926e-001	1.8365891765e+000	
1606	5.3642486545e-001	1.8989975465e+000	
1607	5.5405385164e-001	1.9614059166e+000	
1608	5.7168283783e-001	2.0238142867e+000	
1609	5.8931182402e-001	2.0862226568e+000	
1610	6.0694081020e-001	2.1486310268e+000	
1611	6.2456979639e-001	2.2110393969e+000	
1612	6.4219878258e-001	2.2734477670e+000	
1613	6.5982776877e-001	2.3358561371e+000	
1614	6.7745675496e-001	2.3982645071e+000	
1615	6.9508574115e-001	2.4606728772e+000	
1616	7.1271472734e-001	2.5230812473e+000	
1617	7.3034371352e-001	2.5854896174e+000	
1618	7.4209637098e-001	2.6270951974e+000	
1619	7.4797269971e-001	2.6478979874e+000	
1620	2.1668845031e-001	9.7678711044e-001	
1621	2.2136999090e-001	9.9789053567e-001	
1622	2.3073307208e-001	1.0400973861e+000	
1623	2.4477769386e-001	1.1034076618e+000	
1624	2.5882231564e-001	1.1667179375e+000	
1625	2.7286693742e-001	1.2300282132e+000	
1626	2.8691155920e-001	1.2933384888e+000	
1627	3.0095618098e-001	1.3566487645e+000	
1628	3.1500080276e-001	1.4199590402e+000	
1629	3.2904542454e-001	1.4832693159e+000	
1630	3.4309004632e-001	1.5465795915e+000	
1631	3.5713466810e-001	1.6098898672e+000	
1632	3.7117928987e-001	1.6732001429e+000	
1633	3.8522391165e-001	1.7365104186e+000	
1634	3.9926853343e-001	1.7998206942e+000	
1635	4.1331315521e-001	1.8631309699e+000	
1636	4.2735777699e-001	1.9264412456e+000	
1637	4.4140239877e-001	1.9897515213e+000	
1638	4.5544702055e-001	2.0530617970e+000	
1639	4.6949164233e-001	2.1163720726e+000	
1640	4.8353626411e-001	2.1796823483e+000	
1641	4.9758088589e-001	2.2429926240e+000	
1642	5.1162550766e-001	2.3063028997e+000	
1643	5.2567012944e-001	2.3696131753e+000	
1644	5.3971475122e-001	2.4329234510e+000	
1645	5.5375937300e-001	2.4962337267e+000	
1646	5.6780399478e-001	2.5595440024e+000	
1647	5.8184861656e-001	2.6228542780e+000	
1648	5.9121169775e-001	2.6650611285e+000	
1649	5.9589323834e-001	2.6861645537e+000	
1650	1.6160341437e-001	9.8737793212e-001	
1651	1.6509484616e-001	1.0087101714e+000	
1652	1.7207770974e-001	1.0513746499e+000	
1653	1.8255200512e-001	1.1153713678e+000	
1654	1.9302630049e-001	1.1793680856e+000	
1655	2.0350059587e-001	1.2433648034e+000	
1656	2.1397489124e-001	1.3073615212e+000	
1657	2.2444918662e-001	1.3713582391e+000	
1658	2.3492348200e-001	1.4353549569e+000	
1659	2.4539777737e-001	1.4993516747e+000	
1660	2.5587207275e-001	1.5633483925e+000	
1661	2.6634636812e-001	1.6273451103e+000	
1662	2.7682066350e-001	1.6913418282e+000	
1663	2.8729495887e-001	1.7553385460e+000	
1664	2.9776925425e-001	1.8193352638e+000	
1665	3.0824354963e-001	1.8833319816e+000	
1666	3.1871784500e-001	1.9473286995e+000	
1667	3.2919214038e-001	2.0113254173e+000	
1668	3.3966643575e-001	2.0753221351e+000	
1669	3.5014073113e-001	2.1393188529e+000	
1670	3.6061502650e-001	2.2033155708e+000	
1671	3.7108932188e-001	2.2673122886e+000	
1672	3.8156361725e-001	2.3313090064e+000	
1673	3.9203791263e-001	2.3953057242e+000	
1674	4.0251220801e-001	2.4593024420e+000	
1675	4.1298650338e-001	2.5232991599e+000	
1676	4.2346079876e-001	2.5872958777e+000	
1677	4.3393509413e-001	2.6512925955e+000	
1678	4.4091795772e-001	2.6939570741e+000	
1679	4.4440938951e-001	2.7152893133e+000	
1680	1.0700085745e-001	9.9475827611e-001	
1681	1.0931260437e-001	1.0162499673e+000	
1682	1.1393609821e-001	1.0592333496e+000	
1683	1.2087133897e-001	1.1237084230e+000	
1684	1.2780657973e-001	1.1881834965e+000	
1685	1.3474182049e-001	1.2526585699e+000	
1686	1.4167706125e-001	1.3171336434e+000	
1687	1.4861230201e-001	1.3816087168e+000	
1688	1.5554754277e-001	1.4460837903e+000	
1689	1.6248278353e-001	1.5105588637e+000	
1690	1.6941802429e-001	1.5750339372e+000	
1691	1.7635326505e-001	1.6395090106e+000	
1692	1.8328850581e-001	1.7039840841e+000	
1693	1.9022374657e-001	1.7684591575e+000	
1694	1.9715898733e-001	1.8329342310e+000	
1695	2.0409422809e-001	1.8974093044e+000	
1696	2.1102946885e-001	1.9618843779e+000	
1697	2.1796470961e-001	2.0263594513e+000	
1698	2.2489995037e-001	2.0908345248e+000	
1699	2.3183519113e-001	2.1553095982e+000	
1700	2.3877043189e-001	2.2197846717e+000	
1701	2.4570567265e-001	2.2842597451e+000	
1702	2.5264091342e-001	2.3487348186e+000	
1703	2.5957615418e-001	2.4132098920e+000	
1704	2.6651139494e-001	2.4776849655e+000	
1705	2.7344663570e-001	2.5421600390e+000	
1706	2.8038187646e-001	2.6066351124e+000	
1707	2.8731711722e-001	2.6711101859e+000	
1708	2.9194061106e-001	2.7140935682e+000	
1709	2.9425235798e-001	2.7355852593e+000	
1710	5.3123584068e-002	9.9906573615e-001	
1711	5.4271315823e-002	1.0206504897e+000	
1712	5.6566779332e-002	1.0638199968e+000	
1713	6.0009974596e-002	1.1285742575e+000	
1714	6.3453169860e-002	1.1933285182e+000	
1715	6.6896365123e-002	1.2580827789e+000	
1716	7.0339560387e-002	1.3228370395e+000	
1717	7.3782755651e-002	1.3875913002e+000	
1718	7.7225950914e-002	1.4523455609e+000	
1719	8.0669146178e-002	1.5170998216e+000	
1720	8.4112341442e-002	1.5818540822e+000	
1721	8.7555536705e-002	1.6466083429e+000	
1722	9.0998731969e-002	1.7113626036e+000	
1723	9.4441927233e-002	1.7761168643e+000	
1724	9.7885122496e-002	1.8408711249e+000	
1725	1.0132831776e-001	1.9056253856e+000	
1726	1.0477151302e-001	1.9703796463e+000	
1727	1.0821470829e-001	2.0351339070e+000	
1728	1.1165790355e-001	2.0998881676e+000	
1729	1.1510109881e-001	2.1646424283e+000	
1730	1.1854429408e-001	2.2293966890e+000	
1731	1.2198748934e-001	2.2941509497e+000	
1732	1.2543068461e-001	2.3589052103e+000	
1733	1.2887387987e-001	2.4236594710e+000	
1734	1.3231707513e-001	2.4884137317e+000	
1735	1.3576027040e-001	2.5531679924e+000	
1736	1.3920346566e-001	2.6179222530e+000	
1737	1.4264666092e-001	2.6826765137e+000	
1738	1.4494212443e-001	2.7258460208e+000	
1739	1.4608985619e-001	2.7474307744e+000	
1740	1.7586611865e-002	1.0000000000e+000	
1741	1.7966569529e-002	1.0216049383e+000	
1742	1.8726484857e-002	1.0648148148e+000	
1743	1.9866357848e-002	1.1296296296e+000	
1744	2.1006230839e-002	1.1944444444e+000	
1745	2.2146103830e-002	1.2592592593e+000	
1746	2.3285976822e-002	1.3240740741e+000	
1747	2.4425849813e-002	1.3888888889e+000	
1748	2.5565722804e-002	1.4537037037e+000	
1749	2.6705595795e-002	1.5185185185e+000	
1750	2.7845468787e-002	1.5833333333e+000	
1751	2.8985341778e-002	1.6481481481e+000	
1752	3.0125214769e-002	1.7129629630e+000	
1753	3.1265087760e-002	1.7777777778e+000	
1754	3.2404960752e-002	1.8425925926e+000	
1755	3.3544833743e-002	1.9074074074e+000	
1756	3.4684706734e-002	1.9722222222e+000	
1757	3.5824579726e-002	2.0370370370e+000	
1758	3.6964452717e-002	2.1018518519e+000	
1759	3.8104325708e-002	2.1666666667e+000	
1760	3.9244198699e-002	2.2314814815e+000	
1761	4.0384071691e-002	2.2962962963e+000	
1762	4.1523944682e-002	2.3611111111e+000	
1763	4.2663817673e-002	2.4259259259e+000	
1764	4.3803690664e-002	2.4907407407e+000	
1765	4.4943563656e-002	2.5555555556e+000	
1766	4.6083436647e-002	2.6203703704e+000	
1767	4.7223309638e-002	2.6851851852e+000	
1768	4.7983224966e-002	2.7283950617e+000	
1769	4.8363182630e-002	2.7500000000e+000	
1770	0.0000000000e+000	1.0000000000e+000	
1771	0.0000000000e+000	1.0216049383e+000	
1772	0.0000000000e+000	1.0648148148e+000	
1773	0.0000000000e+000	1.1296296296e+000	
1774	0.0000000000e+000	1.1944444444e+000	
1775	0.0000000000e+000	1.2592592593e+000	
1776	0.0000000000e+000	1.3240740741e+000	
1777	0.0000000000e+000	1.3888888889e+000	
1778	0.0000000000e+000	1.4537037037e+000	
1779	0.0000000000e+000	1.5185185185e+000	
1780	0.0000000000e+000	1.5833333333e+000	
1781	0.0000000000e+000	1.6481481481e+000	
1782	0.0000000000e+000	1.7129629630e+000	
1783	0.0000000000e+000	1.7777777778e+000	
1784	0.0000000000e+000	1.8425925926e+000	
1785	0.0000000000e+000	1.9074074074e+000	
1786	0.0000000000e+000	1.9722222222e+000	
1787	0.0000000000e+000	2.0370370370e+000	
1788	0.0000000000e+000	2.1018518519e+000	
1789	0.0000000000e+000	2.1666666667e+000	
1790	0.0000000000e+000	2.2314814815e+000	
1791	0.0000000000e+000	2.2962962963e+000	
1792	0.0000000000e+000	2.3611111111e+000	
1793	0.0000000000e+000	2.4259259259e+000	
1794	0.0000000000e+000	2.4907407407e+000	
1795	0.0000000000e+000	2.5555555556e+000	
1796	0.0000000000e+000	2.6203703704e+000	
1797	0.0000000000e+000	2.6851851852e+000	
1798	0.0000000000e+000	2.7283950617e+000	
1799	0.0000000000e+000	2.7500000000e+000	
