206000.000	0.300000

1

900

3	3

34	34

30	30

0	1	2	3	4	5	6	7	8	9	10	11	12	13	14	15	16	17	18	19	20	21	22	23	24	25	26	27	28	29	30	31	32	33	34	35	36	37	38	39	40	41	42	43	44	45	46	47	48	49	50	51	52	53	54	55	56	57	58	59	60	61	62	63	64	65	66	67	68	69	70	71	72	73	74	75	76	77	78	79	80	81	82	83	84	85	86	87	88	89	90	91	92	93	94	95	96	97	98	99	100	101	102	103	104	105	106	107	108	109	110	111	112	113	114	115	116	117	118	119	120	121	122	123	124	125	126	127	128	129	130	131	132	133	134	135	136	137	138	139	140	141	142	143	144	145	146	147	148	149	150	151	152	153	154	155	156	157	158	159	160	161	162	163	164	165	166	167	168	169	170	171	172	173	174	175	176	177	178	179	180	181	182	183	184	185	186	187	188	189	190	191	192	193	194	195	196	197	198	199	200	201	202	203	204	205	206	207	208	209	210	211	212	213	214	215	216	217	218	219	220	221	222	223	224	225	226	227	228	229	230	231	232	233	234	235	236	237	238	239	240	241	242	243	244	245	246	247	248	249	250	251	252	253	254	255	256	257	258	259	260	261	262	263	264	265	266	267	268	269	270	271	272	273	274	275	276	277	278	279	280	281	282	283	284	285	286	287	288	289	290	291	292	293	294	295	296	297	298	299	300	301	302	303	304	305	306	307	308	309	310	311	312	313	314	315	316	317	318	319	320	321	322	323	324	325	326	327	328	329	330	331	332	333	334	335	336	337	338	339	340	341	342	343	344	345	346	347	348	349	350	351	352	353	354	355	356	357	358	359	360	361	362	363	364	365	366	367	368	369	370	371	372	373	374	375	376	377	378	379	380	381	382	383	384	385	386	387	388	389	390	391	392	393	394	395	396	397	398	399	400	401	402	403	404	405	406	407	408	409	410	411	412	413	414	415	416	417	418	419	420	421	422	423	424	425	426	427	428	429	430	431	432	433	434	435	436	437	438	439	440	441	442	443	444	445	446	447	448	449	450	451	452	453	454	455	456	457	458	459	460	461	462	463	464	465	466	467	468	469	470	471	472	473	474	475	476	477	478	479	480	481	482	483	484	485	486	487	488	489	490	491	492	493	494	495	496	497	498	499	500	501	502	503	504	505	506	507	508	509	510	511	512	513	514	515	516	517	518	519	520	521	522	523	524	525	526	527	528	529	530	531	532	533	534	535	536	537	538	539	540	541	542	543	544	545	546	547	548	549	550	551	552	553	554	555	556	557	558	559	560	561	562	563	564	565	566	567	568	569	570	571	572	573	574	575	576	577	578	579	580	581	582	583	584	585	586	587	588	589	590	591	592	593	594	595	596	597	598	599	600	601	602	603	604	605	606	607	608	609	610	611	612	613	614	615	616	617	618	619	620	621	622	623	624	625	626	627	628	629	630	631	632	633	634	635	636	637	638	639	640	641	642	643	644	645	646	647	648	649	650	651	652	653	654	655	656	657	658	659	660	661	662	663	664	665	666	667	668	669	670	671	672	673	674	675	676	677	678	679	680	681	682	683	684	685	686	687	688	689	690	691	692	693	694	695	696	697	698	699	700	701	702	703	704	705	706	707	708	709	710	711	712	713	714	715	716	717	718	719	720	721	722	723	724	725	726	727	728	729	730	731	732	733	734	735	736	737	738	739	740	741	742	743	744	745	746	747	748	749	750	751	752	753	754	755	756	757	758	759	760	761	762	763	764	765	766	767	768	769	770	771	772	773	774	775	776	777	778	779	780	781	782	783	784	785	786	787	788	789	790	791	792	793	794	795	796	797	798	799	800	801	802	803	804	805	806	807	808	809	810	811	812	813	814	815	816	817	818	819	820	821	822	823	824	825	826	827	828	829	830	831	832	833	834	835	836	837	838	839	840	841	842	843	844	845	846	847	848	849	850	851	852	853	854	855	856	857	858	859	860	861	862	863	864	865	866	867	868	869	870	871	872	873	874	875	876	877	878	879	880	881	882	883	884	885	886	887	888	889	890	891	892	893	894	895	896	897	898	899	

118	0	0

0.00000	0.00000	0.00000	0.00000	0.03704	0.07407	0.11111	0.14815	0.18519	0.22222	0.25926	0.29630	0.33333	0.37037	0.40741	0.44444	0.48148	0.51852	0.55556	0.59259	0.62963	0.66667	0.70370	0.74074	0.77778	0.81481	0.85185	0.88889	0.92593	0.96296	1.00000	1.00000	1.00000	1.00000	
0.00000	0.00000	0.00000	0.00000	0.03704	0.07407	0.11111	0.14815	0.18519	0.22222	0.25926	0.29630	0.33333	0.37037	0.40741	0.44444	0.48148	0.51852	0.55556	0.59259	0.62963	0.66667	0.70370	0.74074	0.77778	0.81481	0.85185	0.88889	0.92593	0.96296	1.00000	1.00000	1.00000	1.00000	

0	1.0000000000	0.0000000000	1.0000000000	
1	1.0216049383	0.0000000000	1.0000000000	
2	1.0648148148	0.0000000000	1.0000000000	
3	1.1296296296	0.0000000000	1.0000000000	
4	1.1944444444	0.0000000000	1.0000000000	
5	1.2592592593	0.0000000000	1.0000000000	
6	1.3240740741	0.0000000000	1.0000000000	
7	1.3888888889	0.0000000000	1.0000000000	
8	1.4537037037	0.0000000000	1.0000000000	
9	1.5185185185	0.0000000000	1.0000000000	
10	1.5833333333	0.0000000000	1.0000000000	
11	1.6481481481	0.0000000000	1.0000000000	
12	1.7129629630	0.0000000000	1.0000000000	
13	1.7777777778	0.0000000000	1.0000000000	
14	1.8425925926	0.0000000000	1.0000000000	
15	1.9074074074	0.0000000000	1.0000000000	
16	1.9722222222	0.0000000000	1.0000000000	
17	2.0370370370	0.0000000000	1.0000000000	
18	2.1018518519	0.0000000000	1.0000000000	
19	2.1666666667	0.0000000000	1.0000000000	
20	2.2314814815	0.0000000000	1.0000000000	
21	2.2962962963	0.0000000000	1.0000000000	
22	2.3611111111	0.0000000000	1.0000000000	
23	2.4259259259	0.0000000000	1.0000000000	
24	2.4907407407	0.0000000000	1.0000000000	
25	2.5555555556	0.0000000000	1.0000000000	
26	2.6203703704	0.0000000000	1.0000000000	
27	2.6851851852	0.0000000000	1.0000000000	
28	2.7283950617	0.0000000000	1.0000000000	
29	2.7500000000	0.0000000000	1.0000000000	
30	1.0000000000	0.0175866119	0.9927680687	
31	1.0216049383	0.0179665695	0.9927680687	
32	1.0648148148	0.0187264849	0.9927680687	
33	1.1296296296	0.0198663578	0.9927680687	
34	1.1944444444	0.0210062308	0.9927680687	
35	1.2592592593	0.0221461038	0.9927680687	
36	1.3240740741	0.0232859768	0.9927680687	
37	1.3888888889	0.0244258498	0.9927680687	
38	1.4537037037	0.0255657228	0.9927680687	
39	1.5185185185	0.0267055958	0.9927680687	
40	1.5833333333	0.0278454688	0.9927680687	
41	1.6481481481	0.0289853418	0.9927680687	
42	1.7129629630	0.0301252148	0.9927680687	
43	1.7777777778	0.0312650878	0.9927680687	
44	1.8425925926	0.0324049608	0.9927680687	
45	1.9074074074	0.0335448337	0.9927680687	
46	1.9722222222	0.0346847067	0.9927680687	
47	2.0370370370	0.0358245797	0.9927680687	
48	2.1018518519	0.0369644527	0.9927680687	
49	2.1666666667	0.0381043257	0.9927680687	
50	2.2314814815	0.0392441987	0.9927680687	
51	2.2962962963	0.0403840717	0.9927680687	
52	2.3611111111	0.0415239447	0.9927680687	
53	2.4259259259	0.0426638177	0.9927680687	
54	2.4907407407	0.0438036907	0.9927680687	
55	2.5555555556	0.0449435637	0.9927680687	
56	2.6203703704	0.0460834366	0.9927680687	
57	2.6851851852	0.0472233096	0.9927680687	
58	2.7283950617	0.0479832250	0.9927680687	
59	2.7500000000	0.0483631826	0.9927680687	
60	0.9990657361	0.0531235841	0.9788399046	
61	1.0206504897	0.0542713158	0.9788399046	
62	1.0638199968	0.0565667793	0.9788399046	
63	1.1285742575	0.0600099746	0.9788399046	
64	1.1933285182	0.0634531699	0.9788399046	
65	1.2580827789	0.0668963651	0.9788399046	
66	1.3228370395	0.0703395604	0.9788399046	
67	1.3875913002	0.0737827557	0.9788399046	
68	1.4523455609	0.0772259509	0.9788399046	
69	1.5170998216	0.0806691462	0.9788399046	
70	1.5818540822	0.0841123414	0.9788399046	
71	1.6466083429	0.0875555367	0.9788399046	
72	1.7113626036	0.0909987320	0.9788399046	
73	1.7761168643	0.0944419272	0.9788399046	
74	1.8408711249	0.0978851225	0.9788399046	
75	1.9056253856	0.1013283178	0.9788399046	
76	1.9703796463	0.1047715130	0.9788399046	
77	2.0351339070	0.1082147083	0.9788399046	
78	2.0998881676	0.1116579036	0.9788399046	
79	2.1646424283	0.1151010988	0.9788399046	
80	2.2293966890	0.1185442941	0.9788399046	
81	2.2941509497	0.1219874893	0.9788399046	
82	2.3589052103	0.1254306846	0.9788399046	
83	2.4236594710	0.1288738799	0.9788399046	
84	2.4884137317	0.1323170751	0.9788399046	
85	2.5531679924	0.1357602704	0.9788399046	
86	2.6179222530	0.1392034657	0.9788399046	
87	2.6826765137	0.1426466609	0.9788399046	
88	2.7258460208	0.1449421244	0.9788399046	
89	2.7474307744	0.1460898562	0.9788399046	
90	0.9947582761	0.1070008574	0.9595547544	
91	1.0162499673	0.1093126044	0.9595547544	
92	1.0592333496	0.1139360982	0.9595547544	
93	1.1237084230	0.1208713390	0.9595547544	
94	1.1881834965	0.1278065797	0.9595547544	
95	1.2526585699	0.1347418205	0.9595547544	
96	1.3171336434	0.1416770612	0.9595547544	
97	1.3816087168	0.1486123020	0.9595547544	
98	1.4460837903	0.1555475428	0.9595547544	
99	1.5105588637	0.1624827835	0.9595547544	
100	1.5750339372	0.1694180243	0.9595547544	
101	1.6395090106	0.1763532651	0.9595547544	
102	1.7039840841	0.1832885058	0.9595547544	
103	1.7684591575	0.1902237466	0.9595547544	
104	1.8329342310	0.1971589873	0.9595547544	
105	1.8974093044	0.2040942281	0.9595547544	
106	1.9618843779	0.2110294689	0.9595547544	
107	2.0263594513	0.2179647096	0.9595547544	
108	2.0908345248	0.2248999504	0.9595547544	
109	2.1553095982	0.2318351911	0.9595547544	
110	2.2197846717	0.2387704319	0.9595547544	
111	2.2842597451	0.2457056727	0.9595547544	
112	2.3487348186	0.2526409134	0.9595547544	
113	2.4132098920	0.2595761542	0.9595547544	
114	2.4776849655	0.2665113949	0.9595547544	
115	2.5421600390	0.2734466357	0.9595547544	
116	2.6066351124	0.2803818765	0.9595547544	
117	2.6711101859	0.2873171172	0.9595547544	
118	2.7140935682	0.2919406111	0.9595547544	
119	2.7355852593	0.2942523580	0.9595547544	
120	0.9873779321	0.1616034144	0.9418767001	
121	1.0087101714	0.1650948462	0.9418767001	
122	1.0513746499	0.1720777097	0.9418767001	
123	1.1153713678	0.1825520051	0.9418767001	
124	1.1793680856	0.1930263005	0.9418767001	
125	1.2433648034	0.2035005959	0.9418767001	
126	1.3073615212	0.2139748912	0.9418767001	
127	1.3713582391	0.2244491866	0.9418767001	
128	1.4353549569	0.2349234820	0.9418767001	
129	1.4993516747	0.2453977774	0.9418767001	
130	1.5633483925	0.2558720727	0.9418767001	
131	1.6273451103	0.2663463681	0.9418767001	
132	1.6913418282	0.2768206635	0.9418767001	
133	1.7553385460	0.2872949589	0.9418767001	
134	1.8193352638	0.2977692542	0.9418767001	
135	1.8833319816	0.3082435496	0.9418767001	
136	1.9473286995	0.3187178450	0.9418767001	
137	2.0113254173	0.3291921404	0.9418767001	
138	2.0753221351	0.3396664358	0.9418767001	
139	2.1393188529	0.3501407311	0.9418767001	
140	2.2033155708	0.3606150265	0.9418767001	
141	2.2673122886	0.3710893219	0.9418767001	
142	2.3313090064	0.3815636173	0.9418767001	
143	2.3953057242	0.3920379126	0.9418767001	
144	2.4593024420	0.4025122080	0.9418767001	
145	2.5232991599	0.4129865034	0.9418767001	
146	2.5872958777	0.4234607988	0.9418767001	
147	2.6512925955	0.4339350941	0.9418767001	
148	2.6939570741	0.4409179577	0.9418767001	
149	2.7152893133	0.4444093895	0.9418767001	
150	0.9767871104	0.2166884503	0.9258057416	
151	0.9978905357	0.2213699909	0.9258057416	
152	1.0400973861	0.2307330721	0.9258057416	
153	1.1034076618	0.2447776939	0.9258057416	
154	1.1667179375	0.2588223156	0.9258057416	
155	1.2300282132	0.2728669374	0.9258057416	
156	1.2933384888	0.2869115592	0.9258057416	
157	1.3566487645	0.3009561810	0.9258057416	
158	1.4199590402	0.3150008028	0.9258057416	
159	1.4832693159	0.3290454245	0.9258057416	
160	1.5465795915	0.3430900463	0.9258057416	
161	1.6098898672	0.3571346681	0.9258057416	
162	1.6732001429	0.3711792899	0.9258057416	
163	1.7365104186	0.3852239117	0.9258057416	
164	1.7998206942	0.3992685334	0.9258057416	
165	1.8631309699	0.4133131552	0.9258057416	
166	1.9264412456	0.4273577770	0.9258057416	
167	1.9897515213	0.4414023988	0.9258057416	
168	2.0530617970	0.4554470205	0.9258057416	
169	2.1163720726	0.4694916423	0.9258057416	
170	2.1796823483	0.4835362641	0.9258057416	
171	2.2429926240	0.4975808859	0.9258057416	
172	2.3063028997	0.5116255077	0.9258057416	
173	2.3696131753	0.5256701294	0.9258057416	
174	2.4329234510	0.5397147512	0.9258057416	
175	2.4962337267	0.5537593730	0.9258057416	
176	2.5595440024	0.5678039948	0.9258057416	
177	2.6228542780	0.5818486166	0.9258057416	
178	2.6650611285	0.5912116977	0.9258057416	
179	2.6861645537	0.5958932383	0.9258057416	
180	0.9628719954	0.2719900726	0.9113418789	
181	0.9836747855	0.2778664014	0.9113418789	
182	1.0252803655	0.2896190588	0.9113418789	
183	1.0876887356	0.3072480450	0.9113418789	
184	1.1500971057	0.3248770312	0.9113418789	
185	1.2125054757	0.3425060174	0.9113418789	
186	1.2749138458	0.3601350036	0.9113418789	
187	1.3373222159	0.3777639898	0.9113418789	
188	1.3997305860	0.3953929759	0.9113418789	
189	1.4621389560	0.4130219621	0.9113418789	
190	1.5245473261	0.4306509483	0.9113418789	
191	1.5869556962	0.4482799345	0.9113418789	
192	1.6493640663	0.4659089207	0.9113418789	
193	1.7117724363	0.4835379069	0.9113418789	
194	1.7741808064	0.5011668931	0.9113418789	
195	1.8365891765	0.5187958793	0.9113418789	
196	1.8989975465	0.5364248655	0.9113418789	
197	1.9614059166	0.5540538516	0.9113418789	
198	2.0238142867	0.5716828378	0.9113418789	
199	2.0862226568	0.5893118240	0.9113418789	
200	2.1486310268	0.6069408102	0.9113418789	
201	2.2110393969	0.6245697964	0.9113418789	
202	2.2734477670	0.6421987826	0.9113418789	
203	2.3358561371	0.6598277688	0.9113418789	
204	2.3982645071	0.6774567550	0.9113418789	
205	2.4606728772	0.6950857411	0.9113418789	
206	2.5230812473	0.7127147273	0.9113418789	
207	2.5854896174	0.7303437135	0.9113418789	
208	2.6270951974	0.7420963710	0.9113418789	
209	2.6478979874	0.7479726997	0.9113418789	
210	0.9455467119	0.3272219917	0.8984851121	
211	0.9659751902	0.3342916026	0.8984851121	
212	1.0068321469	0.3484308245	0.8984851121	
213	1.0681175819	0.3696396572	0.8984851121	
214	1.1294030170	0.3908484900	0.8984851121	
215	1.1906884520	0.4120573228	0.8984851121	
216	1.2519738870	0.4332661556	0.8984851121	
217	1.3132593221	0.4544749884	0.8984851121	
218	1.3745447571	0.4756838212	0.8984851121	
219	1.4358301921	0.4968926540	0.8984851121	
220	1.4971156271	0.5181014868	0.8984851121	
221	1.5584010622	0.5393103196	0.8984851121	
222	1.6196864972	0.5605191524	0.8984851121	
223	1.6809719322	0.5817279852	0.8984851121	
224	1.7422573673	0.6029368180	0.8984851121	
225	1.8035428023	0.6241456508	0.8984851121	
226	1.8648282373	0.6453544836	0.8984851121	
227	1.9261136724	0.6665633163	0.8984851121	
228	1.9873991074	0.6877721491	0.8984851121	
229	2.0486845424	0.7089809819	0.8984851121	
230	2.1099699774	0.7301898147	0.8984851121	
231	2.1712554125	0.7513986475	0.8984851121	
232	2.2325408475	0.7726074803	0.8984851121	
233	2.2938262825	0.7938163131	0.8984851121	
234	2.3551117176	0.8150251459	0.8984851121	
235	2.4163971526	0.8362339787	0.8984851121	
236	2.4776825876	0.8574428115	0.8984851121	
237	2.5389680226	0.8786516443	0.8984851121	
238	2.5798249793	0.8927908661	0.8984851121	
239	2.6002534577	0.8998604771	0.8984851121	
240	0.9247571580	0.3820810439	0.8872354411	
241	0.9447364793	0.3903358812	0.8872354411	
242	0.9846951219	0.4068455560	0.8872354411	
243	1.0446330859	0.4316100681	0.8872354411	
244	1.1045710498	0.4563745802	0.8872354411	
245	1.1645090137	0.4811390923	0.8872354411	
246	1.2244469777	0.5059036044	0.8872354411	
247	1.2843849416	0.5306681165	0.8872354411	
248	1.3443229056	0.5554326286	0.8872354411	
249	1.4042608695	0.5801971407	0.8872354411	
250	1.4641988335	0.6049616528	0.8872354411	
251	1.5241367974	0.6297261649	0.8872354411	
252	1.5840747613	0.6544906770	0.8872354411	
253	1.6440127253	0.6792551891	0.8872354411	
254	1.7039506892	0.7040197012	0.8872354411	
255	1.7638886532	0.7287842133	0.8872354411	
256	1.8238266171	0.7535487254	0.8872354411	
257	1.8837645810	0.7783132375	0.8872354411	
258	1.9437025450	0.8030777496	0.8872354411	
259	2.0036405089	0.8278422617	0.8872354411	
260	2.0635784729	0.8526067738	0.8872354411	
261	2.1235164368	0.8773712859	0.8872354411	
262	2.1834544008	0.9021357980	0.8872354411	
263	2.2433923647	0.9269003101	0.8872354411	
264	2.3033303286	0.9516648222	0.8872354411	
265	2.3632682926	0.9764293343	0.8872354411	
266	2.4232062565	1.0011938465	0.8872354411	
267	2.4831442205	1.0259583586	0.8872354411	
268	2.5231028631	1.0424680333	0.8872354411	
269	2.5430821844	1.0507228707	0.8872354411	
270	0.9004843234	0.4362515075	0.8775928660	
271	0.9199392316	0.4456766944	0.8775928660	
272	0.9588490481	0.4645270682	0.8775928660	
273	1.0172137727	0.4928026289	0.8775928660	
274	1.0755784974	0.5210781895	0.8775928660	
275	1.1339432221	0.5493537502	0.8775928660	
276	1.1923079467	0.5776293109	0.8775928660	
277	1.2506726714	0.6059048716	0.8775928660	
278	1.3090373961	0.6341804322	0.8775928660	
279	1.3674021207	0.6624559929	0.8775928660	
280	1.4257668454	0.6907315536	0.8775928660	
281	1.4841315701	0.7190071142	0.8775928660	
282	1.5424962947	0.7472826749	0.8775928660	
283	1.6008610194	0.7755582356	0.8775928660	
284	1.6592257441	0.8038337963	0.8775928660	
285	1.7175904687	0.8321093569	0.8775928660	
286	1.7759551934	0.8603849176	0.8775928660	
287	1.8343199181	0.8886604783	0.8775928660	
288	1.8926846427	0.9169360390	0.8775928660	
289	1.9510493674	0.9452115996	0.8775928660	
290	2.0094140921	0.9734871603	0.8775928660	
291	2.0677788167	1.0017627210	0.8775928660	
292	2.1261435414	1.0300382816	0.8775928660	
293	2.1845082661	1.0583138423	0.8775928660	
294	2.2428729907	1.0865894030	0.8775928660	
295	2.3012377154	1.1148649637	0.8775928660	
296	2.3596024401	1.1431405243	0.8775928660	
297	2.4179671647	1.1714160850	0.8775928660	
298	2.4568769812	1.1902664588	0.8775928660	
299	2.4763318894	1.1996916457	0.8775928660	
300	0.8727469108	0.4894101254	0.8695573868	
301	0.8916025539	0.4999838009	0.8695573868	
302	0.9293138402	0.5211311520	0.8695573868	
303	0.9858807696	0.5528521787	0.8695573868	
304	1.0424476990	0.5845732053	0.8695573868	
305	1.0990146284	0.6162942320	0.8695573868	
306	1.1555815578	0.6480152586	0.8695573868	
307	1.2121484872	0.6797362853	0.8695573868	
308	1.2687154166	0.7114573119	0.8695573868	
309	1.3252823460	0.7431783386	0.8695573868	
310	1.3818492754	0.7748993652	0.8695573868	
311	1.4384162048	0.8066203919	0.8695573868	
312	1.4949831342	0.8383414185	0.8695573868	
313	1.5515500636	0.8700624451	0.8695573868	
314	1.6081169930	0.9017834718	0.8695573868	
315	1.6646839224	0.9335044984	0.8695573868	
316	1.7212508518	0.9652255251	0.8695573868	
317	1.7778177812	0.9969465517	0.8695573868	
318	1.8343847106	1.0286675784	0.8695573868	
319	1.8909516400	1.0603886050	0.8695573868	
320	1.9475185694	1.0921096317	0.8695573868	
321	2.0040854988	1.1238306583	0.8695573868	
322	2.0606524282	1.1555516850	0.8695573868	
323	2.1172193576	1.1872727116	0.8695573868	
324	2.1737862870	1.2189937383	0.8695573868	
325	2.2303532164	1.2507147649	0.8695573868	
326	2.2869201458	1.2824357915	0.8695573868	
327	2.3434870752	1.3141568182	0.8695573868	
328	2.3811983615	1.3353041693	0.8695573868	
329	2.4000540046	1.3458778448	0.8695573868	
330	0.8416030937	0.5412317028	0.8631290034	
331	0.8597858766	0.5529249803	0.8631290034	
332	0.8961514424	0.5763115354	0.8631290034	
333	0.9506997910	0.6113913680	0.8631290034	
334	1.0052481397	0.6464712006	0.8631290034	
335	1.0597964884	0.6815510332	0.8631290034	
336	1.1143448370	0.7166308658	0.8631290034	
337	1.1688931857	0.7517106983	0.8631290034	
338	1.2234415344	0.7867905309	0.8631290034	
339	1.2779898830	0.8218703635	0.8631290034	
340	1.3325382317	0.8569501961	0.8631290034	
341	1.3870865803	0.8920300287	0.8631290034	
342	1.4416349290	0.9271098613	0.8631290034	
343	1.4961832777	0.9621896939	0.8631290034	
344	1.5507316263	0.9972695265	0.8631290034	
345	1.6052799750	1.0323493591	0.8631290034	
346	1.6598283237	1.0674291916	0.8631290034	
347	1.7143766723	1.1025090242	0.8631290034	
348	1.7689250210	1.1375888568	0.8631290034	
349	1.8234733697	1.1726686894	0.8631290034	
350	1.8780217183	1.2077485220	0.8631290034	
351	1.9325700670	1.2428283546	0.8631290034	
352	1.9871184157	1.2779081872	0.8631290034	
353	2.0416667643	1.3129880198	0.8631290034	
354	2.0962151130	1.3480678524	0.8631290034	
355	2.1507634617	1.3831476849	0.8631290034	
356	2.2053118103	1.4182275175	0.8631290034	
357	2.2598601590	1.4533073501	0.8631290034	
358	2.2962257248	1.4766939052	0.8631290034	
359	2.3144085077	1.4883871827	0.8631290034	
360	0.8071512755	0.5913951058	0.8583077158	
361	0.8245897290	0.6041721605	0.8583077158	
362	0.8594666359	0.6297262701	0.8583077158	
363	0.9117819964	0.6680574343	0.8583077158	
364	0.9640973568	0.7063885986	0.8583077158	
365	1.0164127173	0.7447197628	0.8583077158	
366	1.0687280777	0.7830509271	0.8583077158	
367	1.1210434382	0.8213820914	0.8583077158	
368	1.1733587986	0.8597132556	0.8583077158	
369	1.2256741591	0.8980444199	0.8583077158	
370	1.2779895195	0.9363755842	0.8583077158	
371	1.3303048800	0.9747067484	0.8583077158	
372	1.3826202404	1.0130379127	0.8583077158	
373	1.4349356009	1.0513690770	0.8583077158	
374	1.4872509613	1.0897002412	0.8583077158	
375	1.5395663218	1.1280314055	0.8583077158	
376	1.5918816822	1.1663625697	0.8583077158	
377	1.6441970426	1.2046937340	0.8583077158	
378	1.6965124031	1.2430248983	0.8583077158	
379	1.7488277635	1.2813560625	0.8583077158	
380	1.8011431240	1.3196872268	0.8583077158	
381	1.8534584844	1.3580183911	0.8583077158	
382	1.9057738449	1.3963495553	0.8583077158	
383	1.9580892053	1.4346807196	0.8583077158	
384	2.0104045658	1.4730118839	0.8583077158	
385	2.0627199262	1.5113430481	0.8583077158	
386	2.1150352867	1.5496742124	0.8583077158	
387	2.1673506471	1.5880053766	0.8583077158	
388	2.2022275541	1.6135594862	0.8583077158	
389	2.2196660076	1.6263365409	0.8583077158	
390	0.7695297517	0.6395894493	0.8550935241	
391	0.7861553945	0.6534077399	0.8550935241	
392	0.8194066800	0.6810443210	0.8550935241	
393	0.8692836084	0.7224991927	0.8550935241	
394	0.9191605367	0.7639540644	0.8550935241	
395	0.9690374651	0.8054089361	0.8550935241	
396	1.0189143934	0.8468638079	0.8550935241	
397	1.0687913218	0.8883186796	0.8550935241	
398	1.1186682502	0.9297735513	0.8550935241	
399	1.1685451785	0.9712284230	0.8550935241	
400	1.2184221069	1.0126832947	0.8550935241	
401	1.2682990352	1.0541381664	0.8550935241	
402	1.3181759636	1.0955930381	0.8550935241	
403	1.3680528919	1.1370479098	0.8550935241	
404	1.4179298203	1.1785027816	0.8550935241	
405	1.4678067486	1.2199576533	0.8550935241	
406	1.5176836770	1.2614125250	0.8550935241	
407	1.5675606053	1.3028673967	0.8550935241	
408	1.6174375337	1.3443222684	0.8550935241	
409	1.6673144620	1.3857771401	0.8550935241	
410	1.7171913904	1.4272320118	0.8550935241	
411	1.7670683187	1.4686868835	0.8550935241	
412	1.8169452471	1.5101417553	0.8550935241	
413	1.8668221754	1.5515966270	0.8550935241	
414	1.9166991038	1.5930514987	0.8550935241	
415	1.9665760321	1.6345063704	0.8550935241	
416	2.0164529605	1.6759612421	0.8550935241	
417	2.0663298888	1.7174161138	0.8550935241	
418	2.0995811744	1.7450526950	0.8550935241	
419	2.1162068172	1.7588709855	0.8550935241	
420	0.7289152329	0.6855202405	0.8534864283	
421	0.7446634015	0.7003308630	0.8534864283	
422	0.7761597387	0.7299521080	0.8534864283	
423	0.8234042446	0.7743839754	0.8534864283	
424	0.8706487504	0.8188158429	0.8534864283	
425	0.9178932562	0.8632477103	0.8534864283	
426	0.9651377621	0.9076795777	0.8534864283	
427	1.0123822679	0.9521114452	0.8534864283	
428	1.0596267737	0.9965433126	0.8534864283	
429	1.1068712796	1.0409751801	0.8534864283	
430	1.1541157854	1.0854070475	0.8534864283	
431	1.2013602912	1.1298389149	0.8534864283	
432	1.2486047971	1.1742707824	0.8534864283	
433	1.2958493029	1.2187026498	0.8534864283	
434	1.3430938087	1.2631345173	0.8534864283	
435	1.3903383146	1.3075663847	0.8534864283	
436	1.4375828204	1.3519982521	0.8534864283	
437	1.4848273263	1.3964301196	0.8534864283	
438	1.5320718321	1.4408619870	0.8534864283	
439	1.5793163379	1.4852938545	0.8534864283	
440	1.6265608438	1.5297257219	0.8534864283	
441	1.6738053496	1.5741575894	0.8534864283	
442	1.7210498554	1.6185894568	0.8534864283	
443	1.7682943613	1.6630213242	0.8534864283	
444	1.8155388671	1.7074531917	0.8534864283	
445	1.8627833729	1.7518850591	0.8534864283	
446	1.9100278788	1.7963169266	0.8534864283	
447	1.9572723846	1.8407487940	0.8534864283	
448	1.9887687218	1.8703700390	0.8534864283	
449	2.0045168904	1.8851806614	0.8534864283	
450	0.6855202405	0.7289152329	0.8534864283	
451	0.7003308630	0.7446634015	0.8534864283	
452	0.7299521080	0.7761597387	0.8534864283	
453	0.7743839754	0.8234042446	0.8534864283	
454	0.8188158429	0.8706487504	0.8534864283	
455	0.8632477103	0.9178932562	0.8534864283	
456	0.9076795777	0.9651377621	0.8534864283	
457	0.9521114452	1.0123822679	0.8534864283	
458	0.9965433126	1.0596267737	0.8534864283	
459	1.0409751801	1.1068712796	0.8534864283	
460	1.0854070475	1.1541157854	0.8534864283	
461	1.1298389149	1.2013602912	0.8534864283	
462	1.1742707824	1.2486047971	0.8534864283	
463	1.2187026498	1.2958493029	0.8534864283	
464	1.2631345173	1.3430938087	0.8534864283	
465	1.3075663847	1.3903383146	0.8534864283	
466	1.3519982521	1.4375828204	0.8534864283	
467	1.3964301196	1.4848273263	0.8534864283	
468	1.4408619870	1.5320718321	0.8534864283	
469	1.4852938545	1.5793163379	0.8534864283	
470	1.5297257219	1.6265608438	0.8534864283	
471	1.5741575894	1.6738053496	0.8534864283	
472	1.6185894568	1.7210498554	0.8534864283	
473	1.6630213242	1.7682943613	0.8534864283	
474	1.7074531917	1.8155388671	0.8534864283	
475	1.7518850591	1.8627833729	0.8534864283	
476	1.7963169266	1.9100278788	0.8534864283	
477	1.8407487940	1.9572723846	0.8534864283	
478	1.8703700390	1.9887687218	0.8534864283	
479	1.8851806614	2.0045168904	0.8534864283	
480	0.6395894493	0.7695297517	0.8550935241	
481	0.6534077399	0.7861553945	0.8550935241	
482	0.6810443210	0.8194066800	0.8550935241	
483	0.7224991927	0.8692836084	0.8550935241	
484	0.7639540644	0.9191605367	0.8550935241	
485	0.8054089361	0.9690374651	0.8550935241	
486	0.8468638079	1.0189143934	0.8550935241	
487	0.8883186796	1.0687913218	0.8550935241	
488	0.9297735513	1.1186682502	0.8550935241	
489	0.9712284230	1.1685451785	0.8550935241	
490	1.0126832947	1.2184221069	0.8550935241	
491	1.0541381664	1.2682990352	0.8550935241	
492	1.0955930381	1.3181759636	0.8550935241	
493	1.1370479098	1.3680528919	0.8550935241	
494	1.1785027816	1.4179298203	0.8550935241	
495	1.2199576533	1.4678067486	0.8550935241	
496	1.2614125250	1.5176836770	0.8550935241	
497	1.3028673967	1.5675606053	0.8550935241	
498	1.3443222684	1.6174375337	0.8550935241	
499	1.3857771401	1.6673144620	0.8550935241	
500	1.4272320118	1.7171913904	0.8550935241	
501	1.4686868835	1.7670683187	0.8550935241	
502	1.5101417553	1.8169452471	0.8550935241	
503	1.5515966270	1.8668221754	0.8550935241	
504	1.5930514987	1.9166991038	0.8550935241	
505	1.6345063704	1.9665760321	0.8550935241	
506	1.6759612421	2.0164529605	0.8550935241	
507	1.7174161138	2.0663298888	0.8550935241	
508	1.7450526950	2.0995811744	0.8550935241	
509	1.7588709855	2.1162068172	0.8550935241	
510	0.5913951058	0.8071512755	0.8583077158	
511	0.6041721605	0.8245897290	0.8583077158	
512	0.6297262701	0.8594666359	0.8583077158	
513	0.6680574343	0.9117819964	0.8583077158	
514	0.7063885986	0.9640973568	0.8583077158	
515	0.7447197628	1.0164127173	0.8583077158	
516	0.7830509271	1.0687280777	0.8583077158	
517	0.8213820914	1.1210434382	0.8583077158	
518	0.8597132556	1.1733587986	0.8583077158	
519	0.8980444199	1.2256741591	0.8583077158	
520	0.9363755842	1.2779895195	0.8583077158	
521	0.9747067484	1.3303048800	0.8583077158	
522	1.0130379127	1.3826202404	0.8583077158	
523	1.0513690770	1.4349356009	0.8583077158	
524	1.0897002412	1.4872509613	0.8583077158	
525	1.1280314055	1.5395663218	0.8583077158	
526	1.1663625697	1.5918816822	0.8583077158	
527	1.2046937340	1.6441970426	0.8583077158	
528	1.2430248983	1.6965124031	0.8583077158	
529	1.2813560625	1.7488277635	0.8583077158	
530	1.3196872268	1.8011431240	0.8583077158	
531	1.3580183911	1.8534584844	0.8583077158	
532	1.3963495553	1.9057738449	0.8583077158	
533	1.4346807196	1.9580892053	0.8583077158	
534	1.4730118839	2.0104045658	0.8583077158	
535	1.5113430481	2.0627199262	0.8583077158	
536	1.5496742124	2.1150352867	0.8583077158	
537	1.5880053766	2.1673506471	0.8583077158	
538	1.6135594862	2.2022275541	0.8583077158	
539	1.6263365409	2.2196660076	0.8583077158	
540	0.5412317028	0.8416030937	0.8631290034	
541	0.5529249803	0.8597858766	0.8631290034	
542	0.5763115354	0.8961514424	0.8631290034	
543	0.6113913680	0.9506997910	0.8631290034	
544	0.6464712006	1.0052481397	0.8631290034	
545	0.6815510332	1.0597964884	0.8631290034	
546	0.7166308658	1.1143448370	0.8631290034	
547	0.7517106983	1.1688931857	0.8631290034	
548	0.7867905309	1.2234415344	0.8631290034	
549	0.8218703635	1.2779898830	0.8631290034	
550	0.8569501961	1.3325382317	0.8631290034	
551	0.8920300287	1.3870865803	0.8631290034	
552	0.9271098613	1.4416349290	0.8631290034	
553	0.9621896939	1.4961832777	0.8631290034	
554	0.9972695265	1.5507316263	0.8631290034	
555	1.0323493591	1.6052799750	0.8631290034	
556	1.0674291916	1.6598283237	0.8631290034	
557	1.1025090242	1.7143766723	0.8631290034	
558	1.1375888568	1.7689250210	0.8631290034	
559	1.1726686894	1.8234733697	0.8631290034	
560	1.2077485220	1.8780217183	0.8631290034	
561	1.2428283546	1.9325700670	0.8631290034	
562	1.2779081872	1.9871184157	0.8631290034	
563	1.3129880198	2.0416667643	0.8631290034	
564	1.3480678524	2.0962151130	0.8631290034	
565	1.3831476849	2.1507634617	0.8631290034	
566	1.4182275175	2.2053118103	0.8631290034	
567	1.4533073501	2.2598601590	0.8631290034	
568	1.4766939052	2.2962257248	0.8631290034	
569	1.4883871827	2.3144085077	0.8631290034	
570	0.4894101254	0.8727469108	0.8695573868	
571	0.4999838009	0.8916025539	0.8695573868	
572	0.5211311520	0.9293138402	0.8695573868	
573	0.5528521787	0.9858807696	0.8695573868	
574	0.5845732053	1.0424476990	0.8695573868	
575	0.6162942320	1.0990146284	0.8695573868	
576	0.6480152586	1.1555815578	0.8695573868	
577	0.6797362853	1.2121484872	0.8695573868	
578	0.7114573119	1.2687154166	0.8695573868	
579	0.7431783386	1.3252823460	0.8695573868	
580	0.7748993652	1.3818492754	0.8695573868	
581	0.8066203919	1.4384162048	0.8695573868	
582	0.8383414185	1.4949831342	0.8695573868	
583	0.8700624451	1.5515500636	0.8695573868	
584	0.9017834718	1.6081169930	0.8695573868	
585	0.9335044984	1.6646839224	0.8695573868	
586	0.9652255251	1.7212508518	0.8695573868	
587	0.9969465517	1.7778177812	0.8695573868	
588	1.0286675784	1.8343847106	0.8695573868	
589	1.0603886050	1.8909516400	0.8695573868	
590	1.0921096317	1.9475185694	0.8695573868	
591	1.1238306583	2.0040854988	0.8695573868	
592	1.1555516850	2.0606524282	0.8695573868	
593	1.1872727116	2.1172193576	0.8695573868	
594	1.2189937383	2.1737862870	0.8695573868	
595	1.2507147649	2.2303532164	0.8695573868	
596	1.2824357915	2.2869201458	0.8695573868	
597	1.3141568182	2.3434870752	0.8695573868	
598	1.3353041693	2.3811983615	0.8695573868	
599	1.3458778448	2.4000540046	0.8695573868	
600	0.4362515075	0.9004843234	0.8775928660	
601	0.4456766944	0.9199392316	0.8775928660	
602	0.4645270682	0.9588490481	0.8775928660	
603	0.4928026289	1.0172137727	0.8775928660	
604	0.5210781895	1.0755784974	0.8775928660	
605	0.5493537502	1.1339432221	0.8775928660	
606	0.5776293109	1.1923079467	0.8775928660	
607	0.6059048716	1.2506726714	0.8775928660	
608	0.6341804322	1.3090373961	0.8775928660	
609	0.6624559929	1.3674021207	0.8775928660	
610	0.6907315536	1.4257668454	0.8775928660	
611	0.7190071142	1.4841315701	0.8775928660	
612	0.7472826749	1.5424962947	0.8775928660	
613	0.7755582356	1.6008610194	0.8775928660	
614	0.8038337963	1.6592257441	0.8775928660	
615	0.8321093569	1.7175904687	0.8775928660	
616	0.8603849176	1.7759551934	0.8775928660	
617	0.8886604783	1.8343199181	0.8775928660	
618	0.9169360390	1.8926846427	0.8775928660	
619	0.9452115996	1.9510493674	0.8775928660	
620	0.9734871603	2.0094140921	0.8775928660	
621	1.0017627210	2.0677788167	0.8775928660	
622	1.0300382816	2.1261435414	0.8775928660	
623	1.0583138423	2.1845082661	0.8775928660	
624	1.0865894030	2.2428729907	0.8775928660	
625	1.1148649637	2.3012377154	0.8775928660	
626	1.1431405243	2.3596024401	0.8775928660	
627	1.1714160850	2.4179671647	0.8775928660	
628	1.1902664588	2.4568769812	0.8775928660	
629	1.1996916457	2.4763318894	0.8775928660	
630	0.3820810439	0.9247571580	0.8872354411	
631	0.3903358812	0.9447364793	0.8872354411	
632	0.4068455560	0.9846951219	0.8872354411	
633	0.4316100681	1.0446330859	0.8872354411	
634	0.4563745802	1.1045710498	0.8872354411	
635	0.4811390923	1.1645090137	0.8872354411	
636	0.5059036044	1.2244469777	0.8872354411	
637	0.5306681165	1.2843849416	0.8872354411	
638	0.5554326286	1.3443229056	0.8872354411	
639	0.5801971407	1.4042608695	0.8872354411	
640	0.6049616528	1.4641988335	0.8872354411	
641	0.6297261649	1.5241367974	0.8872354411	
642	0.6544906770	1.5840747613	0.8872354411	
643	0.6792551891	1.6440127253	0.8872354411	
644	0.7040197012	1.7039506892	0.8872354411	
645	0.7287842133	1.7638886532	0.8872354411	
646	0.7535487254	1.8238266171	0.8872354411	
647	0.7783132375	1.8837645810	0.8872354411	
648	0.8030777496	1.9437025450	0.8872354411	
649	0.8278422617	2.0036405089	0.8872354411	
650	0.8526067738	2.0635784729	0.8872354411	
651	0.8773712859	2.1235164368	0.8872354411	
652	0.9021357980	2.1834544008	0.8872354411	
653	0.9269003101	2.2433923647	0.8872354411	
654	0.9516648222	2.3033303286	0.8872354411	
655	0.9764293343	2.3632682926	0.8872354411	
656	1.0011938465	2.4232062565	0.8872354411	
657	1.0259583586	2.4831442205	0.8872354411	
658	1.0424680333	2.5231028631	0.8872354411	
659	1.0507228707	2.5430821844	0.8872354411	
660	0.3272219917	0.9455467119	0.8984851121	
661	0.3342916026	0.9659751902	0.8984851121	
662	0.3484308245	1.0068321469	0.8984851121	
663	0.3696396572	1.0681175819	0.8984851121	
664	0.3908484900	1.1294030170	0.8984851121	
665	0.4120573228	1.1906884520	0.8984851121	
666	0.4332661556	1.2519738870	0.8984851121	
667	0.4544749884	1.3132593221	0.8984851121	
668	0.4756838212	1.3745447571	0.8984851121	
669	0.4968926540	1.4358301921	0.8984851121	
670	0.5181014868	1.4971156271	0.8984851121	
671	0.5393103196	1.5584010622	0.8984851121	
672	0.5605191524	1.6196864972	0.8984851121	
673	0.5817279852	1.6809719322	0.8984851121	
674	0.6029368180	1.7422573673	0.8984851121	
675	0.6241456508	1.8035428023	0.8984851121	
676	0.6453544836	1.8648282373	0.8984851121	
677	0.6665633163	1.9261136724	0.8984851121	
678	0.6877721491	1.9873991074	0.8984851121	
679	0.7089809819	2.0486845424	0.8984851121	
680	0.7301898147	2.1099699774	0.8984851121	
681	0.7513986475	2.1712554125	0.8984851121	
682	0.7726074803	2.2325408475	0.8984851121	
683	0.7938163131	2.2938262825	0.8984851121	
684	0.8150251459	2.3551117176	0.8984851121	
685	0.8362339787	2.4163971526	0.8984851121	
686	0.8574428115	2.4776825876	0.8984851121	
687	0.8786516443	2.5389680226	0.8984851121	
688	0.8927908661	2.5798249793	0.8984851121	
689	0.8998604771	2.6002534577	0.8984851121	
690	0.2719900726	0.9628719954	0.9113418789	
691	0.2778664014	0.9836747855	0.9113418789	
692	0.2896190588	1.0252803655	0.9113418789	
693	0.3072480450	1.0876887356	0.9113418789	
694	0.3248770312	1.1500971057	0.9113418789	
695	0.3425060174	1.2125054757	0.9113418789	
696	0.3601350036	1.2749138458	0.9113418789	
697	0.3777639898	1.3373222159	0.9113418789	
698	0.3953929759	1.3997305860	0.9113418789	
699	0.4130219621	1.4621389560	0.9113418789	
700	0.4306509483	1.5245473261	0.9113418789	
701	0.4482799345	1.5869556962	0.9113418789	
702	0.4659089207	1.6493640663	0.9113418789	
703	0.4835379069	1.7117724363	0.9113418789	
704	0.5011668931	1.7741808064	0.9113418789	
705	0.5187958793	1.8365891765	0.9113418789	
706	0.5364248655	1.8989975465	0.9113418789	
707	0.5540538516	1.9614059166	0.9113418789	
708	0.5716828378	2.0238142867	0.9113418789	
709	0.5893118240	2.0862226568	0.9113418789	
710	0.6069408102	2.1486310268	0.9113418789	
711	0.6245697964	2.2110393969	0.9113418789	
712	0.6421987826	2.2734477670	0.9113418789	
713	0.6598277688	2.3358561371	0.9113418789	
714	0.6774567550	2.3982645071	0.9113418789	
715	0.6950857411	2.4606728772	0.9113418789	
716	0.7127147273	2.5230812473	0.9113418789	
717	0.7303437135	2.5854896174	0.9113418789	
718	0.7420963710	2.6270951974	0.9113418789	
719	0.7479726997	2.6478979874	0.9113418789	
720	0.2166884503	0.9767871104	0.9258057416	
721	0.2213699909	0.9978905357	0.9258057416	
722	0.2307330721	1.0400973861	0.9258057416	
723	0.2447776939	1.1034076618	0.9258057416	
724	0.2588223156	1.1667179375	0.9258057416	
725	0.2728669374	1.2300282132	0.9258057416	
726	0.2869115592	1.2933384888	0.9258057416	
727	0.3009561810	1.3566487645	0.9258057416	
728	0.3150008028	1.4199590402	0.9258057416	
729	0.3290454245	1.4832693159	0.9258057416	
730	0.3430900463	1.5465795915	0.9258057416	
731	0.3571346681	1.6098898672	0.9258057416	
732	0.3711792899	1.6732001429	0.9258057416	
733	0.3852239117	1.7365104186	0.9258057416	
734	0.3992685334	1.7998206942	0.9258057416	
735	0.4133131552	1.8631309699	0.9258057416	
736	0.4273577770	1.9264412456	0.9258057416	
737	0.4414023988	1.9897515213	0.9258057416	
738	0.4554470205	2.0530617970	0.9258057416	
739	0.4694916423	2.1163720726	0.9258057416	
740	0.4835362641	2.1796823483	0.9258057416	
741	0.4975808859	2.2429926240	0.9258057416	
742	0.5116255077	2.3063028997	0.9258057416	
743	0.5256701294	2.3696131753	0.9258057416	
744	0.5397147512	2.4329234510	0.9258057416	
745	0.5537593730	2.4962337267	0.9258057416	
746	0.5678039948	2.5595440024	0.9258057416	
747	0.5818486166	2.6228542780	0.9258057416	
748	0.5912116977	2.6650611285	0.9258057416	
749	0.5958932383	2.6861645537	0.9258057416	
750	0.1616034144	0.9873779321	0.9418767001	
751	0.1650948462	1.0087101714	0.9418767001	
752	0.1720777097	1.0513746499	0.9418767001	
753	0.1825520051	1.1153713678	0.9418767001	
754	0.1930263005	1.1793680856	0.9418767001	
755	0.2035005959	1.2433648034	0.9418767001	
756	0.2139748912	1.3073615212	0.9418767001	
757	0.2244491866	1.3713582391	0.9418767001	
758	0.2349234820	1.4353549569	0.9418767001	
759	0.2453977774	1.4993516747	0.9418767001	
760	0.2558720727	1.5633483925	0.9418767001	
761	0.2663463681	1.6273451103	0.9418767001	
762	0.2768206635	1.6913418282	0.9418767001	
763	0.2872949589	1.7553385460	0.9418767001	
764	0.2977692542	1.8193352638	0.9418767001	
765	0.3082435496	1.8833319816	0.9418767001	
766	0.3187178450	1.9473286995	0.9418767001	
767	0.3291921404	2.0113254173	0.9418767001	
768	0.3396664358	2.0753221351	0.9418767001	
769	0.3501407311	2.1393188529	0.9418767001	
770	0.3606150265	2.2033155708	0.9418767001	
771	0.3710893219	2.2673122886	0.9418767001	
772	0.3815636173	2.3313090064	0.9418767001	
773	0.3920379126	2.3953057242	0.9418767001	
774	0.4025122080	2.4593024420	0.9418767001	
775	0.4129865034	2.5232991599	0.9418767001	
776	0.4234607988	2.5872958777	0.9418767001	
777	0.4339350941	2.6512925955	0.9418767001	
778	0.4409179577	2.6939570741	0.9418767001	
779	0.4444093895	2.7152893133	0.9418767001	
780	0.1070008574	0.9947582761	0.9595547544	
781	0.1093126044	1.0162499673	0.9595547544	
782	0.1139360982	1.0592333496	0.9595547544	
783	0.1208713390	1.1237084230	0.9595547544	
784	0.1278065797	1.1881834965	0.9595547544	
785	0.1347418205	1.2526585699	0.9595547544	
786	0.1416770612	1.3171336434	0.9595547544	
787	0.1486123020	1.3816087168	0.9595547544	
788	0.1555475428	1.4460837903	0.9595547544	
789	0.1624827835	1.5105588637	0.9595547544	
790	0.1694180243	1.5750339372	0.9595547544	
791	0.1763532651	1.6395090106	0.9595547544	
792	0.1832885058	1.7039840841	0.9595547544	
793	0.1902237466	1.7684591575	0.9595547544	
794	0.1971589873	1.8329342310	0.9595547544	
795	0.2040942281	1.8974093044	0.9595547544	
796	0.2110294689	1.9618843779	0.9595547544	
797	0.2179647096	2.0263594513	0.9595547544	
798	0.2248999504	2.0908345248	0.9595547544	
799	0.2318351911	2.1553095982	0.9595547544	
800	0.2387704319	2.2197846717	0.9595547544	
801	0.2457056727	2.2842597451	0.9595547544	
802	0.2526409134	2.3487348186	0.9595547544	
803	0.2595761542	2.4132098920	0.9595547544	
804	0.2665113949	2.4776849655	0.9595547544	
805	0.2734466357	2.5421600390	0.9595547544	
806	0.2803818765	2.6066351124	0.9595547544	
807	0.2873171172	2.6711101859	0.9595547544	
808	0.2919406111	2.7140935682	0.9595547544	
809	0.2942523580	2.7355852593	0.9595547544	
810	0.0531235841	0.9990657361	0.9788399046	
811	0.0542713158	1.0206504897	0.9788399046	
812	0.0565667793	1.0638199968	0.9788399046	
813	0.0600099746	1.1285742575	0.9788399046	
814	0.0634531699	1.1933285182	0.9788399046	
815	0.0668963651	1.2580827789	0.9788399046	
816	0.0703395604	1.3228370395	0.9788399046	
817	0.0737827557	1.3875913002	0.9788399046	
818	0.0772259509	1.4523455609	0.9788399046	
819	0.0806691462	1.5170998216	0.9788399046	
820	0.0841123414	1.5818540822	0.9788399046	
821	0.0875555367	1.6466083429	0.9788399046	
822	0.0909987320	1.7113626036	0.9788399046	
823	0.0944419272	1.7761168643	0.9788399046	
824	0.0978851225	1.8408711249	0.9788399046	
825	0.1013283178	1.9056253856	0.9788399046	
826	0.1047715130	1.9703796463	0.9788399046	
827	0.1082147083	2.0351339070	0.9788399046	
828	0.1116579036	2.0998881676	0.9788399046	
829	0.1151010988	2.1646424283	0.9788399046	
830	0.1185442941	2.2293966890	0.9788399046	
831	0.1219874893	2.2941509497	0.9788399046	
832	0.1254306846	2.3589052103	0.9788399046	
833	0.1288738799	2.4236594710	0.9788399046	
834	0.1323170751	2.4884137317	0.9788399046	
835	0.1357602704	2.5531679924	0.9788399046	
836	0.1392034657	2.6179222530	0.9788399046	
837	0.1426466609	2.6826765137	0.9788399046	
838	0.1449421244	2.7258460208	0.9788399046	
839	0.1460898562	2.7474307744	0.9788399046	
840	0.0175866119	1.0000000000	0.9927680687	
841	0.0179665695	1.0216049383	0.9927680687	
842	0.0187264849	1.0648148148	0.9927680687	
843	0.0198663578	1.1296296296	0.9927680687	
844	0.0210062308	1.1944444444	0.9927680687	
845	0.0221461038	1.2592592593	0.9927680687	
846	0.0232859768	1.3240740741	0.9927680687	
847	0.0244258498	1.3888888889	0.9927680687	
848	0.0255657228	1.4537037037	0.9927680687	
849	0.0267055958	1.5185185185	0.9927680687	
850	0.0278454688	1.5833333333	0.9927680687	
851	0.0289853418	1.6481481481	0.9927680687	
852	0.0301252148	1.7129629630	0.9927680687	
853	0.0312650878	1.7777777778	0.9927680687	
854	0.0324049608	1.8425925926	0.9927680687	
855	0.0335448337	1.9074074074	0.9927680687	
856	0.0346847067	1.9722222222	0.9927680687	
857	0.0358245797	2.0370370370	0.9927680687	
858	0.0369644527	2.1018518519	0.9927680687	
859	0.0381043257	2.1666666667	0.9927680687	
860	0.0392441987	2.2314814815	0.9927680687	
861	0.0403840717	2.2962962963	0.9927680687	
862	0.0415239447	2.3611111111	0.9927680687	
863	0.0426638177	2.4259259259	0.9927680687	
864	0.0438036907	2.4907407407	0.9927680687	
865	0.0449435637	2.5555555556	0.9927680687	
866	0.0460834366	2.6203703704	0.9927680687	
867	0.0472233096	2.6851851852	0.9927680687	
868	0.0479832250	2.7283950617	0.9927680687	
869	0.0483631826	2.7500000000	0.9927680687	
870	0.0000000000	1.0000000000	1.0000000000	
871	0.0000000000	1.0216049383	1.0000000000	
872	0.0000000000	1.0648148148	1.0000000000	
873	0.0000000000	1.1296296296	1.0000000000	
874	0.0000000000	1.1944444444	1.0000000000	
875	0.0000000000	1.2592592593	1.0000000000	
876	0.0000000000	1.3240740741	1.0000000000	
877	0.0000000000	1.3888888889	1.0000000000	
878	0.0000000000	1.4537037037	1.0000000000	
879	0.0000000000	1.5185185185	1.0000000000	
880	0.0000000000	1.5833333333	1.0000000000	
881	0.0000000000	1.6481481481	1.0000000000	
882	0.0000000000	1.7129629630	1.0000000000	
883	0.0000000000	1.7777777778	1.0000000000	
884	0.0000000000	1.8425925926	1.0000000000	
885	0.0000000000	1.9074074074	1.0000000000	
886	0.0000000000	1.9722222222	1.0000000000	
887	0.0000000000	2.0370370370	1.0000000000	
888	0.0000000000	2.1018518519	1.0000000000	
889	0.0000000000	2.1666666667	1.0000000000	
890	0.0000000000	2.2314814815	1.0000000000	
891	0.0000000000	2.2962962963	1.0000000000	
892	0.0000000000	2.3611111111	1.0000000000	
893	0.0000000000	2.4259259259	1.0000000000	
894	0.0000000000	2.4907407407	1.0000000000	
895	0.0000000000	2.5555555556	1.0000000000	
896	0.0000000000	2.6203703704	1.0000000000	
897	0.0000000000	2.6851851852	1.0000000000	
898	0.0000000000	2.7283950617	1.0000000000	
899	0.0000000000	2.7500000000	1.0000000000	

0	1	0.0000000000
1	1	0.0000000000
2	1	0.0000000000
3	1	0.0000000000
4	1	0.0000000000
5	1	0.0000000000
6	1	0.0000000000
7	1	0.0000000000
8	1	0.0000000000
9	1	0.0000000000
10	1	0.0000000000
11	1	0.0000000000
12	1	0.0000000000
13	1	0.0000000000
14	1	0.0000000000
15	1	0.0000000000
16	1	0.0000000000
17	1	0.0000000000
18	1	0.0000000000
19	1	0.0000000000
20	1	0.0000000000
21	1	0.0000000000
22	1	0.0000000000
23	1	0.0000000000
24	1	0.0000000000
25	1	0.0000000000
26	1	0.0000000000
27	1	0.0000000000
28	1	0.0000000000
29	1	0.0000000000
59	1	0.0000000000
89	1	0.0000000000
119	1	0.0000000000
149	1	0.0000000000
179	1	0.0000000000
209	1	0.0000000000
239	1	0.0000000000
269	1	0.0000000000
299	1	0.0000000000
329	1	0.0000000000
359	1	0.0000000000
389	1	0.0000000000
419	1	0.0000000000
449	1	0.0000000000
479	1	0.0000000000
509	1	0.0000000000
539	1	0.0000000000
569	1	0.0000000000
599	1	0.0000000000
629	1	0.0000000000
659	1	0.0000000000
689	1	0.0000000000
719	1	0.0000000000
749	1	0.0000000000
779	1	0.0000000000
809	1	0.0000000000
839	1	0.0000000000
869	1	0.0000000000
899	1	0.0000000000
29	0	0.0000000000
59	0	0.0000000000
89	0	0.0000000000
119	0	0.0000000000
149	0	0.0000000000
179	0	0.0000000000
209	0	0.0000000000
239	0	0.0000000000
269	0	0.0000000000
299	0	0.0000000000
329	0	0.0000000000
359	0	0.0000000000
389	0	0.0000000000
419	0	0.0000000000
449	0	0.0000000000
479	0	0.0000000000
509	0	0.0000000000
539	0	0.0000000000
569	0	0.0000000000
599	0	0.0000000000
629	0	0.0000000000
659	0	0.0000000000
689	0	0.0000000000
719	0	0.0000000000
749	0	0.0000000000
779	0	0.0000000000
809	0	0.0000000000
839	0	0.0000000000
869	0	0.0000000000
870	0	0.0000000000
871	0	0.0000000000
872	0	0.0000000000
873	0	0.0000000000
874	0	0.0000000000
875	0	0.0000000000
876	0	0.0000000000
877	0	0.0000000000
878	0	0.0000000000
879	0	0.0000000000
880	0	0.0000000000
881	0	0.0000000000
882	0	0.0000000000
883	0	0.0000000000
884	0	0.0000000000
885	0	0.0000000000
886	0	0.0000000000
887	0	0.0000000000
888	0	0.0000000000
889	0	0.0000000000
890	0	0.0000000000
891	0	0.0000000000
892	0	0.0000000000
893	0	0.0000000000
894	0	0.0000000000
895	0	0.0000000000
896	0	0.0000000000
897	0	0.0000000000
898	0	0.0000000000
899	0	0.0000000000


