206000.000	0.300000

2

800

3	3
3	3

24	24
24	24

20	20
20	20

0	1	2	3	4	5	6	7	8	9	10	11	12	13	14	15	16	17	18	19	20	21	22	23	24	25	26	27	28	29	30	31	32	33	34	35	36	37	38	39	40	41	42	43	44	45	46	47	48	49	50	51	52	53	54	55	56	57	58	59	60	61	62	63	64	65	66	67	68	69	70	71	72	73	74	75	76	77	78	79	80	81	82	83	84	85	86	87	88	89	90	91	92	93	94	95	96	97	98	99	100	101	102	103	104	105	106	107	108	109	110	111	112	113	114	115	116	117	118	119	120	121	122	123	124	125	126	127	128	129	130	131	132	133	134	135	136	137	138	139	140	141	142	143	144	145	146	147	148	149	150	151	152	153	154	155	156	157	158	159	160	161	162	163	164	165	166	167	168	169	170	171	172	173	174	175	176	177	178	179	180	181	182	183	184	185	186	187	188	189	190	191	192	193	194	195	196	197	198	199	200	201	202	203	204	205	206	207	208	209	210	211	212	213	214	215	216	217	218	219	220	221	222	223	224	225	226	227	228	229	230	231	232	233	234	235	236	237	238	239	240	241	242	243	244	245	246	247	248	249	250	251	252	253	254	255	256	257	258	259	260	261	262	263	264	265	266	267	268	269	270	271	272	273	274	275	276	277	278	279	280	281	282	283	284	285	286	287	288	289	290	291	292	293	294	295	296	297	298	299	300	301	302	303	304	305	306	307	308	309	310	311	312	313	314	315	316	317	318	319	320	321	322	323	324	325	326	327	328	329	330	331	332	333	334	335	336	337	338	339	340	341	342	343	344	345	346	347	348	349	350	351	352	353	354	355	356	357	358	359	360	361	362	363	364	365	366	367	368	369	370	371	372	373	374	375	376	377	378	379	380	381	382	383	384	385	386	387	388	389	390	391	392	393	394	395	396	397	398	399	
400	401	402	403	404	405	406	407	408	409	410	411	412	413	414	415	416	417	418	419	420	421	422	423	424	425	426	427	428	429	430	431	432	433	434	435	436	437	438	439	440	441	442	443	444	445	446	447	448	449	450	451	452	453	454	455	456	457	458	459	460	461	462	463	464	465	466	467	468	469	470	471	472	473	474	475	476	477	478	479	480	481	482	483	484	485	486	487	488	489	490	491	492	493	494	495	496	497	498	499	500	501	502	503	504	505	506	507	508	509	510	511	512	513	514	515	516	517	518	519	520	521	522	523	524	525	526	527	528	529	530	531	532	533	534	535	536	537	538	539	540	541	542	543	544	545	546	547	548	549	550	551	552	553	554	555	556	557	558	559	560	561	562	563	564	565	566	567	568	569	570	571	572	573	574	575	576	577	578	579	580	581	582	583	584	585	586	587	588	589	590	591	592	593	594	595	596	597	598	599	600	601	602	603	604	605	606	607	608	609	610	611	612	613	614	615	616	617	618	619	620	621	622	623	624	625	626	627	628	629	630	631	632	633	634	635	636	637	638	639	640	641	642	643	644	645	646	647	648	649	650	651	652	653	654	655	656	657	658	659	660	661	662	663	664	665	666	667	668	669	670	671	672	673	674	675	676	677	678	679	680	681	682	683	684	685	686	687	688	689	690	691	692	693	694	695	696	697	698	699	700	701	702	703	704	705	706	707	708	709	710	711	712	713	714	715	716	717	718	719	720	721	722	723	724	725	726	727	728	729	730	731	732	733	734	735	736	737	738	739	740	741	742	743	744	745	746	747	748	749	750	751	752	753	754	755	756	757	758	759	760	761	762	763	764	765	766	767	768	769	770	771	772	773	774	775	776	777	778	779	780	781	782	783	784	785	786	787	788	789	790	791	792	793	794	795	796	797	798	799	

118	0	1

0.00000	0.00000	0.00000	0.00000	0.05882	0.11765	0.17647	0.23529	0.29412	0.35294	0.41176	0.47059	0.52941	0.58824	0.64706	0.70588	0.76471	0.82353	0.88235	0.94118	1.00000	1.00000	1.00000	1.00000	
0.00000	0.00000	0.00000	0.00000	0.05882	0.11765	0.17647	0.23529	0.29412	0.35294	0.41176	0.47059	0.52941	0.58824	0.64706	0.70588	0.76471	0.82353	0.88235	0.94118	1.00000	1.00000	1.00000	1.00000	
0.00000	0.00000	0.00000	0.00000	0.05882	0.11765	0.17647	0.23529	0.29412	0.35294	0.41176	0.47059	0.52941	0.58824	0.64706	0.70588	0.76471	0.82353	0.88235	0.94118	1.00000	1.00000	1.00000	1.00000	
0.00000	0.00000	0.00000	0.00000	0.05882	0.11765	0.17647	0.23529	0.29412	0.35294	0.41176	0.47059	0.52941	0.58824	0.64706	0.70588	0.76471	0.82353	0.88235	0.94118	1.00000	1.00000	1.00000	1.00000	

0	0.0000000000	0.0000000000	1.0000000000	
1	0.1960784314	0.0000000000	1.0000000000	
2	0.5882352941	0.0000000000	1.0000000000	
3	1.1764705882	0.0000000000	1.0000000000	
4	1.7647058824	0.0000000000	1.0000000000	
5	2.3529411765	0.0000000000	1.0000000000	
6	2.9411764706	0.0000000000	1.0000000000	
7	3.5294117647	0.0000000000	1.0000000000	
8	4.1176470588	0.0000000000	1.0000000000	
9	4.7058823529	0.0000000000	1.0000000000	
10	5.2941176471	0.0000000000	1.0000000000	
11	5.8823529412	0.0000000000	1.0000000000	
12	6.4705882353	0.0000000000	1.0000000000	
13	7.0588235294	0.0000000000	1.0000000000	
14	7.6470588235	0.0000000000	1.0000000000	
15	8.2352941176	0.0000000000	1.0000000000	
16	8.8235294118	0.0000000000	1.0000000000	
17	9.4117647059	0.0000000000	1.0000000000	
18	9.8039215686	0.0000000000	1.0000000000	
19	10.0000000000	0.0000000000	1.0000000000	
20	0.0000000000	0.1960784314	1.0000000000	
21	0.1960784314	0.1960784314	1.0000000000	
22	0.5882352941	0.1960784314	1.0000000000	
23	1.1764705882	0.1960784314	1.0000000000	
24	1.7647058824	0.1960784314	1.0000000000	
25	2.3529411765	0.1960784314	1.0000000000	
26	2.9411764706	0.1960784314	1.0000000000	
27	3.5294117647	0.1960784314	1.0000000000	
28	4.1176470588	0.1960784314	1.0000000000	
29	4.7058823529	0.1960784314	1.0000000000	
30	5.2941176471	0.1960784314	1.0000000000	
31	5.8823529412	0.1960784314	1.0000000000	
32	6.4705882353	0.1960784314	1.0000000000	
33	7.0588235294	0.1960784314	1.0000000000	
34	7.6470588235	0.1960784314	1.0000000000	
35	8.2352941176	0.1960784314	1.0000000000	
36	8.8235294118	0.1960784314	1.0000000000	
37	9.4117647059	0.1960784314	1.0000000000	
38	9.8039215686	0.1960784314	1.0000000000	
39	10.0000000000	0.1960784314	1.0000000000	
40	0.0000000000	0.5882352941	1.0000000000	
41	0.1960784314	0.5882352941	1.0000000000	
42	0.5882352941	0.5882352941	1.0000000000	
43	1.1764705882	0.5882352941	1.0000000000	
44	1.7647058824	0.5882352941	1.0000000000	
45	2.3529411765	0.5882352941	1.0000000000	
46	2.9411764706	0.5882352941	1.0000000000	
47	3.5294117647	0.5882352941	1.0000000000	
48	4.1176470588	0.5882352941	1.0000000000	
49	4.7058823529	0.5882352941	1.0000000000	
50	5.2941176471	0.5882352941	1.0000000000	
51	5.8823529412	0.5882352941	1.0000000000	
52	6.4705882353	0.5882352941	1.0000000000	
53	7.0588235294	0.5882352941	1.0000000000	
54	7.6470588235	0.5882352941	1.0000000000	
55	8.2352941176	0.5882352941	1.0000000000	
56	8.8235294118	0.5882352941	1.0000000000	
57	9.4117647059	0.5882352941	1.0000000000	
58	9.8039215686	0.5882352941	1.0000000000	
59	10.0000000000	0.5882352941	1.0000000000	
60	0.0000000000	1.1764705882	1.0000000000	
61	0.1960784314	1.1764705882	1.0000000000	
62	0.5882352941	1.1764705882	1.0000000000	
63	1.1764705882	1.1764705882	1.0000000000	
64	1.7647058824	1.1764705882	1.0000000000	
65	2.3529411765	1.1764705882	1.0000000000	
66	2.9411764706	1.1764705882	1.0000000000	
67	3.5294117647	1.1764705882	1.0000000000	
68	4.1176470588	1.1764705882	1.0000000000	
69	4.7058823529	1.1764705882	1.0000000000	
70	5.2941176471	1.1764705882	1.0000000000	
71	5.8823529412	1.1764705882	1.0000000000	
72	6.4705882353	1.1764705882	1.0000000000	
73	7.0588235294	1.1764705882	1.0000000000	
74	7.6470588235	1.1764705882	1.0000000000	
75	8.2352941176	1.1764705882	1.0000000000	
76	8.8235294118	1.1764705882	1.0000000000	
77	9.4117647059	1.1764705882	1.0000000000	
78	9.8039215686	1.1764705882	1.0000000000	
79	10.0000000000	1.1764705882	1.0000000000	
80	0.0000000000	1.7647058824	1.0000000000	
81	0.1960784314	1.7647058824	1.0000000000	
82	0.5882352941	1.7647058824	1.0000000000	
83	1.1764705882	1.7647058824	1.0000000000	
84	1.7647058824	1.7647058824	1.0000000000	
85	2.3529411765	1.7647058824	1.0000000000	
86	2.9411764706	1.7647058824	1.0000000000	
87	3.5294117647	1.7647058824	1.0000000000	
88	4.1176470588	1.7647058824	1.0000000000	
89	4.7058823529	1.7647058824	1.0000000000	
90	5.2941176471	1.7647058824	1.0000000000	
91	5.8823529412	1.7647058824	1.0000000000	
92	6.4705882353	1.7647058824	1.0000000000	
93	7.0588235294	1.7647058824	1.0000000000	
94	7.6470588235	1.7647058824	1.0000000000	
95	8.2352941176	1.7647058824	1.0000000000	
96	8.8235294118	1.7647058824	1.0000000000	
97	9.4117647059	1.7647058824	1.0000000000	
98	9.8039215686	1.7647058824	1.0000000000	
99	10.0000000000	1.7647058824	1.0000000000	
100	0.0000000000	2.3529411765	1.0000000000	
101	0.1960784314	2.3529411765	1.0000000000	
102	0.5882352941	2.3529411765	1.0000000000	
103	1.1764705882	2.3529411765	1.0000000000	
104	1.7647058824	2.3529411765	1.0000000000	
105	2.3529411765	2.3529411765	1.0000000000	
106	2.9411764706	2.3529411765	1.0000000000	
107	3.5294117647	2.3529411765	1.0000000000	
108	4.1176470588	2.3529411765	1.0000000000	
109	4.7058823529	2.3529411765	1.0000000000	
110	5.2941176471	2.3529411765	1.0000000000	
111	5.8823529412	2.3529411765	1.0000000000	
112	6.4705882353	2.3529411765	1.0000000000	
113	7.0588235294	2.3529411765	1.0000000000	
114	7.6470588235	2.3529411765	1.0000000000	
115	8.2352941176	2.3529411765	1.0000000000	
116	8.8235294118	2.3529411765	1.0000000000	
117	9.4117647059	2.3529411765	1.0000000000	
118	9.8039215686	2.3529411765	1.0000000000	
119	10.0000000000	2.3529411765	1.0000000000	
120	0.0000000000	2.9411764706	1.0000000000	
121	0.1960784314	2.9411764706	1.0000000000	
122	0.5882352941	2.9411764706	1.0000000000	
123	1.1764705882	2.9411764706	1.0000000000	
124	1.7647058824	2.9411764706	1.0000000000	
125	2.3529411765	2.9411764706	1.0000000000	
126	2.9411764706	2.9411764706	1.0000000000	
127	3.5294117647	2.9411764706	1.0000000000	
128	4.1176470588	2.9411764706	1.0000000000	
129	4.7058823529	2.9411764706	1.0000000000	
130	5.2941176471	2.9411764706	1.0000000000	
131	5.8823529412	2.9411764706	1.0000000000	
132	6.4705882353	2.9411764706	1.0000000000	
133	7.0588235294	2.9411764706	1.0000000000	
134	7.6470588235	2.9411764706	1.0000000000	
135	8.2352941176	2.9411764706	1.0000000000	
136	8.8235294118	2.9411764706	1.0000000000	
137	9.4117647059	2.9411764706	1.0000000000	
138	9.8039215686	2.9411764706	1.0000000000	
139	10.0000000000	2.9411764706	1.0000000000	
140	0.0000000000	3.5294117647	1.0000000000	
141	0.1960784314	3.5294117647	1.0000000000	
142	0.5882352941	3.5294117647	1.0000000000	
143	1.1764705882	3.5294117647	1.0000000000	
144	1.7647058824	3.5294117647	1.0000000000	
145	2.3529411765	3.5294117647	1.0000000000	
146	2.9411764706	3.5294117647	1.0000000000	
147	3.5294117647	3.5294117647	1.0000000000	
148	4.1176470588	3.5294117647	1.0000000000	
149	4.7058823529	3.5294117647	1.0000000000	
150	5.2941176471	3.5294117647	1.0000000000	
151	5.8823529412	3.5294117647	1.0000000000	
152	6.4705882353	3.5294117647	1.0000000000	
153	7.0588235294	3.5294117647	1.0000000000	
154	7.6470588235	3.5294117647	1.0000000000	
155	8.2352941176	3.5294117647	1.0000000000	
156	8.8235294118	3.5294117647	1.0000000000	
157	9.4117647059	3.5294117647	1.0000000000	
158	9.8039215686	3.5294117647	1.0000000000	
159	10.0000000000	3.5294117647	1.0000000000	
160	0.0000000000	4.1176470588	1.0000000000	
161	0.1960784314	4.1176470588	1.0000000000	
162	0.5882352941	4.1176470588	1.0000000000	
163	1.1764705882	4.1176470588	1.0000000000	
164	1.7647058824	4.1176470588	1.0000000000	
165	2.3529411765	4.1176470588	1.0000000000	
166	2.9411764706	4.1176470588	1.0000000000	
167	3.5294117647	4.1176470588	1.0000000000	
168	4.1176470588	4.1176470588	1.0000000000	
169	4.7058823529	4.1176470588	1.0000000000	
170	5.2941176471	4.1176470588	1.0000000000	
171	5.8823529412	4.1176470588	1.0000000000	
172	6.4705882353	4.1176470588	1.0000000000	
173	7.0588235294	4.1176470588	1.0000000000	
174	7.6470588235	4.1176470588	1.0000000000	
175	8.2352941176	4.1176470588	1.0000000000	
176	8.8235294118	4.1176470588	1.0000000000	
177	9.4117647059	4.1176470588	1.0000000000	
178	9.8039215686	4.1176470588	1.0000000000	
179	10.0000000000	4.1176470588	1.0000000000	
180	0.0000000000	4.7058823529	1.0000000000	
181	0.1960784314	4.7058823529	1.0000000000	
182	0.5882352941	4.7058823529	1.0000000000	
183	1.1764705882	4.7058823529	1.0000000000	
184	1.7647058824	4.7058823529	1.0000000000	
185	2.3529411765	4.7058823529	1.0000000000	
186	2.9411764706	4.7058823529	1.0000000000	
187	3.5294117647	4.7058823529	1.0000000000	
188	4.1176470588	4.7058823529	1.0000000000	
189	4.7058823529	4.7058823529	1.0000000000	
190	5.2941176471	4.7058823529	1.0000000000	
191	5.8823529412	4.7058823529	1.0000000000	
192	6.4705882353	4.7058823529	1.0000000000	
193	7.0588235294	4.7058823529	1.0000000000	
194	7.6470588235	4.7058823529	1.0000000000	
195	8.2352941176	4.7058823529	1.0000000000	
196	8.8235294118	4.7058823529	1.0000000000	
197	9.4117647059	4.7058823529	1.0000000000	
198	9.8039215686	4.7058823529	1.0000000000	
199	10.0000000000	4.7058823529	1.0000000000	
200	0.0000000000	5.2941176471	1.0000000000	
201	0.1960784314	5.2941176471	1.0000000000	
202	0.5882352941	5.2941176471	1.0000000000	
203	1.1764705882	5.2941176471	1.0000000000	
204	1.7647058824	5.2941176471	1.0000000000	
205	2.3529411765	5.2941176471	1.0000000000	
206	2.9411764706	5.2941176471	1.0000000000	
207	3.5294117647	5.2941176471	1.0000000000	
208	4.1176470588	5.2941176471	1.0000000000	
209	4.7058823529	5.2941176471	1.0000000000	
210	5.2941176471	5.2941176471	1.0000000000	
211	5.8823529412	5.2941176471	1.0000000000	
212	6.4705882353	5.2941176471	1.0000000000	
213	7.0588235294	5.2941176471	1.0000000000	
214	7.6470588235	5.2941176471	1.0000000000	
215	8.2352941176	5.2941176471	1.0000000000	
216	8.8235294118	5.2941176471	1.0000000000	
217	9.4117647059	5.2941176471	1.0000000000	
218	9.8039215686	5.2941176471	1.0000000000	
219	10.0000000000	5.2941176471	1.0000000000	
220	0.0000000000	5.8823529412	1.0000000000	
221	0.1960784314	5.8823529412	1.0000000000	
222	0.5882352941	5.8823529412	1.0000000000	
223	1.1764705882	5.8823529412	1.0000000000	
224	1.7647058824	5.8823529412	1.0000000000	
225	2.3529411765	5.8823529412	1.0000000000	
226	2.9411764706	5.8823529412	1.0000000000	
227	3.5294117647	5.8823529412	1.0000000000	
228	4.1176470588	5.8823529412	1.0000000000	
229	4.7058823529	5.8823529412	1.0000000000	
230	5.2941176471	5.8823529412	1.0000000000	
231	5.8823529412	5.8823529412	1.0000000000	
232	6.4705882353	5.8823529412	1.0000000000	
233	7.0588235294	5.8823529412	1.0000000000	
234	7.6470588235	5.8823529412	1.0000000000	
235	8.2352941176	5.8823529412	1.0000000000	
236	8.8235294118	5.8823529412	1.0000000000	
237	9.4117647059	5.8823529412	1.0000000000	
238	9.8039215686	5.8823529412	1.0000000000	
239	10.0000000000	5.8823529412	1.0000000000	
240	0.0000000000	6.4705882353	1.0000000000	
241	0.1960784314	6.4705882353	1.0000000000	
242	0.5882352941	6.4705882353	1.0000000000	
243	1.1764705882	6.4705882353	1.0000000000	
244	1.7647058824	6.4705882353	1.0000000000	
245	2.3529411765	6.4705882353	1.0000000000	
246	2.9411764706	6.4705882353	1.0000000000	
247	3.5294117647	6.4705882353	1.0000000000	
248	4.1176470588	6.4705882353	1.0000000000	
249	4.7058823529	6.4705882353	1.0000000000	
250	5.2941176471	6.4705882353	1.0000000000	
251	5.8823529412	6.4705882353	1.0000000000	
252	6.4705882353	6.4705882353	1.0000000000	
253	7.0588235294	6.4705882353	1.0000000000	
254	7.6470588235	6.4705882353	1.0000000000	
255	8.2352941176	6.4705882353	1.0000000000	
256	8.8235294118	6.4705882353	1.0000000000	
257	9.4117647059	6.4705882353	1.0000000000	
258	9.8039215686	6.4705882353	1.0000000000	
259	10.0000000000	6.4705882353	1.0000000000	
260	0.0000000000	7.0588235294	1.0000000000	
261	0.1960784314	7.0588235294	1.0000000000	
262	0.5882352941	7.0588235294	1.0000000000	
263	1.1764705882	7.0588235294	1.0000000000	
264	1.7647058824	7.0588235294	1.0000000000	
265	2.3529411765	7.0588235294	1.0000000000	
266	2.9411764706	7.0588235294	1.0000000000	
267	3.5294117647	7.0588235294	1.0000000000	
268	4.1176470588	7.0588235294	1.0000000000	
269	4.7058823529	7.0588235294	1.0000000000	
270	5.2941176471	7.0588235294	1.0000000000	
271	5.8823529412	7.0588235294	1.0000000000	
272	6.4705882353	7.0588235294	1.0000000000	
273	7.0588235294	7.0588235294	1.0000000000	
274	7.6470588235	7.0588235294	1.0000000000	
275	8.2352941176	7.0588235294	1.0000000000	
276	8.8235294118	7.0588235294	1.0000000000	
277	9.4117647059	7.0588235294	1.0000000000	
278	9.8039215686	7.0588235294	1.0000000000	
279	10.0000000000	7.0588235294	1.0000000000	
280	0.0000000000	7.6470588235	1.0000000000	
281	0.1960784314	7.6470588235	1.0000000000	
282	0.5882352941	7.6470588235	1.0000000000	
283	1.1764705882	7.6470588235	1.0000000000	
284	1.7647058824	7.6470588235	1.0000000000	
285	2.3529411765	7.6470588235	1.0000000000	
286	2.9411764706	7.6470588235	1.0000000000	
287	3.5294117647	7.6470588235	1.0000000000	
288	4.1176470588	7.6470588235	1.0000000000	
289	4.7058823529	7.6470588235	1.0000000000	
290	5.2941176471	7.6470588235	1.0000000000	
291	5.8823529412	7.6470588235	1.0000000000	
292	6.4705882353	7.6470588235	1.0000000000	
293	7.0588235294	7.6470588235	1.0000000000	
294	7.6470588235	7.6470588235	1.0000000000	
295	8.2352941176	7.6470588235	1.0000000000	
296	8.8235294118	7.6470588235	1.0000000000	
297	9.4117647059	7.6470588235	1.0000000000	
298	9.8039215686	7.6470588235	1.0000000000	
299	10.0000000000	7.6470588235	1.0000000000	
300	0.0000000000	8.2352941176	1.0000000000	
301	0.1960784314	8.2352941176	1.0000000000	
302	0.5882352941	8.2352941176	1.0000000000	
303	1.1764705882	8.2352941176	1.0000000000	
304	1.7647058824	8.2352941176	1.0000000000	
305	2.3529411765	8.2352941176	1.0000000000	
306	2.9411764706	8.2352941176	1.0000000000	
307	3.5294117647	8.2352941176	1.0000000000	
308	4.1176470588	8.2352941176	1.0000000000	
309	4.7058823529	8.2352941176	1.0000000000	
310	5.2941176471	8.2352941176	1.0000000000	
311	5.8823529412	8.2352941176	1.0000000000	
312	6.4705882353	8.2352941176	1.0000000000	
313	7.0588235294	8.2352941176	1.0000000000	
314	7.6470588235	8.2352941176	1.0000000000	
315	8.2352941176	8.2352941176	1.0000000000	
316	8.8235294118	8.2352941176	1.0000000000	
317	9.4117647059	8.2352941176	1.0000000000	
318	9.8039215686	8.2352941176	1.0000000000	
319	10.0000000000	8.2352941176	1.0000000000	
320	0.0000000000	8.8235294118	1.0000000000	
321	0.1960784314	8.8235294118	1.0000000000	
322	0.5882352941	8.8235294118	1.0000000000	
323	1.1764705882	8.8235294118	1.0000000000	
324	1.7647058824	8.8235294118	1.0000000000	
325	2.3529411765	8.8235294118	1.0000000000	
326	2.9411764706	8.8235294118	1.0000000000	
327	3.5294117647	8.8235294118	1.0000000000	
328	4.1176470588	8.8235294118	1.0000000000	
329	4.7058823529	8.8235294118	1.0000000000	
330	5.2941176471	8.8235294118	1.0000000000	
331	5.8823529412	8.8235294118	1.0000000000	
332	6.4705882353	8.8235294118	1.0000000000	
333	7.0588235294	8.8235294118	1.0000000000	
334	7.6470588235	8.8235294118	1.0000000000	
335	8.2352941176	8.8235294118	1.0000000000	
336	8.8235294118	8.8235294118	1.0000000000	
337	9.4117647059	8.8235294118	1.0000000000	
338	9.8039215686	8.8235294118	1.0000000000	
339	10.0000000000	8.8235294118	1.0000000000	
340	0.0000000000	9.4117647059	1.0000000000	
341	0.1960784314	9.4117647059	1.0000000000	
342	0.5882352941	9.4117647059	1.0000000000	
343	1.1764705882	9.4117647059	1.0000000000	
344	1.7647058824	9.4117647059	1.0000000000	
345	2.3529411765	9.4117647059	1.0000000000	
346	2.9411764706	9.4117647059	1.0000000000	
347	3.5294117647	9.4117647059	1.0000000000	
348	4.1176470588	9.4117647059	1.0000000000	
349	4.7058823529	9.4117647059	1.0000000000	
350	5.2941176471	9.4117647059	1.0000000000	
351	5.8823529412	9.4117647059	1.0000000000	
352	6.4705882353	9.4117647059	1.0000000000	
353	7.0588235294	9.4117647059	1.0000000000	
354	7.6470588235	9.4117647059	1.0000000000	
355	8.2352941176	9.4117647059	1.0000000000	
356	8.8235294118	9.4117647059	1.0000000000	
357	9.4117647059	9.4117647059	1.0000000000	
358	9.8039215686	9.4117647059	1.0000000000	
359	10.0000000000	9.4117647059	1.0000000000	
360	0.0000000000	9.8039215686	1.0000000000	
361	0.1960784314	9.8039215686	1.0000000000	
362	0.5882352941	9.8039215686	1.0000000000	
363	1.1764705882	9.8039215686	1.0000000000	
364	1.7647058824	9.8039215686	1.0000000000	
365	2.3529411765	9.8039215686	1.0000000000	
366	2.9411764706	9.8039215686	1.0000000000	
367	3.5294117647	9.8039215686	1.0000000000	
368	4.1176470588	9.8039215686	1.0000000000	
369	4.7058823529	9.8039215686	1.0000000000	
370	5.2941176471	9.8039215686	1.0000000000	
371	5.8823529412	9.8039215686	1.0000000000	
372	6.4705882353	9.8039215686	1.0000000000	
373	7.0588235294	9.8039215686	1.0000000000	
374	7.6470588235	9.8039215686	1.0000000000	
375	8.2352941176	9.8039215686	1.0000000000	
376	8.8235294118	9.8039215686	1.0000000000	
377	9.4117647059	9.8039215686	1.0000000000	
378	9.8039215686	9.8039215686	1.0000000000	
379	10.0000000000	9.8039215686	1.0000000000	
380	0.0000000000	10.0000000000	1.0000000000	
381	0.1960784314	10.0000000000	1.0000000000	
382	0.5882352941	10.0000000000	1.0000000000	
383	1.1764705882	10.0000000000	1.0000000000	
384	1.7647058824	10.0000000000	1.0000000000	
385	2.3529411765	10.0000000000	1.0000000000	
386	2.9411764706	10.0000000000	1.0000000000	
387	3.5294117647	10.0000000000	1.0000000000	
388	4.1176470588	10.0000000000	1.0000000000	
389	4.7058823529	10.0000000000	1.0000000000	
390	5.2941176471	10.0000000000	1.0000000000	
391	5.8823529412	10.0000000000	1.0000000000	
392	6.4705882353	10.0000000000	1.0000000000	
393	7.0588235294	10.0000000000	1.0000000000	
394	7.6470588235	10.0000000000	1.0000000000	
395	8.2352941176	10.0000000000	1.0000000000	
396	8.8235294118	10.0000000000	1.0000000000	
397	9.4117647059	10.0000000000	1.0000000000	
398	9.8039215686	10.0000000000	1.0000000000	
399	10.0000000000	10.0000000000	1.0000000000	
400	1.0000000000	0.0000000000	1.0000000000	
401	1.0294117647	0.0000000000	1.0000000000	
402	1.0882352941	0.0000000000	1.0000000000	
403	1.1764705882	0.0000000000	1.0000000000	
404	1.2647058824	0.0000000000	1.0000000000	
405	1.3529411765	0.0000000000	1.0000000000	
406	1.4411764706	0.0000000000	1.0000000000	
407	1.5294117647	0.0000000000	1.0000000000	
408	1.6176470588	0.0000000000	1.0000000000	
409	1.7058823529	0.0000000000	1.0000000000	
410	1.7941176471	0.0000000000	1.0000000000	
411	1.8823529412	0.0000000000	1.0000000000	
412	1.9705882353	0.0000000000	1.0000000000	
413	2.0588235294	0.0000000000	1.0000000000	
414	2.1470588235	0.0000000000	1.0000000000	
415	2.2352941176	0.0000000000	1.0000000000	
416	2.3235294118	0.0000000000	1.0000000000	
417	2.4117647059	0.0000000000	1.0000000000	
418	2.4705882353	0.0000000000	1.0000000000	
419	2.5000000000	0.0000000000	1.0000000000	
420	1.0000000000	0.0280518818	0.9885139914	
421	1.0294117647	0.0288769372	0.9885139914	
422	1.0882352941	0.0305270479	0.9885139914	
423	1.1764705882	0.0330022139	0.9885139914	
424	1.2647058824	0.0354773800	0.9885139914	
425	1.3529411765	0.0379525460	0.9885139914	
426	1.4411764706	0.0404277121	0.9885139914	
427	1.5294117647	0.0429028781	0.9885139914	
428	1.6176470588	0.0453780442	0.9885139914	
429	1.7058823529	0.0478532102	0.9885139914	
430	1.7941176471	0.0503283763	0.9885139914	
431	1.8823529412	0.0528035423	0.9885139914	
432	1.9705882353	0.0552787083	0.9885139914	
433	2.0588235294	0.0577538744	0.9885139914	
434	2.1470588235	0.0602290404	0.9885139914	
435	2.2352941176	0.0627042065	0.9885139914	
436	2.3235294118	0.0651793725	0.9885139914	
437	2.4117647059	0.0676545386	0.9885139914	
438	2.4705882353	0.0693046493	0.9885139914	
439	2.5000000000	0.0701297046	0.9885139914	
440	0.9976142092	0.0850492249	0.9668932694	
441	1.0269558036	0.0875506727	0.9668932694	
442	1.0856389924	0.0925535683	0.9668932694	
443	1.1736637755	0.1000579117	0.9668932694	
444	1.2616885587	0.1075622550	0.9668932694	
445	1.3497133418	0.1150665984	0.9668932694	
446	1.4377381250	0.1225709418	0.9668932694	
447	1.5257629082	0.1300752852	0.9668932694	
448	1.6137876913	0.1375796285	0.9668932694	
449	1.7018124745	0.1450839719	0.9668932694	
450	1.7898372577	0.1525883153	0.9668932694	
451	1.8778620408	0.1600926587	0.9668932694	
452	1.9658868240	0.1675970020	0.9668932694	
453	2.0539116072	0.1751013454	0.9668932694	
454	2.1419363903	0.1826056888	0.9668932694	
455	2.2299611735	0.1901100322	0.9668932694	
456	2.3179859567	0.1976143755	0.9668932694	
457	2.4060107398	0.2051187189	0.9668932694	
458	2.4646939286	0.2101216145	0.9668932694	
459	2.4940355230	0.2126230623	0.9668932694	
460	0.9864813952	0.1716782123	0.9385160717	
461	1.0154955538	0.1767275715	0.9385160717	
462	1.0735238712	0.1868262899	0.9385160717	
463	1.1605663472	0.2019743675	0.9385160717	
464	1.2476088233	0.2171224450	0.9385160717	
465	1.3346512993	0.2322705226	0.9385160717	
466	1.4216937754	0.2474186001	0.9385160717	
467	1.5087362514	0.2625666777	0.9385160717	
468	1.5957787275	0.2777147553	0.9385160717	
469	1.6828212035	0.2928628328	0.9385160717	
470	1.7698636795	0.3080109104	0.9385160717	
471	1.8569061556	0.3231589879	0.9385160717	
472	1.9439486316	0.3383070655	0.9385160717	
473	2.0309911077	0.3534551431	0.9385160717	
474	2.1180335837	0.3686032206	0.9385160717	
475	2.2050760598	0.3837512982	0.9385160717	
476	2.2921185358	0.3988993757	0.9385160717	
477	2.3791610118	0.4140474533	0.9385160717	
478	2.4371893292	0.4241461717	0.9385160717	
479	2.4662034879	0.4291955309	0.9385160717	
480	0.9671967803	0.2594042312	0.9141927594	
481	0.9956437444	0.2670337674	0.9141927594	
482	1.0525376726	0.2822928398	0.9141927594	
483	1.1378785650	0.3051814485	0.9141927594	
484	1.2232194574	0.3280700571	0.9141927594	
485	1.3085603498	0.3509586657	0.9141927594	
486	1.3939012421	0.3738472744	0.9141927594	
487	1.4792421345	0.3967358830	0.9141927594	
488	1.5645830269	0.4196244916	0.9141927594	
489	1.6499239193	0.4425131003	0.9141927594	
490	1.7352648116	0.4654017089	0.9141927594	
491	1.8206057040	0.4882903175	0.9141927594	
492	1.9059465964	0.5111789262	0.9141927594	
493	1.9912874888	0.5340675348	0.9141927594	
494	2.0766283811	0.5569561434	0.9141927594	
495	2.1619692735	0.5798447521	0.9141927594	
496	2.2473101659	0.6027333607	0.9141927594	
497	2.3326510583	0.6256219693	0.9141927594	
498	2.3895449865	0.6408810418	0.9141927594	
499	2.4179919506	0.6485105780	0.9141927594	
500	0.9393573058	0.3471233351	0.8939233325	
501	0.9669854619	0.3573328450	0.8939233325	
502	1.0222417740	0.3777518647	0.8939233325	
503	1.1051262422	0.4083803943	0.8939233325	
504	1.1880107103	0.4390089239	0.8939233325	
505	1.2708951785	0.4696374534	0.8939233325	
506	1.3537796466	0.5002659830	0.8939233325	
507	1.4366641148	0.5308945126	0.8939233325	
508	1.5195485830	0.5615230422	0.8939233325	
509	1.6024330511	0.5921515717	0.8939233325	
510	1.6853175193	0.6227801013	0.8939233325	
511	1.7682019875	0.6534086309	0.8939233325	
512	1.8510864556	0.6840371604	0.8939233325	
513	1.9339709238	0.7146656900	0.8939233325	
514	2.0168553919	0.7452942196	0.8939233325	
515	2.0997398601	0.7759227492	0.8939233325	
516	2.1826243283	0.8065512787	0.8939233325	
517	2.2655087964	0.8371798083	0.8939233325	
518	2.3207651085	0.8575988280	0.8939233325	
519	2.3483932646	0.8678083379	0.8939233325	
520	0.9027560326	0.4336195955	0.8777077910	
521	0.9293076807	0.4463731131	0.8777077910	
522	0.9824109767	0.4718801481	0.8777077910	
523	1.0620659208	0.5101407006	0.8777077910	
524	1.1417208648	0.5484012532	0.8777077910	
525	1.2213758089	0.5866618057	0.8777077910	
526	1.3010307529	0.6249223583	0.8777077910	
527	1.3806856970	0.6631829108	0.8777077910	
528	1.4603406410	0.7014434634	0.8777077910	
529	1.5399955851	0.7397040159	0.8777077910	
530	1.6196505292	0.7779645685	0.8777077910	
531	1.6993054732	0.8162251210	0.8777077910	
532	1.7789604173	0.8544856736	0.8777077910	
533	1.8586153613	0.8927462261	0.8777077910	
534	1.9382703054	0.9310067787	0.8777077910	
535	2.0179252494	0.9692673312	0.8777077910	
536	2.0975801935	1.0075278838	0.8777077910	
537	2.1772351376	1.0457884363	0.8777077910	
538	2.2303384336	1.0712954713	0.8777077910	
539	2.2568900816	1.0840489889	0.8777077910	
540	0.8574147968	0.5176089387	0.8655461348	
541	0.8826328791	0.5328327310	0.8655461348	
542	0.9330690436	0.5632803157	0.8655461348	
543	1.0087232904	0.6089516926	0.8655461348	
544	1.0843775371	0.6546230696	0.8655461348	
545	1.1600317839	0.7002944465	0.8655461348	
546	1.2356860307	0.7459658235	0.8655461348	
547	1.3113402775	0.7916372004	0.8655461348	
548	1.3869945242	0.8373085774	0.8655461348	
549	1.4626487710	0.8829799543	0.8655461348	
550	1.5383030178	0.9286513312	0.8655461348	
551	1.6139572646	0.9743227082	0.8655461348	
552	1.6896115114	1.0199940851	0.8655461348	
553	1.7652657581	1.0656654621	0.8655461348	
554	1.8409200049	1.1113368390	0.8655461348	
555	1.9165742517	1.1570082160	0.8655461348	
556	1.9922284985	1.2026795929	0.8655461348	
557	2.0678827452	1.2483509699	0.8655461348	
558	2.1183189098	1.2787985545	0.8655461348	
559	2.1435369920	1.2940223468	0.8655461348	
560	0.8036048099	0.5977934122	0.8574383641	
561	0.8272402455	0.6153755713	0.8574383641	
562	0.8745111167	0.6505398897	0.8574383641	
563	0.9454174235	0.7032863672	0.8574383641	
564	1.0163237302	0.7560328448	0.8574383641	
565	1.0872300370	0.8087793223	0.8574383641	
566	1.1581363437	0.8615257999	0.8574383641	
567	1.2290426505	0.9142722774	0.8574383641	
568	1.2999489573	0.9670187550	0.8574383641	
569	1.3708552640	1.0197652325	0.8574383641	
570	1.4417615708	1.0725117100	0.8574383641	
571	1.5126678775	1.1252581876	0.8574383641	
572	1.5835741843	1.1780046651	0.8574383641	
573	1.6544804911	1.2307511427	0.8574383641	
574	1.7253867978	1.2834976202	0.8574383641	
575	1.7962931046	1.3362440978	0.8574383641	
576	1.8671994113	1.3889905753	0.8574383641	
577	1.9381057181	1.4417370528	0.8574383641	
578	1.9853765893	1.4769013712	0.8574383641	
579	2.0090120249	1.4944835304	0.8574383641	
580	0.7418515450	0.6729218529	0.8533844787	
581	0.7636707081	0.6927136721	0.8533844787	
582	0.8073090343	0.7322973105	0.8533844787	
583	0.8727665236	0.7916727681	0.8533844787	
584	0.9382240129	0.8510482257	0.8533844787	
585	1.0036815021	0.9104236833	0.8533844787	
586	1.0691389914	0.9697991409	0.8533844787	
587	1.1345964807	1.0291745985	0.8533844787	
588	1.2000539699	1.0885500561	0.8533844787	
589	1.2655114592	1.1479255137	0.8533844787	
590	1.3309689485	1.2073009714	0.8533844787	
591	1.3964264377	1.2666764290	0.8533844787	
592	1.4618839270	1.3260518866	0.8533844787	
593	1.5273414163	1.3854273442	0.8533844787	
594	1.5927989055	1.4448028018	0.8533844787	
595	1.6582563948	1.5041782594	0.8533844787	
596	1.7237138841	1.5635537170	0.8533844787	
597	1.7891713733	1.6229291746	0.8533844787	
598	1.8328096995	1.6625128130	0.8533844787	
599	1.8546288626	1.6823046322	0.8533844787	
600	0.6729218529	0.7418515450	0.8533844787	
601	0.6927136721	0.7636707081	0.8533844787	
602	0.7322973105	0.8073090343	0.8533844787	
603	0.7916727681	0.8727665236	0.8533844787	
604	0.8510482257	0.9382240129	0.8533844787	
605	0.9104236833	1.0036815021	0.8533844787	
606	0.9697991409	1.0691389914	0.8533844787	
607	1.0291745985	1.1345964807	0.8533844787	
608	1.0885500561	1.2000539699	0.8533844787	
609	1.1479255137	1.2655114592	0.8533844787	
610	1.2073009714	1.3309689485	0.8533844787	
611	1.2666764290	1.3964264377	0.8533844787	
612	1.3260518866	1.4618839270	0.8533844787	
613	1.3854273442	1.5273414163	0.8533844787	
614	1.4448028018	1.5927989055	0.8533844787	
615	1.5041782594	1.6582563948	0.8533844787	
616	1.5635537170	1.7237138841	0.8533844787	
617	1.6229291746	1.7891713733	0.8533844787	
618	1.6625128130	1.8328096995	0.8533844787	
619	1.6823046322	1.8546288626	0.8533844787	
620	0.5977934122	0.8036048099	0.8574383641	
621	0.6153755713	0.8272402455	0.8574383641	
622	0.6505398897	0.8745111167	0.8574383641	
623	0.7032863672	0.9454174235	0.8574383641	
624	0.7560328448	1.0163237302	0.8574383641	
625	0.8087793223	1.0872300370	0.8574383641	
626	0.8615257999	1.1581363437	0.8574383641	
627	0.9142722774	1.2290426505	0.8574383641	
628	0.9670187550	1.2999489573	0.8574383641	
629	1.0197652325	1.3708552640	0.8574383641	
630	1.0725117100	1.4417615708	0.8574383641	
631	1.1252581876	1.5126678775	0.8574383641	
632	1.1780046651	1.5835741843	0.8574383641	
633	1.2307511427	1.6544804911	0.8574383641	
634	1.2834976202	1.7253867978	0.8574383641	
635	1.3362440978	1.7962931046	0.8574383641	
636	1.3889905753	1.8671994113	0.8574383641	
637	1.4417370528	1.9381057181	0.8574383641	
638	1.4769013712	1.9853765893	0.8574383641	
639	1.4944835304	2.0090120249	0.8574383641	
640	0.5176089387	0.8574147968	0.8655461348	
641	0.5328327310	0.8826328791	0.8655461348	
642	0.5632803157	0.9330690436	0.8655461348	
643	0.6089516926	1.0087232904	0.8655461348	
644	0.6546230696	1.0843775371	0.8655461348	
645	0.7002944465	1.1600317839	0.8655461348	
646	0.7459658235	1.2356860307	0.8655461348	
647	0.7916372004	1.3113402775	0.8655461348	
648	0.8373085774	1.3869945242	0.8655461348	
649	0.8829799543	1.4626487710	0.8655461348	
650	0.9286513312	1.5383030178	0.8655461348	
651	0.9743227082	1.6139572646	0.8655461348	
652	1.0199940851	1.6896115114	0.8655461348	
653	1.0656654621	1.7652657581	0.8655461348	
654	1.1113368390	1.8409200049	0.8655461348	
655	1.1570082160	1.9165742517	0.8655461348	
656	1.2026795929	1.9922284985	0.8655461348	
657	1.2483509699	2.0678827452	0.8655461348	
658	1.2787985545	2.1183189098	0.8655461348	
659	1.2940223468	2.1435369920	0.8655461348	
660	0.4336195955	0.9027560326	0.8777077910	
661	0.4463731131	0.9293076807	0.8777077910	
662	0.4718801481	0.9824109767	0.8777077910	
663	0.5101407006	1.0620659208	0.8777077910	
664	0.5484012532	1.1417208648	0.8777077910	
665	0.5866618057	1.2213758089	0.8777077910	
666	0.6249223583	1.3010307529	0.8777077910	
667	0.6631829108	1.3806856970	0.8777077910	
668	0.7014434634	1.4603406410	0.8777077910	
669	0.7397040159	1.5399955851	0.8777077910	
670	0.7779645685	1.6196505292	0.8777077910	
671	0.8162251210	1.6993054732	0.8777077910	
672	0.8544856736	1.7789604173	0.8777077910	
673	0.8927462261	1.8586153613	0.8777077910	
674	0.9310067787	1.9382703054	0.8777077910	
675	0.9692673312	2.0179252494	0.8777077910	
676	1.0075278838	2.0975801935	0.8777077910	
677	1.0457884363	2.1772351376	0.8777077910	
678	1.0712954713	2.2303384336	0.8777077910	
679	1.0840489889	2.2568900816	0.8777077910	
680	0.3471233351	0.9393573058	0.8939233325	
681	0.3573328450	0.9669854619	0.8939233325	
682	0.3777518647	1.0222417740	0.8939233325	
683	0.4083803943	1.1051262422	0.8939233325	
684	0.4390089239	1.1880107103	0.8939233325	
685	0.4696374534	1.2708951785	0.8939233325	
686	0.5002659830	1.3537796466	0.8939233325	
687	0.5308945126	1.4366641148	0.8939233325	
688	0.5615230422	1.5195485830	0.8939233325	
689	0.5921515717	1.6024330511	0.8939233325	
690	0.6227801013	1.6853175193	0.8939233325	
691	0.6534086309	1.7682019875	0.8939233325	
692	0.6840371604	1.8510864556	0.8939233325	
693	0.7146656900	1.9339709238	0.8939233325	
694	0.7452942196	2.0168553919	0.8939233325	
695	0.7759227492	2.0997398601	0.8939233325	
696	0.8065512787	2.1826243283	0.8939233325	
697	0.8371798083	2.2655087964	0.8939233325	
698	0.8575988280	2.3207651085	0.8939233325	
699	0.8678083379	2.3483932646	0.8939233325	
700	0.2594042312	0.9671967803	0.9141927594	
701	0.2670337674	0.9956437444	0.9141927594	
702	0.2822928398	1.0525376726	0.9141927594	
703	0.3051814485	1.1378785650	0.9141927594	
704	0.3280700571	1.2232194574	0.9141927594	
705	0.3509586657	1.3085603498	0.9141927594	
706	0.3738472744	1.3939012421	0.9141927594	
707	0.3967358830	1.4792421345	0.9141927594	
708	0.4196244916	1.5645830269	0.9141927594	
709	0.4425131003	1.6499239193	0.9141927594	
710	0.4654017089	1.7352648116	0.9141927594	
711	0.4882903175	1.8206057040	0.9141927594	
712	0.5111789262	1.9059465964	0.9141927594	
713	0.5340675348	1.9912874888	0.9141927594	
714	0.5569561434	2.0766283811	0.9141927594	
715	0.5798447521	2.1619692735	0.9141927594	
716	0.6027333607	2.2473101659	0.9141927594	
717	0.6256219693	2.3326510583	0.9141927594	
718	0.6408810418	2.3895449865	0.9141927594	
719	0.6485105780	2.4179919506	0.9141927594	
720	0.1716782123	0.9864813952	0.9385160717	
721	0.1767275715	1.0154955538	0.9385160717	
722	0.1868262899	1.0735238712	0.9385160717	
723	0.2019743675	1.1605663472	0.9385160717	
724	0.2171224450	1.2476088233	0.9385160717	
725	0.2322705226	1.3346512993	0.9385160717	
726	0.2474186001	1.4216937754	0.9385160717	
727	0.2625666777	1.5087362514	0.9385160717	
728	0.2777147553	1.5957787275	0.9385160717	
729	0.2928628328	1.6828212035	0.9385160717	
730	0.3080109104	1.7698636795	0.9385160717	
731	0.3231589879	1.8569061556	0.9385160717	
732	0.3383070655	1.9439486316	0.9385160717	
733	0.3534551431	2.0309911077	0.9385160717	
734	0.3686032206	2.1180335837	0.9385160717	
735	0.3837512982	2.2050760598	0.9385160717	
736	0.3988993757	2.2921185358	0.9385160717	
737	0.4140474533	2.3791610118	0.9385160717	
738	0.4241461717	2.4371893292	0.9385160717	
739	0.4291955309	2.4662034879	0.9385160717	
740	0.0850492249	0.9976142092	0.9668932694	
741	0.0875506727	1.0269558036	0.9668932694	
742	0.0925535683	1.0856389924	0.9668932694	
743	0.1000579117	1.1736637755	0.9668932694	
744	0.1075622550	1.2616885587	0.9668932694	
745	0.1150665984	1.3497133418	0.9668932694	
746	0.1225709418	1.4377381250	0.9668932694	
747	0.1300752852	1.5257629082	0.9668932694	
748	0.1375796285	1.6137876913	0.9668932694	
749	0.1450839719	1.7018124745	0.9668932694	
750	0.1525883153	1.7898372577	0.9668932694	
751	0.1600926587	1.8778620408	0.9668932694	
752	0.1675970020	1.9658868240	0.9668932694	
753	0.1751013454	2.0539116072	0.9668932694	
754	0.1826056888	2.1419363903	0.9668932694	
755	0.1901100322	2.2299611735	0.9668932694	
756	0.1976143755	2.3179859567	0.9668932694	
757	0.2051187189	2.4060107398	0.9668932694	
758	0.2101216145	2.4646939286	0.9668932694	
759	0.2126230623	2.4940355230	0.9668932694	
760	0.0280518818	1.0000000000	0.9885139914	
761	0.0288769372	1.0294117647	0.9885139914	
762	0.0305270479	1.0882352941	0.9885139914	
763	0.0330022139	1.1764705882	0.9885139914	
764	0.0354773800	1.2647058824	0.9885139914	
765	0.0379525460	1.3529411765	0.9885139914	
766	0.0404277121	1.4411764706	0.9885139914	
767	0.0429028781	1.5294117647	0.9885139914	
768	0.0453780442	1.6176470588	0.9885139914	
769	0.0478532102	1.7058823529	0.9885139914	
770	0.0503283763	1.7941176471	0.9885139914	
771	0.0528035423	1.8823529412	0.9885139914	
772	0.0552787083	1.9705882353	0.9885139914	
773	0.0577538744	2.0588235294	0.9885139914	
774	0.0602290404	2.1470588235	0.9885139914	
775	0.0627042065	2.2352941176	0.9885139914	
776	0.0651793725	2.3235294118	0.9885139914	
777	0.0676545386	2.4117647059	0.9885139914	
778	0.0693046493	2.4705882353	0.9885139914	
779	0.0701297046	2.5000000000	0.9885139914	
780	0.0000000000	1.0000000000	1.0000000000	
781	0.0000000000	1.0294117647	1.0000000000	
782	0.0000000000	1.0882352941	1.0000000000	
783	0.0000000000	1.1764705882	1.0000000000	
784	0.0000000000	1.2647058824	1.0000000000	
785	0.0000000000	1.3529411765	1.0000000000	
786	0.0000000000	1.4411764706	1.0000000000	
787	0.0000000000	1.5294117647	1.0000000000	
788	0.0000000000	1.6176470588	1.0000000000	
789	0.0000000000	1.7058823529	1.0000000000	
790	0.0000000000	1.7941176471	1.0000000000	
791	0.0000000000	1.8823529412	1.0000000000	
792	0.0000000000	1.9705882353	1.0000000000	
793	0.0000000000	2.0588235294	1.0000000000	
794	0.0000000000	2.1470588235	1.0000000000	
795	0.0000000000	2.2352941176	1.0000000000	
796	0.0000000000	2.3235294118	1.0000000000	
797	0.0000000000	2.4117647059	1.0000000000	
798	0.0000000000	2.4705882353	1.0000000000	
799	0.0000000000	2.5000000000	1.0000000000	

0	1	0.0000000000
1	1	0.0000000000
2	1	0.0000000000
3	1	0.0000000000
4	1	0.0000000000
5	1	0.0000000000
6	1	0.0000000000
7	1	0.0000000000
8	1	0.0000000000
9	1	0.0000000000
10	1	0.0000000000
11	1	0.0000000000
12	1	0.0000000000
13	1	0.0000000000
14	1	0.0000000000
15	1	0.0000000000
16	1	0.0000000000
17	1	0.0000000000
18	1	0.0000000000
19	1	0.0000000000
0	0	0.0000000000
20	0	0.0000000000
40	0	0.0000000000
60	0	0.0000000000
80	0	0.0000000000
100	0	0.0000000000
120	0	0.0000000000
140	0	0.0000000000
160	0	0.0000000000
180	0	0.0000000000
200	0	0.0000000000
220	0	0.0000000000
240	0	0.0000000000
260	0	0.0000000000
280	0	0.0000000000
300	0	0.0000000000
320	0	0.0000000000
340	0	0.0000000000
360	0	0.0000000000
380	0	0.0000000000
400	1	0.0000000000
401	1	0.0000000000
402	1	0.0000000000
403	1	0.0000000000
404	1	0.0000000000
405	1	0.0000000000
406	1	0.0000000000
407	1	0.0000000000
408	1	0.0000000000
409	1	0.0000000000
410	1	0.0000000000
411	1	0.0000000000
412	1	0.0000000000
413	1	0.0000000000
414	1	0.0000000000
415	1	0.0000000000
416	1	0.0000000000
417	1	0.0000000000
418	1	0.0000000000
419	1	0.0000000000
439	1	0.0000000000
459	1	0.0000000000
479	1	0.0000000000
499	1	0.0000000000
519	1	0.0000000000
539	1	0.0000000000
559	1	0.0000000000
579	1	0.0000000000
599	1	0.0000000000
619	1	0.0000000000
639	1	0.0000000000
659	1	0.0000000000
679	1	0.0000000000
699	1	0.0000000000
719	1	0.0000000000
739	1	0.0000000000
759	1	0.0000000000
779	1	0.0000000000
799	1	0.0000000000
419	0	0.0000000000
439	0	0.0000000000
459	0	0.0000000000
479	0	0.0000000000
499	0	0.0000000000
519	0	0.0000000000
539	0	0.0000000000
559	0	0.0000000000
579	0	0.0000000000
599	0	0.0000000000
619	0	0.0000000000
639	0	0.0000000000
659	0	0.0000000000
679	0	0.0000000000
699	0	0.0000000000
719	0	0.0000000000
739	0	0.0000000000
759	0	0.0000000000
779	0	0.0000000000
780	0	0.0000000000
781	0	0.0000000000
782	0	0.0000000000
783	0	0.0000000000
784	0	0.0000000000
785	0	0.0000000000
786	0	0.0000000000
787	0	0.0000000000
788	0	0.0000000000
789	0	0.0000000000
790	0	0.0000000000
791	0	0.0000000000
792	0	0.0000000000
793	0	0.0000000000
794	0	0.0000000000
795	0	0.0000000000
796	0	0.0000000000
797	0	0.0000000000
798	0	0.0000000000
799	0	0.0000000000


1	0	0	1.0000000000	0.0000000000	1.0000000000	10.0000000000	0.0000000000	0.0000000000
