206000.000	0.300000

1

1200

3	3

16	14

12	10

0	1	2	3	4	5	6	7	8	9	10	11	12	13	14	15	16	17	18	19	20	21	22	23	24	25	26	27	28	29	30	31	32	33	34	35	36	37	38	39	40	41	42	43	44	45	46	47	48	49	50	51	52	53	54	55	56	57	58	59	60	61	62	63	64	65	66	67	68	69	70	71	72	73	74	75	76	77	78	79	80	81	82	83	84	85	86	87	88	89	90	91	92	93	94	95	96	97	98	99	100	101	102	103	104	105	106	107	108	109	110	111	112	113	114	115	116	117	118	119	120	121	122	123	124	125	126	127	128	129	130	131	132	133	134	135	136	137	138	139	140	141	142	143	144	145	146	147	148	149	150	151	152	153	154	155	156	157	158	159	160	161	162	163	164	165	166	167	168	169	170	171	172	173	174	175	176	177	178	179	180	181	182	183	184	185	186	187	188	189	190	191	192	193	194	195	196	197	198	199	200	201	202	203	204	205	206	207	208	209	210	211	212	213	214	215	216	217	218	219	220	221	222	223	224	225	226	227	228	229	230	231	232	233	234	235	236	237	238	239	240	241	242	243	244	245	246	247	248	249	250	251	252	253	254	255	256	257	258	259	260	261	262	263	264	265	266	267	268	269	270	271	272	273	274	275	276	277	278	279	280	281	282	283	284	285	286	287	288	289	290	291	292	293	294	295	296	297	298	299	300	301	302	303	304	305	306	307	308	309	310	311	312	313	314	315	316	317	318	319	320	321	322	323	324	325	326	327	328	329	330	331	332	333	334	335	336	337	338	339	340	341	342	343	344	345	346	347	348	349	350	351	352	353	354	355	356	357	358	359	360	361	362	363	364	365	366	367	368	369	370	371	372	373	374	375	376	377	378	379	380	381	382	383	384	385	386	387	388	389	390	391	392	393	394	395	396	397	398	399	400	401	402	403	404	405	406	407	408	409	410	411	412	413	414	415	416	417	418	419	420	421	422	423	424	425	426	427	428	429	430	431	432	433	434	435	436	437	438	439	440	441	442	443	444	445	446	447	448	449	450	451	452	453	454	455	456	457	458	459	460	461	462	463	464	465	466	467	468	469	470	471	472	473	474	475	476	477	478	479	480	481	482	483	484	485	486	487	488	489	490	491	492	493	494	495	496	497	498	499	500	501	502	503	504	505	506	507	508	509	510	511	512	513	514	515	516	517	518	519	520	521	522	523	524	525	526	527	528	529	530	531	532	533	534	535	536	537	538	539	540	541	542	543	544	545	546	547	548	549	550	551	552	553	554	555	556	557	558	559	560	561	562	563	564	565	566	567	568	569	570	571	572	573	574	575	576	577	578	579	580	581	582	583	584	585	586	587	588	589	590	591	592	593	594	595	596	597	598	599	600	601	602	603	604	605	606	607	608	609	610	611	612	613	614	615	616	617	618	619	620	621	622	623	624	625	626	627	628	629	630	631	632	633	634	635	636	637	638	639	640	641	642	643	644	645	646	647	648	649	650	651	652	653	654	655	656	657	658	659	660	661	662	663	664	665	666	667	668	669	670	671	672	673	674	675	676	677	678	679	680	681	682	683	684	685	686	687	688	689	690	691	692	693	694	695	696	697	698	699	700	701	702	703	704	705	706	707	708	709	710	711	712	713	714	715	716	717	718	719	720	721	722	723	724	725	726	727	728	729	730	731	732	733	734	735	736	737	738	739	740	741	742	743	744	745	746	747	748	749	750	751	752	753	754	755	756	757	758	759	760	761	762	763	764	765	766	767	768	769	770	771	772	773	774	775	776	777	778	779	780	781	782	783	784	785	786	787	788	789	790	791	792	793	794	795	796	797	798	799	800	801	802	803	804	805	806	807	808	809	810	811	812	813	814	815	816	817	818	819	820	821	822	823	824	825	826	827	828	829	830	831	832	833	834	835	836	837	838	839	840	841	842	843	844	845	846	847	848	849	850	851	852	853	854	855	856	857	858	859	860	861	862	863	864	865	866	867	868	869	870	871	872	873	874	875	876	877	878	879	880	881	882	883	884	885	886	887	888	889	890	891	892	893	894	895	896	897	898	899	900	901	902	903	904	905	906	907	908	909	910	911	912	913	914	915	916	917	918	919	920	921	922	923	924	925	926	927	928	929	930	931	932	933	934	935	936	937	938	939	940	941	942	943	944	945	946	947	948	949	950	951	952	953	954	955	956	957	958	959	960	961	962	963	964	965	966	967	968	969	970	971	972	973	974	975	976	977	978	979	980	981	982	983	984	985	986	987	988	989	990	991	992	993	994	995	996	997	998	999	1000	1001	1002	1003	1004	1005	1006	1007	1008	1009	1010	1011	1012	1013	1014	1015	1016	1017	1018	1019	1020	1021	1022	1023	1024	1025	1026	1027	1028	1029	1030	1031	1032	1033	1034	1035	1036	1037	1038	1039	1040	1041	1042	1043	1044	1045	1046	1047	1048	1049	1050	1051	1052	1053	1054	1055	1056	1057	1058	1059	1060	1061	1062	1063	1064	1065	1066	1067	1068	1069	1070	1071	1072	1073	1074	1075	1076	1077	1078	1079	1080	1081	1082	1083	1084	1085	1086	1087	1088	1089	1090	1091	1092	1093	1094	1095	1096	1097	1098	1099	1100	1101	1102	1103	1104	1105	1106	1107	1108	1109	1110	1111	1112	1113	1114	1115	1116	1117	1118	1119	1120	1121	1122	1123	1124	1125	1126	1127	1128	1129	1130	1131	1132	1133	1134	1135	1136	1137	1138	1139	1140	1141	1142	1143	1144	1145	1146	1147	1148	1149	1150	1151	1152	1153	1154	1155	1156	1157	1158	1159	1160	1161	1162	1163	1164	1165	1166	1167	1168	1169	1170	1171	1172	1173	1174	1175	1176	1177	1178	1179	1180	1181	1182	1183	1184	1185	1186	1187	1188	1189	1190	1191	1192	1193	1194	1195	1196	1197	1198	1199	

666	0	0

0.00000	0.00000	0.00000	0.00000	0.11111	0.22222	0.33333	0.44444	0.55556	0.66667	0.77778	0.88889	1.00000	1.00000	1.00000	1.00000	
0.00000	0.00000	0.00000	0.00000	0.14286	0.28571	0.42857	0.57143	0.71429	0.85714	1.00000	1.00000	1.00000	1.00000	
0.00000	0.00000	0.00000	0.00000	0.14286	0.28571	0.42857	0.57143	0.71429	0.85714	1.00000	1.00000	1.00000	1.00000	

0	0.0000000000	1.0000000000	0.0000000000	1.0000000000	
1	0.0370370370	1.0000000000	0.0000000000	1.0000000000	
2	0.1111111111	1.0000000000	0.0000000000	1.0000000000	
3	0.2222222222	1.0000000000	0.0000000000	1.0000000000	
4	0.3333333333	1.0000000000	0.0000000000	1.0000000000	
5	0.4444444444	1.0000000000	0.0000000000	1.0000000000	
6	0.5555555556	1.0000000000	0.0000000000	1.0000000000	
7	0.6666666667	1.0000000000	0.0000000000	1.0000000000	
8	0.7777777778	1.0000000000	0.0000000000	1.0000000000	
9	0.8888888889	1.0000000000	0.0000000000	1.0000000000	
10	0.9629629630	1.0000000000	0.0000000000	1.0000000000	
11	1.0000000000	1.0000000000	0.0000000000	1.0000000000	
12	0.0000000000	1.0476190476	0.0000000000	1.0000000000	
13	0.0370370370	1.0476190476	0.0000000000	1.0000000000	
14	0.1111111111	1.0476190476	0.0000000000	1.0000000000	
15	0.2222222222	1.0476190476	0.0000000000	1.0000000000	
16	0.3333333333	1.0476190476	0.0000000000	1.0000000000	
17	0.4444444444	1.0476190476	0.0000000000	1.0000000000	
18	0.5555555556	1.0476190476	0.0000000000	1.0000000000	
19	0.6666666667	1.0476190476	0.0000000000	1.0000000000	
20	0.7777777778	1.0476190476	0.0000000000	1.0000000000	
21	0.8888888889	1.0476190476	0.0000000000	1.0000000000	
22	0.9629629630	1.0476190476	0.0000000000	1.0000000000	
23	1.0000000000	1.0476190476	0.0000000000	1.0000000000	
24	0.0000000000	1.1428571429	0.0000000000	1.0000000000	
25	0.0370370370	1.1428571429	0.0000000000	1.0000000000	
26	0.1111111111	1.1428571429	0.0000000000	1.0000000000	
27	0.2222222222	1.1428571429	0.0000000000	1.0000000000	
28	0.3333333333	1.1428571429	0.0000000000	1.0000000000	
29	0.4444444444	1.1428571429	0.0000000000	1.0000000000	
30	0.5555555556	1.1428571429	0.0000000000	1.0000000000	
31	0.6666666667	1.1428571429	0.0000000000	1.0000000000	
32	0.7777777778	1.1428571429	0.0000000000	1.0000000000	
33	0.8888888889	1.1428571429	0.0000000000	1.0000000000	
34	0.9629629630	1.1428571429	0.0000000000	1.0000000000	
35	1.0000000000	1.1428571429	0.0000000000	1.0000000000	
36	0.0000000000	1.2857142857	0.0000000000	1.0000000000	
37	0.0370370370	1.2857142857	0.0000000000	1.0000000000	
38	0.1111111111	1.2857142857	0.0000000000	1.0000000000	
39	0.2222222222	1.2857142857	0.0000000000	1.0000000000	
40	0.3333333333	1.2857142857	0.0000000000	1.0000000000	
41	0.4444444444	1.2857142857	0.0000000000	1.0000000000	
42	0.5555555556	1.2857142857	0.0000000000	1.0000000000	
43	0.6666666667	1.2857142857	0.0000000000	1.0000000000	
44	0.7777777778	1.2857142857	0.0000000000	1.0000000000	
45	0.8888888889	1.2857142857	0.0000000000	1.0000000000	
46	0.9629629630	1.2857142857	0.0000000000	1.0000000000	
47	1.0000000000	1.2857142857	0.0000000000	1.0000000000	
48	0.0000000000	1.4285714286	0.0000000000	1.0000000000	
49	0.0370370370	1.4285714286	0.0000000000	1.0000000000	
50	0.1111111111	1.4285714286	0.0000000000	1.0000000000	
51	0.2222222222	1.4285714286	0.0000000000	1.0000000000	
52	0.3333333333	1.4285714286	0.0000000000	1.0000000000	
53	0.4444444444	1.4285714286	0.0000000000	1.0000000000	
54	0.5555555556	1.4285714286	0.0000000000	1.0000000000	
55	0.6666666667	1.4285714286	0.0000000000	1.0000000000	
56	0.7777777778	1.4285714286	0.0000000000	1.0000000000	
57	0.8888888889	1.4285714286	0.0000000000	1.0000000000	
58	0.9629629630	1.4285714286	0.0000000000	1.0000000000	
59	1.0000000000	1.4285714286	0.0000000000	1.0000000000	
60	0.0000000000	1.5714285714	0.0000000000	1.0000000000	
61	0.0370370370	1.5714285714	0.0000000000	1.0000000000	
62	0.1111111111	1.5714285714	0.0000000000	1.0000000000	
63	0.2222222222	1.5714285714	0.0000000000	1.0000000000	
64	0.3333333333	1.5714285714	0.0000000000	1.0000000000	
65	0.4444444444	1.5714285714	0.0000000000	1.0000000000	
66	0.5555555556	1.5714285714	0.0000000000	1.0000000000	
67	0.6666666667	1.5714285714	0.0000000000	1.0000000000	
68	0.7777777778	1.5714285714	0.0000000000	1.0000000000	
69	0.8888888889	1.5714285714	0.0000000000	1.0000000000	
70	0.9629629630	1.5714285714	0.0000000000	1.0000000000	
71	1.0000000000	1.5714285714	0.0000000000	1.0000000000	
72	0.0000000000	1.7142857143	0.0000000000	1.0000000000	
73	0.0370370370	1.7142857143	0.0000000000	1.0000000000	
74	0.1111111111	1.7142857143	0.0000000000	1.0000000000	
75	0.2222222222	1.7142857143	0.0000000000	1.0000000000	
76	0.3333333333	1.7142857143	0.0000000000	1.0000000000	
77	0.4444444444	1.7142857143	0.0000000000	1.0000000000	
78	0.5555555556	1.7142857143	0.0000000000	1.0000000000	
79	0.6666666667	1.7142857143	0.0000000000	1.0000000000	
80	0.7777777778	1.7142857143	0.0000000000	1.0000000000	
81	0.8888888889	1.7142857143	0.0000000000	1.0000000000	
82	0.9629629630	1.7142857143	0.0000000000	1.0000000000	
83	1.0000000000	1.7142857143	0.0000000000	1.0000000000	
84	0.0000000000	1.8571428571	0.0000000000	1.0000000000	
85	0.0370370370	1.8571428571	0.0000000000	1.0000000000	
86	0.1111111111	1.8571428571	0.0000000000	1.0000000000	
87	0.2222222222	1.8571428571	0.0000000000	1.0000000000	
88	0.3333333333	1.8571428571	0.0000000000	1.0000000000	
89	0.4444444444	1.8571428571	0.0000000000	1.0000000000	
90	0.5555555556	1.8571428571	0.0000000000	1.0000000000	
91	0.6666666667	1.8571428571	0.0000000000	1.0000000000	
92	0.7777777778	1.8571428571	0.0000000000	1.0000000000	
93	0.8888888889	1.8571428571	0.0000000000	1.0000000000	
94	0.9629629630	1.8571428571	0.0000000000	1.0000000000	
95	1.0000000000	1.8571428571	0.0000000000	1.0000000000	
96	0.0000000000	1.9523809524	0.0000000000	1.0000000000	
97	0.0370370370	1.9523809524	0.0000000000	1.0000000000	
98	0.1111111111	1.9523809524	0.0000000000	1.0000000000	
99	0.2222222222	1.9523809524	0.0000000000	1.0000000000	
100	0.3333333333	1.9523809524	0.0000000000	1.0000000000	
101	0.4444444444	1.9523809524	0.0000000000	1.0000000000	
102	0.5555555556	1.9523809524	0.0000000000	1.0000000000	
103	0.6666666667	1.9523809524	0.0000000000	1.0000000000	
104	0.7777777778	1.9523809524	0.0000000000	1.0000000000	
105	0.8888888889	1.9523809524	0.0000000000	1.0000000000	
106	0.9629629630	1.9523809524	0.0000000000	1.0000000000	
107	1.0000000000	1.9523809524	0.0000000000	1.0000000000	
108	0.0000000000	2.0000000000	0.0000000000	1.0000000000	
109	0.0370370370	2.0000000000	0.0000000000	1.0000000000	
110	0.1111111111	2.0000000000	0.0000000000	1.0000000000	
111	0.2222222222	2.0000000000	0.0000000000	1.0000000000	
112	0.3333333333	2.0000000000	0.0000000000	1.0000000000	
113	0.4444444444	2.0000000000	0.0000000000	1.0000000000	
114	0.5555555556	2.0000000000	0.0000000000	1.0000000000	
115	0.6666666667	2.0000000000	0.0000000000	1.0000000000	
116	0.7777777778	2.0000000000	0.0000000000	1.0000000000	
117	0.8888888889	2.0000000000	0.0000000000	1.0000000000	
118	0.9629629630	2.0000000000	0.0000000000	1.0000000000	
119	1.0000000000	2.0000000000	0.0000000000	1.0000000000	
120	0.0000000000	1.0000000000	0.0692759267	0.9721054077	
121	0.0370370370	1.0000000000	0.0692759267	0.9721054077	
122	0.1111111111	1.0000000000	0.0692759267	0.9721054077	
123	0.2222222222	1.0000000000	0.0692759267	0.9721054077	
124	0.3333333333	1.0000000000	0.0692759267	0.9721054077	
125	0.4444444444	1.0000000000	0.0692759267	0.9721054077	
126	0.5555555556	1.0000000000	0.0692759267	0.9721054077	
127	0.6666666667	1.0000000000	0.0692759267	0.9721054077	
128	0.7777777778	1.0000000000	0.0692759267	0.9721054077	
129	0.8888888889	1.0000000000	0.0692759267	0.9721054077	
130	0.9629629630	1.0000000000	0.0692759267	0.9721054077	
131	1.0000000000	1.0000000000	0.0692759267	0.9721054077	
132	0.0000000000	1.0476190476	0.0725747804	0.9721054077	
133	0.0370370370	1.0476190476	0.0725747804	0.9721054077	
134	0.1111111111	1.0476190476	0.0725747804	0.9721054077	
135	0.2222222222	1.0476190476	0.0725747804	0.9721054077	
136	0.3333333333	1.0476190476	0.0725747804	0.9721054077	
137	0.4444444444	1.0476190476	0.0725747804	0.9721054077	
138	0.5555555556	1.0476190476	0.0725747804	0.9721054077	
139	0.6666666667	1.0476190476	0.0725747804	0.9721054077	
140	0.7777777778	1.0476190476	0.0725747804	0.9721054077	
141	0.8888888889	1.0476190476	0.0725747804	0.9721054077	
142	0.9629629630	1.0476190476	0.0725747804	0.9721054077	
143	1.0000000000	1.0476190476	0.0725747804	0.9721054077	
144	0.0000000000	1.1428571429	0.0791724877	0.9721054077	
145	0.0370370370	1.1428571429	0.0791724877	0.9721054077	
146	0.1111111111	1.1428571429	0.0791724877	0.9721054077	
147	0.2222222222	1.1428571429	0.0791724877	0.9721054077	
148	0.3333333333	1.1428571429	0.0791724877	0.9721054077	
149	0.4444444444	1.1428571429	0.0791724877	0.9721054077	
150	0.5555555556	1.1428571429	0.0791724877	0.9721054077	
151	0.6666666667	1.1428571429	0.0791724877	0.9721054077	
152	0.7777777778	1.1428571429	0.0791724877	0.9721054077	
153	0.8888888889	1.1428571429	0.0791724877	0.9721054077	
154	0.9629629630	1.1428571429	0.0791724877	0.9721054077	
155	1.0000000000	1.1428571429	0.0791724877	0.9721054077	
156	0.0000000000	1.2857142857	0.0890690486	0.9721054077	
157	0.0370370370	1.2857142857	0.0890690486	0.9721054077	
158	0.1111111111	1.2857142857	0.0890690486	0.9721054077	
159	0.2222222222	1.2857142857	0.0890690486	0.9721054077	
160	0.3333333333	1.2857142857	0.0890690486	0.9721054077	
161	0.4444444444	1.2857142857	0.0890690486	0.9721054077	
162	0.5555555556	1.2857142857	0.0890690486	0.9721054077	
163	0.6666666667	1.2857142857	0.0890690486	0.9721054077	
164	0.7777777778	1.2857142857	0.0890690486	0.9721054077	
165	0.8888888889	1.2857142857	0.0890690486	0.9721054077	
166	0.9629629630	1.2857142857	0.0890690486	0.9721054077	
167	1.0000000000	1.2857142857	0.0890690486	0.9721054077	
168	0.0000000000	1.4285714286	0.0989656096	0.9721054077	
169	0.0370370370	1.4285714286	0.0989656096	0.9721054077	
170	0.1111111111	1.4285714286	0.0989656096	0.9721054077	
171	0.2222222222	1.4285714286	0.0989656096	0.9721054077	
172	0.3333333333	1.4285714286	0.0989656096	0.9721054077	
173	0.4444444444	1.4285714286	0.0989656096	0.9721054077	
174	0.5555555556	1.4285714286	0.0989656096	0.9721054077	
175	0.6666666667	1.4285714286	0.0989656096	0.9721054077	
176	0.7777777778	1.4285714286	0.0989656096	0.9721054077	
177	0.8888888889	1.4285714286	0.0989656096	0.9721054077	
178	0.9629629630	1.4285714286	0.0989656096	0.9721054077	
179	1.0000000000	1.4285714286	0.0989656096	0.9721054077	
180	0.0000000000	1.5714285714	0.1088621705	0.9721054077	
181	0.0370370370	1.5714285714	0.1088621705	0.9721054077	
182	0.1111111111	1.5714285714	0.1088621705	0.9721054077	
183	0.2222222222	1.5714285714	0.1088621705	0.9721054077	
184	0.3333333333	1.5714285714	0.1088621705	0.9721054077	
185	0.4444444444	1.5714285714	0.1088621705	0.9721054077	
186	0.5555555556	1.5714285714	0.1088621705	0.9721054077	
187	0.6666666667	1.5714285714	0.1088621705	0.9721054077	
188	0.7777777778	1.5714285714	0.1088621705	0.9721054077	
189	0.8888888889	1.5714285714	0.1088621705	0.9721054077	
190	0.9629629630	1.5714285714	0.1088621705	0.9721054077	
191	1.0000000000	1.5714285714	0.1088621705	0.9721054077	
192	0.0000000000	1.7142857143	0.1187587315	0.9721054077	
193	0.0370370370	1.7142857143	0.1187587315	0.9721054077	
194	0.1111111111	1.7142857143	0.1187587315	0.9721054077	
195	0.2222222222	1.7142857143	0.1187587315	0.9721054077	
196	0.3333333333	1.7142857143	0.1187587315	0.9721054077	
197	0.4444444444	1.7142857143	0.1187587315	0.9721054077	
198	0.5555555556	1.7142857143	0.1187587315	0.9721054077	
199	0.6666666667	1.7142857143	0.1187587315	0.9721054077	
200	0.7777777778	1.7142857143	0.1187587315	0.9721054077	
201	0.8888888889	1.7142857143	0.1187587315	0.9721054077	
202	0.9629629630	1.7142857143	0.1187587315	0.9721054077	
203	1.0000000000	1.7142857143	0.1187587315	0.9721054077	
204	0.0000000000	1.8571428571	0.1286552924	0.9721054077	
205	0.0370370370	1.8571428571	0.1286552924	0.9721054077	
206	0.1111111111	1.8571428571	0.1286552924	0.9721054077	
207	0.2222222222	1.8571428571	0.1286552924	0.9721054077	
208	0.3333333333	1.8571428571	0.1286552924	0.9721054077	
209	0.4444444444	1.8571428571	0.1286552924	0.9721054077	
210	0.5555555556	1.8571428571	0.1286552924	0.9721054077	
211	0.6666666667	1.8571428571	0.1286552924	0.9721054077	
212	0.7777777778	1.8571428571	0.1286552924	0.9721054077	
213	0.8888888889	1.8571428571	0.1286552924	0.9721054077	
214	0.9629629630	1.8571428571	0.1286552924	0.9721054077	
215	1.0000000000	1.8571428571	0.1286552924	0.9721054077	
216	0.0000000000	1.9523809524	0.1352529997	0.9721054077	
217	0.0370370370	1.9523809524	0.1352529997	0.9721054077	
218	0.1111111111	1.9523809524	0.1352529997	0.9721054077	
219	0.2222222222	1.9523809524	0.1352529997	0.9721054077	
220	0.3333333333	1.9523809524	0.1352529997	0.9721054077	
221	0.4444444444	1.9523809524	0.1352529997	0.9721054077	
222	0.5555555556	1.9523809524	0.1352529997	0.9721054077	
223	0.6666666667	1.9523809524	0.1352529997	0.9721054077	
224	0.7777777778	1.9523809524	0.1352529997	0.9721054077	
225	0.8888888889	1.9523809524	0.1352529997	0.9721054077	
226	0.9629629630	1.9523809524	0.1352529997	0.9721054077	
227	1.0000000000	1.9523809524	0.1352529997	0.9721054077	
228	0.0000000000	2.0000000000	0.1385518534	0.9721054077	
229	0.0370370370	2.0000000000	0.1385518534	0.9721054077	
230	0.1111111111	2.0000000000	0.1385518534	0.9721054077	
231	0.2222222222	2.0000000000	0.1385518534	0.9721054077	
232	0.3333333333	2.0000000000	0.1385518534	0.9721054077	
233	0.4444444444	2.0000000000	0.1385518534	0.9721054077	
234	0.5555555556	2.0000000000	0.1385518534	0.9721054077	
235	0.6666666667	2.0000000000	0.1385518534	0.9721054077	
236	0.7777777778	2.0000000000	0.1385518534	0.9721054077	
237	0.8888888889	2.0000000000	0.1385518534	0.9721054077	
238	0.9629629630	2.0000000000	0.1385518534	0.9721054077	
239	1.0000000000	2.0000000000	0.1385518534	0.9721054077	
240	0.0000000000	0.9852800534	0.2124828544	0.9242861067	
241	0.0370370370	0.9852800534	0.2124828544	0.9242861067	
242	0.1111111111	0.9852800534	0.2124828544	0.9242861067	
243	0.2222222222	0.9852800534	0.2124828544	0.9242861067	
244	0.3333333333	0.9852800534	0.2124828544	0.9242861067	
245	0.4444444444	0.9852800534	0.2124828544	0.9242861067	
246	0.5555555556	0.9852800534	0.2124828544	0.9242861067	
247	0.6666666667	0.9852800534	0.2124828544	0.9242861067	
248	0.7777777778	0.9852800534	0.2124828544	0.9242861067	
249	0.8888888889	0.9852800534	0.2124828544	0.9242861067	
250	0.9629629630	0.9852800534	0.2124828544	0.9242861067	
251	1.0000000000	0.9852800534	0.2124828544	0.9242861067	
252	0.0000000000	1.0321981511	0.2226010856	0.9242861067	
253	0.0370370370	1.0321981511	0.2226010856	0.9242861067	
254	0.1111111111	1.0321981511	0.2226010856	0.9242861067	
255	0.2222222222	1.0321981511	0.2226010856	0.9242861067	
256	0.3333333333	1.0321981511	0.2226010856	0.9242861067	
257	0.4444444444	1.0321981511	0.2226010856	0.9242861067	
258	0.5555555556	1.0321981511	0.2226010856	0.9242861067	
259	0.6666666667	1.0321981511	0.2226010856	0.9242861067	
260	0.7777777778	1.0321981511	0.2226010856	0.9242861067	
261	0.8888888889	1.0321981511	0.2226010856	0.9242861067	
262	0.9629629630	1.0321981511	0.2226010856	0.9242861067	
263	1.0000000000	1.0321981511	0.2226010856	0.9242861067	
264	0.0000000000	1.1260343467	0.2428375479	0.9242861067	
265	0.0370370370	1.1260343467	0.2428375479	0.9242861067	
266	0.1111111111	1.1260343467	0.2428375479	0.9242861067	
267	0.2222222222	1.1260343467	0.2428375479	0.9242861067	
268	0.3333333333	1.1260343467	0.2428375479	0.9242861067	
269	0.4444444444	1.1260343467	0.2428375479	0.9242861067	
270	0.5555555556	1.1260343467	0.2428375479	0.9242861067	
271	0.6666666667	1.1260343467	0.2428375479	0.9242861067	
272	0.7777777778	1.1260343467	0.2428375479	0.9242861067	
273	0.8888888889	1.1260343467	0.2428375479	0.9242861067	
274	0.9629629630	1.1260343467	0.2428375479	0.9242861067	
275	1.0000000000	1.1260343467	0.2428375479	0.9242861067	
276	0.0000000000	1.2667886400	0.2731922414	0.9242861067	
277	0.0370370370	1.2667886400	0.2731922414	0.9242861067	
278	0.1111111111	1.2667886400	0.2731922414	0.9242861067	
279	0.2222222222	1.2667886400	0.2731922414	0.9242861067	
280	0.3333333333	1.2667886400	0.2731922414	0.9242861067	
281	0.4444444444	1.2667886400	0.2731922414	0.9242861067	
282	0.5555555556	1.2667886400	0.2731922414	0.9242861067	
283	0.6666666667	1.2667886400	0.2731922414	0.9242861067	
284	0.7777777778	1.2667886400	0.2731922414	0.9242861067	
285	0.8888888889	1.2667886400	0.2731922414	0.9242861067	
286	0.9629629630	1.2667886400	0.2731922414	0.9242861067	
287	1.0000000000	1.2667886400	0.2731922414	0.9242861067	
288	0.0000000000	1.4075429334	0.3035469349	0.9242861067	
289	0.0370370370	1.4075429334	0.3035469349	0.9242861067	
290	0.1111111111	1.4075429334	0.3035469349	0.9242861067	
291	0.2222222222	1.4075429334	0.3035469349	0.9242861067	
292	0.3333333333	1.4075429334	0.3035469349	0.9242861067	
293	0.4444444444	1.4075429334	0.3035469349	0.9242861067	
294	0.5555555556	1.4075429334	0.3035469349	0.9242861067	
295	0.6666666667	1.4075429334	0.3035469349	0.9242861067	
296	0.7777777778	1.4075429334	0.3035469349	0.9242861067	
297	0.8888888889	1.4075429334	0.3035469349	0.9242861067	
298	0.9629629630	1.4075429334	0.3035469349	0.9242861067	
299	1.0000000000	1.4075429334	0.3035469349	0.9242861067	
300	0.0000000000	1.5482972267	0.3339016284	0.9242861067	
301	0.0370370370	1.5482972267	0.3339016284	0.9242861067	
302	0.1111111111	1.5482972267	0.3339016284	0.9242861067	
303	0.2222222222	1.5482972267	0.3339016284	0.9242861067	
304	0.3333333333	1.5482972267	0.3339016284	0.9242861067	
305	0.4444444444	1.5482972267	0.3339016284	0.9242861067	
306	0.5555555556	1.5482972267	0.3339016284	0.9242861067	
307	0.6666666667	1.5482972267	0.3339016284	0.9242861067	
308	0.7777777778	1.5482972267	0.3339016284	0.9242861067	
309	0.8888888889	1.5482972267	0.3339016284	0.9242861067	
310	0.9629629630	1.5482972267	0.3339016284	0.9242861067	
311	1.0000000000	1.5482972267	0.3339016284	0.9242861067	
312	0.0000000000	1.6890515200	0.3642563218	0.9242861067	
313	0.0370370370	1.6890515200	0.3642563218	0.9242861067	
314	0.1111111111	1.6890515200	0.3642563218	0.9242861067	
315	0.2222222222	1.6890515200	0.3642563218	0.9242861067	
316	0.3333333333	1.6890515200	0.3642563218	0.9242861067	
317	0.4444444444	1.6890515200	0.3642563218	0.9242861067	
318	0.5555555556	1.6890515200	0.3642563218	0.9242861067	
319	0.6666666667	1.6890515200	0.3642563218	0.9242861067	
320	0.7777777778	1.6890515200	0.3642563218	0.9242861067	
321	0.8888888889	1.6890515200	0.3642563218	0.9242861067	
322	0.9629629630	1.6890515200	0.3642563218	0.9242861067	
323	1.0000000000	1.6890515200	0.3642563218	0.9242861067	
324	0.0000000000	1.8298058134	0.3946110153	0.9242861067	
325	0.0370370370	1.8298058134	0.3946110153	0.9242861067	
326	0.1111111111	1.8298058134	0.3946110153	0.9242861067	
327	0.2222222222	1.8298058134	0.3946110153	0.9242861067	
328	0.3333333333	1.8298058134	0.3946110153	0.9242861067	
329	0.4444444444	1.8298058134	0.3946110153	0.9242861067	
330	0.5555555556	1.8298058134	0.3946110153	0.9242861067	
331	0.6666666667	1.8298058134	0.3946110153	0.9242861067	
332	0.7777777778	1.8298058134	0.3946110153	0.9242861067	
333	0.8888888889	1.8298058134	0.3946110153	0.9242861067	
334	0.9629629630	1.8298058134	0.3946110153	0.9242861067	
335	1.0000000000	1.8298058134	0.3946110153	0.9242861067	
336	0.0000000000	1.9236420089	0.4148474776	0.9242861067	
337	0.0370370370	1.9236420089	0.4148474776	0.9242861067	
338	0.1111111111	1.9236420089	0.4148474776	0.9242861067	
339	0.2222222222	1.9236420089	0.4148474776	0.9242861067	
340	0.3333333333	1.9236420089	0.4148474776	0.9242861067	
341	0.4444444444	1.9236420089	0.4148474776	0.9242861067	
342	0.5555555556	1.9236420089	0.4148474776	0.9242861067	
343	0.6666666667	1.9236420089	0.4148474776	0.9242861067	
344	0.7777777778	1.9236420089	0.4148474776	0.9242861067	
345	0.8888888889	1.9236420089	0.4148474776	0.9242861067	
346	0.9629629630	1.9236420089	0.4148474776	0.9242861067	
347	1.0000000000	1.9236420089	0.4148474776	0.9242861067	
348	0.0000000000	1.9705601067	0.4249657088	0.9242861067	
349	0.0370370370	1.9705601067	0.4249657088	0.9242861067	
350	0.1111111111	1.9705601067	0.4249657088	0.9242861067	
351	0.2222222222	1.9705601067	0.4249657088	0.9242861067	
352	0.3333333333	1.9705601067	0.4249657088	0.9242861067	
353	0.4444444444	1.9705601067	0.4249657088	0.9242861067	
354	0.5555555556	1.9705601067	0.4249657088	0.9242861067	
355	0.6666666667	1.9705601067	0.4249657088	0.9242861067	
356	0.7777777778	1.9705601067	0.4249657088	0.9242861067	
357	0.8888888889	1.9705601067	0.4249657088	0.9242861067	
358	0.9629629630	1.9705601067	0.4249657088	0.9242861067	
359	1.0000000000	1.9705601067	0.4249657088	0.9242861067	
360	0.0000000000	0.9146231991	0.4256469757	0.8764668057	
361	0.0370370370	0.9146231991	0.4256469757	0.8764668057	
362	0.1111111111	0.9146231991	0.4256469757	0.8764668057	
363	0.2222222222	0.9146231991	0.4256469757	0.8764668057	
364	0.3333333333	0.9146231991	0.4256469757	0.8764668057	
365	0.4444444444	0.9146231991	0.4256469757	0.8764668057	
366	0.5555555556	0.9146231991	0.4256469757	0.8764668057	
367	0.6666666667	0.9146231991	0.4256469757	0.8764668057	
368	0.7777777778	0.9146231991	0.4256469757	0.8764668057	
369	0.8888888889	0.9146231991	0.4256469757	0.8764668057	
370	0.9629629630	0.9146231991	0.4256469757	0.8764668057	
371	1.0000000000	0.9146231991	0.4256469757	0.8764668057	
372	0.0000000000	0.9581766848	0.4459158793	0.8764668057	
373	0.0370370370	0.9581766848	0.4459158793	0.8764668057	
374	0.1111111111	0.9581766848	0.4459158793	0.8764668057	
375	0.2222222222	0.9581766848	0.4459158793	0.8764668057	
376	0.3333333333	0.9581766848	0.4459158793	0.8764668057	
377	0.4444444444	0.9581766848	0.4459158793	0.8764668057	
378	0.5555555556	0.9581766848	0.4459158793	0.8764668057	
379	0.6666666667	0.9581766848	0.4459158793	0.8764668057	
380	0.7777777778	0.9581766848	0.4459158793	0.8764668057	
381	0.8888888889	0.9581766848	0.4459158793	0.8764668057	
382	0.9629629630	0.9581766848	0.4459158793	0.8764668057	
383	1.0000000000	0.9581766848	0.4459158793	0.8764668057	
384	0.0000000000	1.0452836561	0.4864536865	0.8764668057	
385	0.0370370370	1.0452836561	0.4864536865	0.8764668057	
386	0.1111111111	1.0452836561	0.4864536865	0.8764668057	
387	0.2222222222	1.0452836561	0.4864536865	0.8764668057	
388	0.3333333333	1.0452836561	0.4864536865	0.8764668057	
389	0.4444444444	1.0452836561	0.4864536865	0.8764668057	
390	0.5555555556	1.0452836561	0.4864536865	0.8764668057	
391	0.6666666667	1.0452836561	0.4864536865	0.8764668057	
392	0.7777777778	1.0452836561	0.4864536865	0.8764668057	
393	0.8888888889	1.0452836561	0.4864536865	0.8764668057	
394	0.9629629630	1.0452836561	0.4864536865	0.8764668057	
395	1.0000000000	1.0452836561	0.4864536865	0.8764668057	
396	0.0000000000	1.1759441131	0.5472603973	0.8764668057	
397	0.0370370370	1.1759441131	0.5472603973	0.8764668057	
398	0.1111111111	1.1759441131	0.5472603973	0.8764668057	
399	0.2222222222	1.1759441131	0.5472603973	0.8764668057	
400	0.3333333333	1.1759441131	0.5472603973	0.8764668057	
401	0.4444444444	1.1759441131	0.5472603973	0.8764668057	
402	0.5555555556	1.1759441131	0.5472603973	0.8764668057	
403	0.6666666667	1.1759441131	0.5472603973	0.8764668057	
404	0.7777777778	1.1759441131	0.5472603973	0.8764668057	
405	0.8888888889	1.1759441131	0.5472603973	0.8764668057	
406	0.9629629630	1.1759441131	0.5472603973	0.8764668057	
407	1.0000000000	1.1759441131	0.5472603973	0.8764668057	
408	0.0000000000	1.3066045701	0.6080671081	0.8764668057	
409	0.0370370370	1.3066045701	0.6080671081	0.8764668057	
410	0.1111111111	1.3066045701	0.6080671081	0.8764668057	
411	0.2222222222	1.3066045701	0.6080671081	0.8764668057	
412	0.3333333333	1.3066045701	0.6080671081	0.8764668057	
413	0.4444444444	1.3066045701	0.6080671081	0.8764668057	
414	0.5555555556	1.3066045701	0.6080671081	0.8764668057	
415	0.6666666667	1.3066045701	0.6080671081	0.8764668057	
416	0.7777777778	1.3066045701	0.6080671081	0.8764668057	
417	0.8888888889	1.3066045701	0.6080671081	0.8764668057	
418	0.9629629630	1.3066045701	0.6080671081	0.8764668057	
419	1.0000000000	1.3066045701	0.6080671081	0.8764668057	
420	0.0000000000	1.4372650271	0.6688738189	0.8764668057	
421	0.0370370370	1.4372650271	0.6688738189	0.8764668057	
422	0.1111111111	1.4372650271	0.6688738189	0.8764668057	
423	0.2222222222	1.4372650271	0.6688738189	0.8764668057	
424	0.3333333333	1.4372650271	0.6688738189	0.8764668057	
425	0.4444444444	1.4372650271	0.6688738189	0.8764668057	
426	0.5555555556	1.4372650271	0.6688738189	0.8764668057	
427	0.6666666667	1.4372650271	0.6688738189	0.8764668057	
428	0.7777777778	1.4372650271	0.6688738189	0.8764668057	
429	0.8888888889	1.4372650271	0.6688738189	0.8764668057	
430	0.9629629630	1.4372650271	0.6688738189	0.8764668057	
431	1.0000000000	1.4372650271	0.6688738189	0.8764668057	
432	0.0000000000	1.5679254842	0.7296805298	0.8764668057	
433	0.0370370370	1.5679254842	0.7296805298	0.8764668057	
434	0.1111111111	1.5679254842	0.7296805298	0.8764668057	
435	0.2222222222	1.5679254842	0.7296805298	0.8764668057	
436	0.3333333333	1.5679254842	0.7296805298	0.8764668057	
437	0.4444444444	1.5679254842	0.7296805298	0.8764668057	
438	0.5555555556	1.5679254842	0.7296805298	0.8764668057	
439	0.6666666667	1.5679254842	0.7296805298	0.8764668057	
440	0.7777777778	1.5679254842	0.7296805298	0.8764668057	
441	0.8888888889	1.5679254842	0.7296805298	0.8764668057	
442	0.9629629630	1.5679254842	0.7296805298	0.8764668057	
443	1.0000000000	1.5679254842	0.7296805298	0.8764668057	
444	0.0000000000	1.6985859412	0.7904872406	0.8764668057	
445	0.0370370370	1.6985859412	0.7904872406	0.8764668057	
446	0.1111111111	1.6985859412	0.7904872406	0.8764668057	
447	0.2222222222	1.6985859412	0.7904872406	0.8764668057	
448	0.3333333333	1.6985859412	0.7904872406	0.8764668057	
449	0.4444444444	1.6985859412	0.7904872406	0.8764668057	
450	0.5555555556	1.6985859412	0.7904872406	0.8764668057	
451	0.6666666667	1.6985859412	0.7904872406	0.8764668057	
452	0.7777777778	1.6985859412	0.7904872406	0.8764668057	
453	0.8888888889	1.6985859412	0.7904872406	0.8764668057	
454	0.9629629630	1.6985859412	0.7904872406	0.8764668057	
455	1.0000000000	1.6985859412	0.7904872406	0.8764668057	
456	0.0000000000	1.7856929125	0.8310250478	0.8764668057	
457	0.0370370370	1.7856929125	0.8310250478	0.8764668057	
458	0.1111111111	1.7856929125	0.8310250478	0.8764668057	
459	0.2222222222	1.7856929125	0.8310250478	0.8764668057	
460	0.3333333333	1.7856929125	0.8310250478	0.8764668057	
461	0.4444444444	1.7856929125	0.8310250478	0.8764668057	
462	0.5555555556	1.7856929125	0.8310250478	0.8764668057	
463	0.6666666667	1.7856929125	0.8310250478	0.8764668057	
464	0.7777777778	1.7856929125	0.8310250478	0.8764668057	
465	0.8888888889	1.7856929125	0.8310250478	0.8764668057	
466	0.9629629630	1.7856929125	0.8310250478	0.8764668057	
467	1.0000000000	1.7856929125	0.8310250478	0.8764668057	
468	0.0000000000	1.8292463982	0.8512939514	0.8764668057	
469	0.0370370370	1.8292463982	0.8512939514	0.8764668057	
470	0.1111111111	1.8292463982	0.8512939514	0.8764668057	
471	0.2222222222	1.8292463982	0.8512939514	0.8764668057	
472	0.3333333333	1.8292463982	0.8512939514	0.8764668057	
473	0.4444444444	1.8292463982	0.8512939514	0.8764668057	
474	0.5555555556	1.8292463982	0.8512939514	0.8764668057	
475	0.6666666667	1.8292463982	0.8512939514	0.8764668057	
476	0.7777777778	1.8292463982	0.8512939514	0.8764668057	
477	0.8888888889	1.8292463982	0.8512939514	0.8764668057	
478	0.9629629630	1.8292463982	0.8512939514	0.8764668057	
479	1.0000000000	1.8292463982	0.8512939514	0.8764668057	
480	0.0000000000	0.7925408904	0.6249777634	0.8525571552	
481	0.0370370370	0.7925408904	0.6249777634	0.8525571552	
482	0.1111111111	0.7925408904	0.6249777634	0.8525571552	
483	0.2222222222	0.7925408904	0.6249777634	0.8525571552	
484	0.3333333333	0.7925408904	0.6249777634	0.8525571552	
485	0.4444444444	0.7925408904	0.6249777634	0.8525571552	
486	0.5555555556	0.7925408904	0.6249777634	0.8525571552	
487	0.6666666667	0.7925408904	0.6249777634	0.8525571552	
488	0.7777777778	0.7925408904	0.6249777634	0.8525571552	
489	0.8888888889	0.7925408904	0.6249777634	0.8525571552	
490	0.9629629630	0.7925408904	0.6249777634	0.8525571552	
491	1.0000000000	0.7925408904	0.6249777634	0.8525571552	
492	0.0000000000	0.8302809328	0.6547386093	0.8525571552	
493	0.0370370370	0.8302809328	0.6547386093	0.8525571552	
494	0.1111111111	0.8302809328	0.6547386093	0.8525571552	
495	0.2222222222	0.8302809328	0.6547386093	0.8525571552	
496	0.3333333333	0.8302809328	0.6547386093	0.8525571552	
497	0.4444444444	0.8302809328	0.6547386093	0.8525571552	
498	0.5555555556	0.8302809328	0.6547386093	0.8525571552	
499	0.6666666667	0.8302809328	0.6547386093	0.8525571552	
500	0.7777777778	0.8302809328	0.6547386093	0.8525571552	
501	0.8888888889	0.8302809328	0.6547386093	0.8525571552	
502	0.9629629630	0.8302809328	0.6547386093	0.8525571552	
503	1.0000000000	0.8302809328	0.6547386093	0.8525571552	
504	0.0000000000	0.9057610176	0.7142603010	0.8525571552	
505	0.0370370370	0.9057610176	0.7142603010	0.8525571552	
506	0.1111111111	0.9057610176	0.7142603010	0.8525571552	
507	0.2222222222	0.9057610176	0.7142603010	0.8525571552	
508	0.3333333333	0.9057610176	0.7142603010	0.8525571552	
509	0.4444444444	0.9057610176	0.7142603010	0.8525571552	
510	0.5555555556	0.9057610176	0.7142603010	0.8525571552	
511	0.6666666667	0.9057610176	0.7142603010	0.8525571552	
512	0.7777777778	0.9057610176	0.7142603010	0.8525571552	
513	0.8888888889	0.9057610176	0.7142603010	0.8525571552	
514	0.9629629630	0.9057610176	0.7142603010	0.8525571552	
515	1.0000000000	0.9057610176	0.7142603010	0.8525571552	
516	0.0000000000	1.0189811448	0.8035428387	0.8525571552	
517	0.0370370370	1.0189811448	0.8035428387	0.8525571552	
518	0.1111111111	1.0189811448	0.8035428387	0.8525571552	
519	0.2222222222	1.0189811448	0.8035428387	0.8525571552	
520	0.3333333333	1.0189811448	0.8035428387	0.8525571552	
521	0.4444444444	1.0189811448	0.8035428387	0.8525571552	
522	0.5555555556	1.0189811448	0.8035428387	0.8525571552	
523	0.6666666667	1.0189811448	0.8035428387	0.8525571552	
524	0.7777777778	1.0189811448	0.8035428387	0.8525571552	
525	0.8888888889	1.0189811448	0.8035428387	0.8525571552	
526	0.9629629630	1.0189811448	0.8035428387	0.8525571552	
527	1.0000000000	1.0189811448	0.8035428387	0.8525571552	
528	0.0000000000	1.1322012720	0.8928253763	0.8525571552	
529	0.0370370370	1.1322012720	0.8928253763	0.8525571552	
530	0.1111111111	1.1322012720	0.8928253763	0.8525571552	
531	0.2222222222	1.1322012720	0.8928253763	0.8525571552	
532	0.3333333333	1.1322012720	0.8928253763	0.8525571552	
533	0.4444444444	1.1322012720	0.8928253763	0.8525571552	
534	0.5555555556	1.1322012720	0.8928253763	0.8525571552	
535	0.6666666667	1.1322012720	0.8928253763	0.8525571552	
536	0.7777777778	1.1322012720	0.8928253763	0.8525571552	
537	0.8888888889	1.1322012720	0.8928253763	0.8525571552	
538	0.9629629630	1.1322012720	0.8928253763	0.8525571552	
539	1.0000000000	1.1322012720	0.8928253763	0.8525571552	
540	0.0000000000	1.2454213992	0.9821079139	0.8525571552	
541	0.0370370370	1.2454213992	0.9821079139	0.8525571552	
542	0.1111111111	1.2454213992	0.9821079139	0.8525571552	
543	0.2222222222	1.2454213992	0.9821079139	0.8525571552	
544	0.3333333333	1.2454213992	0.9821079139	0.8525571552	
545	0.4444444444	1.2454213992	0.9821079139	0.8525571552	
546	0.5555555556	1.2454213992	0.9821079139	0.8525571552	
547	0.6666666667	1.2454213992	0.9821079139	0.8525571552	
548	0.7777777778	1.2454213992	0.9821079139	0.8525571552	
549	0.8888888889	1.2454213992	0.9821079139	0.8525571552	
550	0.9629629630	1.2454213992	0.9821079139	0.8525571552	
551	1.0000000000	1.2454213992	0.9821079139	0.8525571552	
552	0.0000000000	1.3586415264	1.0713904515	0.8525571552	
553	0.0370370370	1.3586415264	1.0713904515	0.8525571552	
554	0.1111111111	1.3586415264	1.0713904515	0.8525571552	
555	0.2222222222	1.3586415264	1.0713904515	0.8525571552	
556	0.3333333333	1.3586415264	1.0713904515	0.8525571552	
557	0.4444444444	1.3586415264	1.0713904515	0.8525571552	
558	0.5555555556	1.3586415264	1.0713904515	0.8525571552	
559	0.6666666667	1.3586415264	1.0713904515	0.8525571552	
560	0.7777777778	1.3586415264	1.0713904515	0.8525571552	
561	0.8888888889	1.3586415264	1.0713904515	0.8525571552	
562	0.9629629630	1.3586415264	1.0713904515	0.8525571552	
563	1.0000000000	1.3586415264	1.0713904515	0.8525571552	
564	0.0000000000	1.4718616536	1.1606729892	0.8525571552	
565	0.0370370370	1.4718616536	1.1606729892	0.8525571552	
566	0.1111111111	1.4718616536	1.1606729892	0.8525571552	
567	0.2222222222	1.4718616536	1.1606729892	0.8525571552	
568	0.3333333333	1.4718616536	1.1606729892	0.8525571552	
569	0.4444444444	1.4718616536	1.1606729892	0.8525571552	
570	0.5555555556	1.4718616536	1.1606729892	0.8525571552	
571	0.6666666667	1.4718616536	1.1606729892	0.8525571552	
572	0.7777777778	1.4718616536	1.1606729892	0.8525571552	
573	0.8888888889	1.4718616536	1.1606729892	0.8525571552	
574	0.9629629630	1.4718616536	1.1606729892	0.8525571552	
575	1.0000000000	1.4718616536	1.1606729892	0.8525571552	
576	0.0000000000	1.5473417384	1.2201946809	0.8525571552	
577	0.0370370370	1.5473417384	1.2201946809	0.8525571552	
578	0.1111111111	1.5473417384	1.2201946809	0.8525571552	
579	0.2222222222	1.5473417384	1.2201946809	0.8525571552	
580	0.3333333333	1.5473417384	1.2201946809	0.8525571552	
581	0.4444444444	1.5473417384	1.2201946809	0.8525571552	
582	0.5555555556	1.5473417384	1.2201946809	0.8525571552	
583	0.6666666667	1.5473417384	1.2201946809	0.8525571552	
584	0.7777777778	1.5473417384	1.2201946809	0.8525571552	
585	0.8888888889	1.5473417384	1.2201946809	0.8525571552	
586	0.9629629630	1.5473417384	1.2201946809	0.8525571552	
587	1.0000000000	1.5473417384	1.2201946809	0.8525571552	
588	0.0000000000	1.5850817808	1.2499555268	0.8525571552	
589	0.0370370370	1.5850817808	1.2499555268	0.8525571552	
590	0.1111111111	1.5850817808	1.2499555268	0.8525571552	
591	0.2222222222	1.5850817808	1.2499555268	0.8525571552	
592	0.3333333333	1.5850817808	1.2499555268	0.8525571552	
593	0.4444444444	1.5850817808	1.2499555268	0.8525571552	
594	0.5555555556	1.5850817808	1.2499555268	0.8525571552	
595	0.6666666667	1.5850817808	1.2499555268	0.8525571552	
596	0.7777777778	1.5850817808	1.2499555268	0.8525571552	
597	0.8888888889	1.5850817808	1.2499555268	0.8525571552	
598	0.9629629630	1.5850817808	1.2499555268	0.8525571552	
599	1.0000000000	1.5850817808	1.2499555268	0.8525571552	
600	0.0000000000	0.6249777634	0.7925408904	0.8525571552	
601	0.0370370370	0.6249777634	0.7925408904	0.8525571552	
602	0.1111111111	0.6249777634	0.7925408904	0.8525571552	
603	0.2222222222	0.6249777634	0.7925408904	0.8525571552	
604	0.3333333333	0.6249777634	0.7925408904	0.8525571552	
605	0.4444444444	0.6249777634	0.7925408904	0.8525571552	
606	0.5555555556	0.6249777634	0.7925408904	0.8525571552	
607	0.6666666667	0.6249777634	0.7925408904	0.8525571552	
608	0.7777777778	0.6249777634	0.7925408904	0.8525571552	
609	0.8888888889	0.6249777634	0.7925408904	0.8525571552	
610	0.9629629630	0.6249777634	0.7925408904	0.8525571552	
611	1.0000000000	0.6249777634	0.7925408904	0.8525571552	
612	0.0000000000	0.6547386093	0.8302809328	0.8525571552	
613	0.0370370370	0.6547386093	0.8302809328	0.8525571552	
614	0.1111111111	0.6547386093	0.8302809328	0.8525571552	
615	0.2222222222	0.6547386093	0.8302809328	0.8525571552	
616	0.3333333333	0.6547386093	0.8302809328	0.8525571552	
617	0.4444444444	0.6547386093	0.8302809328	0.8525571552	
618	0.5555555556	0.6547386093	0.8302809328	0.8525571552	
619	0.6666666667	0.6547386093	0.8302809328	0.8525571552	
620	0.7777777778	0.6547386093	0.8302809328	0.8525571552	
621	0.8888888889	0.6547386093	0.8302809328	0.8525571552	
622	0.9629629630	0.6547386093	0.8302809328	0.8525571552	
623	1.0000000000	0.6547386093	0.8302809328	0.8525571552	
624	0.0000000000	0.7142603010	0.9057610176	0.8525571552	
625	0.0370370370	0.7142603010	0.9057610176	0.8525571552	
626	0.1111111111	0.7142603010	0.9057610176	0.8525571552	
627	0.2222222222	0.7142603010	0.9057610176	0.8525571552	
628	0.3333333333	0.7142603010	0.9057610176	0.8525571552	
629	0.4444444444	0.7142603010	0.9057610176	0.8525571552	
630	0.5555555556	0.7142603010	0.9057610176	0.8525571552	
631	0.6666666667	0.7142603010	0.9057610176	0.8525571552	
632	0.7777777778	0.7142603010	0.9057610176	0.8525571552	
633	0.8888888889	0.7142603010	0.9057610176	0.8525571552	
634	0.9629629630	0.7142603010	0.9057610176	0.8525571552	
635	1.0000000000	0.7142603010	0.9057610176	0.8525571552	
636	0.0000000000	0.8035428387	1.0189811448	0.8525571552	
637	0.0370370370	0.8035428387	1.0189811448	0.8525571552	
638	0.1111111111	0.8035428387	1.0189811448	0.8525571552	
639	0.2222222222	0.8035428387	1.0189811448	0.8525571552	
640	0.3333333333	0.8035428387	1.0189811448	0.8525571552	
641	0.4444444444	0.8035428387	1.0189811448	0.8525571552	
642	0.5555555556	0.8035428387	1.0189811448	0.8525571552	
643	0.6666666667	0.8035428387	1.0189811448	0.8525571552	
644	0.7777777778	0.8035428387	1.0189811448	0.8525571552	
645	0.8888888889	0.8035428387	1.0189811448	0.8525571552	
646	0.9629629630	0.8035428387	1.0189811448	0.8525571552	
647	1.0000000000	0.8035428387	1.0189811448	0.8525571552	
648	0.0000000000	0.8928253763	1.1322012720	0.8525571552	
649	0.0370370370	0.8928253763	1.1322012720	0.8525571552	
650	0.1111111111	0.8928253763	1.1322012720	0.8525571552	
651	0.2222222222	0.8928253763	1.1322012720	0.8525571552	
652	0.3333333333	0.8928253763	1.1322012720	0.8525571552	
653	0.4444444444	0.8928253763	1.1322012720	0.8525571552	
654	0.5555555556	0.8928253763	1.1322012720	0.8525571552	
655	0.6666666667	0.8928253763	1.1322012720	0.8525571552	
656	0.7777777778	0.8928253763	1.1322012720	0.8525571552	
657	0.8888888889	0.8928253763	1.1322012720	0.8525571552	
658	0.9629629630	0.8928253763	1.1322012720	0.8525571552	
659	1.0000000000	0.8928253763	1.1322012720	0.8525571552	
660	0.0000000000	0.9821079139	1.2454213992	0.8525571552	
661	0.0370370370	0.9821079139	1.2454213992	0.8525571552	
662	0.1111111111	0.9821079139	1.2454213992	0.8525571552	
663	0.2222222222	0.9821079139	1.2454213992	0.8525571552	
664	0.3333333333	0.9821079139	1.2454213992	0.8525571552	
665	0.4444444444	0.9821079139	1.2454213992	0.8525571552	
666	0.5555555556	0.9821079139	1.2454213992	0.8525571552	
667	0.6666666667	0.9821079139	1.2454213992	0.8525571552	
668	0.7777777778	0.9821079139	1.2454213992	0.8525571552	
669	0.8888888889	0.9821079139	1.2454213992	0.8525571552	
670	0.9629629630	0.9821079139	1.2454213992	0.8525571552	
671	1.0000000000	0.9821079139	1.2454213992	0.8525571552	
672	0.0000000000	1.0713904515	1.3586415264	0.8525571552	
673	0.0370370370	1.0713904515	1.3586415264	0.8525571552	
674	0.1111111111	1.0713904515	1.3586415264	0.8525571552	
675	0.2222222222	1.0713904515	1.3586415264	0.8525571552	
676	0.3333333333	1.0713904515	1.3586415264	0.8525571552	
677	0.4444444444	1.0713904515	1.3586415264	0.8525571552	
678	0.5555555556	1.0713904515	1.3586415264	0.8525571552	
679	0.6666666667	1.0713904515	1.3586415264	0.8525571552	
680	0.7777777778	1.0713904515	1.3586415264	0.8525571552	
681	0.8888888889	1.0713904515	1.3586415264	0.8525571552	
682	0.9629629630	1.0713904515	1.3586415264	0.8525571552	
683	1.0000000000	1.0713904515	1.3586415264	0.8525571552	
684	0.0000000000	1.1606729892	1.4718616536	0.8525571552	
685	0.0370370370	1.1606729892	1.4718616536	0.8525571552	
686	0.1111111111	1.1606729892	1.4718616536	0.8525571552	
687	0.2222222222	1.1606729892	1.4718616536	0.8525571552	
688	0.3333333333	1.1606729892	1.4718616536	0.8525571552	
689	0.4444444444	1.1606729892	1.4718616536	0.8525571552	
690	0.5555555556	1.1606729892	1.4718616536	0.8525571552	
691	0.6666666667	1.1606729892	1.4718616536	0.8525571552	
692	0.7777777778	1.1606729892	1.4718616536	0.8525571552	
693	0.8888888889	1.1606729892	1.4718616536	0.8525571552	
694	0.9629629630	1.1606729892	1.4718616536	0.8525571552	
695	1.0000000000	1.1606729892	1.4718616536	0.8525571552	
696	0.0000000000	1.2201946809	1.5473417384	0.8525571552	
697	0.0370370370	1.2201946809	1.5473417384	0.8525571552	
698	0.1111111111	1.2201946809	1.5473417384	0.8525571552	
699	0.2222222222	1.2201946809	1.5473417384	0.8525571552	
700	0.3333333333	1.2201946809	1.5473417384	0.8525571552	
701	0.4444444444	1.2201946809	1.5473417384	0.8525571552	
702	0.5555555556	1.2201946809	1.5473417384	0.8525571552	
703	0.6666666667	1.2201946809	1.5473417384	0.8525571552	
704	0.7777777778	1.2201946809	1.5473417384	0.8525571552	
705	0.8888888889	1.2201946809	1.5473417384	0.8525571552	
706	0.9629629630	1.2201946809	1.5473417384	0.8525571552	
707	1.0000000000	1.2201946809	1.5473417384	0.8525571552	
708	0.0000000000	1.2499555268	1.5850817808	0.8525571552	
709	0.0370370370	1.2499555268	1.5850817808	0.8525571552	
710	0.1111111111	1.2499555268	1.5850817808	0.8525571552	
711	0.2222222222	1.2499555268	1.5850817808	0.8525571552	
712	0.3333333333	1.2499555268	1.5850817808	0.8525571552	
713	0.4444444444	1.2499555268	1.5850817808	0.8525571552	
714	0.5555555556	1.2499555268	1.5850817808	0.8525571552	
715	0.6666666667	1.2499555268	1.5850817808	0.8525571552	
716	0.7777777778	1.2499555268	1.5850817808	0.8525571552	
717	0.8888888889	1.2499555268	1.5850817808	0.8525571552	
718	0.9629629630	1.2499555268	1.5850817808	0.8525571552	
719	1.0000000000	1.2499555268	1.5850817808	0.8525571552	
720	0.0000000000	0.4256469757	0.9146231991	0.8764668057	
721	0.0370370370	0.4256469757	0.9146231991	0.8764668057	
722	0.1111111111	0.4256469757	0.9146231991	0.8764668057	
723	0.2222222222	0.4256469757	0.9146231991	0.8764668057	
724	0.3333333333	0.4256469757	0.9146231991	0.8764668057	
725	0.4444444444	0.4256469757	0.9146231991	0.8764668057	
726	0.5555555556	0.4256469757	0.9146231991	0.8764668057	
727	0.6666666667	0.4256469757	0.9146231991	0.8764668057	
728	0.7777777778	0.4256469757	0.9146231991	0.8764668057	
729	0.8888888889	0.4256469757	0.9146231991	0.8764668057	
730	0.9629629630	0.4256469757	0.9146231991	0.8764668057	
731	1.0000000000	0.4256469757	0.9146231991	0.8764668057	
732	0.0000000000	0.4459158793	0.9581766848	0.8764668057	
733	0.0370370370	0.4459158793	0.9581766848	0.8764668057	
734	0.1111111111	0.4459158793	0.9581766848	0.8764668057	
735	0.2222222222	0.4459158793	0.9581766848	0.8764668057	
736	0.3333333333	0.4459158793	0.9581766848	0.8764668057	
737	0.4444444444	0.4459158793	0.9581766848	0.8764668057	
738	0.5555555556	0.4459158793	0.9581766848	0.8764668057	
739	0.6666666667	0.4459158793	0.9581766848	0.8764668057	
740	0.7777777778	0.4459158793	0.9581766848	0.8764668057	
741	0.8888888889	0.4459158793	0.9581766848	0.8764668057	
742	0.9629629630	0.4459158793	0.9581766848	0.8764668057	
743	1.0000000000	0.4459158793	0.9581766848	0.8764668057	
744	0.0000000000	0.4864536865	1.0452836561	0.8764668057	
745	0.0370370370	0.4864536865	1.0452836561	0.8764668057	
746	0.1111111111	0.4864536865	1.0452836561	0.8764668057	
747	0.2222222222	0.4864536865	1.0452836561	0.8764668057	
748	0.3333333333	0.4864536865	1.0452836561	0.8764668057	
749	0.4444444444	0.4864536865	1.0452836561	0.8764668057	
750	0.5555555556	0.4864536865	1.0452836561	0.8764668057	
751	0.6666666667	0.4864536865	1.0452836561	0.8764668057	
752	0.7777777778	0.4864536865	1.0452836561	0.8764668057	
753	0.8888888889	0.4864536865	1.0452836561	0.8764668057	
754	0.9629629630	0.4864536865	1.0452836561	0.8764668057	
755	1.0000000000	0.4864536865	1.0452836561	0.8764668057	
756	0.0000000000	0.5472603973	1.1759441131	0.8764668057	
757	0.0370370370	0.5472603973	1.1759441131	0.8764668057	
758	0.1111111111	0.5472603973	1.1759441131	0.8764668057	
759	0.2222222222	0.5472603973	1.1759441131	0.8764668057	
760	0.3333333333	0.5472603973	1.1759441131	0.8764668057	
761	0.4444444444	0.5472603973	1.1759441131	0.8764668057	
762	0.5555555556	0.5472603973	1.1759441131	0.8764668057	
763	0.6666666667	0.5472603973	1.1759441131	0.8764668057	
764	0.7777777778	0.5472603973	1.1759441131	0.8764668057	
765	0.8888888889	0.5472603973	1.1759441131	0.8764668057	
766	0.9629629630	0.5472603973	1.1759441131	0.8764668057	
767	1.0000000000	0.5472603973	1.1759441131	0.8764668057	
768	0.0000000000	0.6080671081	1.3066045701	0.8764668057	
769	0.0370370370	0.6080671081	1.3066045701	0.8764668057	
770	0.1111111111	0.6080671081	1.3066045701	0.8764668057	
771	0.2222222222	0.6080671081	1.3066045701	0.8764668057	
772	0.3333333333	0.6080671081	1.3066045701	0.8764668057	
773	0.4444444444	0.6080671081	1.3066045701	0.8764668057	
774	0.5555555556	0.6080671081	1.3066045701	0.8764668057	
775	0.6666666667	0.6080671081	1.3066045701	0.8764668057	
776	0.7777777778	0.6080671081	1.3066045701	0.8764668057	
777	0.8888888889	0.6080671081	1.3066045701	0.8764668057	
778	0.9629629630	0.6080671081	1.3066045701	0.8764668057	
779	1.0000000000	0.6080671081	1.3066045701	0.8764668057	
780	0.0000000000	0.6688738189	1.4372650271	0.8764668057	
781	0.0370370370	0.6688738189	1.4372650271	0.8764668057	
782	0.1111111111	0.6688738189	1.4372650271	0.8764668057	
783	0.2222222222	0.6688738189	1.4372650271	0.8764668057	
784	0.3333333333	0.6688738189	1.4372650271	0.8764668057	
785	0.4444444444	0.6688738189	1.4372650271	0.8764668057	
786	0.5555555556	0.6688738189	1.4372650271	0.8764668057	
787	0.6666666667	0.6688738189	1.4372650271	0.8764668057	
788	0.7777777778	0.6688738189	1.4372650271	0.8764668057	
789	0.8888888889	0.6688738189	1.4372650271	0.8764668057	
790	0.9629629630	0.6688738189	1.4372650271	0.8764668057	
791	1.0000000000	0.6688738189	1.4372650271	0.8764668057	
792	0.0000000000	0.7296805298	1.5679254842	0.8764668057	
793	0.0370370370	0.7296805298	1.5679254842	0.8764668057	
794	0.1111111111	0.7296805298	1.5679254842	0.8764668057	
795	0.2222222222	0.7296805298	1.5679254842	0.8764668057	
796	0.3333333333	0.7296805298	1.5679254842	0.8764668057	
797	0.4444444444	0.7296805298	1.5679254842	0.8764668057	
798	0.5555555556	0.7296805298	1.5679254842	0.8764668057	
799	0.6666666667	0.7296805298	1.5679254842	0.8764668057	
800	0.7777777778	0.7296805298	1.5679254842	0.8764668057	
801	0.8888888889	0.7296805298	1.5679254842	0.8764668057	
802	0.9629629630	0.7296805298	1.5679254842	0.8764668057	
803	1.0000000000	0.7296805298	1.5679254842	0.8764668057	
804	0.0000000000	0.7904872406	1.6985859412	0.8764668057	
805	0.0370370370	0.7904872406	1.6985859412	0.8764668057	
806	0.1111111111	0.7904872406	1.6985859412	0.8764668057	
807	0.2222222222	0.7904872406	1.6985859412	0.8764668057	
808	0.3333333333	0.7904872406	1.6985859412	0.8764668057	
809	0.4444444444	0.7904872406	1.6985859412	0.8764668057	
810	0.5555555556	0.7904872406	1.6985859412	0.8764668057	
811	0.6666666667	0.7904872406	1.6985859412	0.8764668057	
812	0.7777777778	0.7904872406	1.6985859412	0.8764668057	
813	0.8888888889	0.7904872406	1.6985859412	0.8764668057	
814	0.9629629630	0.7904872406	1.6985859412	0.8764668057	
815	1.0000000000	0.7904872406	1.6985859412	0.8764668057	
816	0.0000000000	0.8310250478	1.7856929125	0.8764668057	
817	0.0370370370	0.8310250478	1.7856929125	0.8764668057	
818	0.1111111111	0.8310250478	1.7856929125	0.8764668057	
819	0.2222222222	0.8310250478	1.7856929125	0.8764668057	
820	0.3333333333	0.8310250478	1.7856929125	0.8764668057	
821	0.4444444444	0.8310250478	1.7856929125	0.8764668057	
822	0.5555555556	0.8310250478	1.7856929125	0.8764668057	
823	0.6666666667	0.8310250478	1.7856929125	0.8764668057	
824	0.7777777778	0.8310250478	1.7856929125	0.8764668057	
825	0.8888888889	0.8310250478	1.7856929125	0.8764668057	
826	0.9629629630	0.8310250478	1.7856929125	0.8764668057	
827	1.0000000000	0.8310250478	1.7856929125	0.8764668057	
828	0.0000000000	0.8512939514	1.8292463982	0.8764668057	
829	0.0370370370	0.8512939514	1.8292463982	0.8764668057	
830	0.1111111111	0.8512939514	1.8292463982	0.8764668057	
831	0.2222222222	0.8512939514	1.8292463982	0.8764668057	
832	0.3333333333	0.8512939514	1.8292463982	0.8764668057	
833	0.4444444444	0.8512939514	1.8292463982	0.8764668057	
834	0.5555555556	0.8512939514	1.8292463982	0.8764668057	
835	0.6666666667	0.8512939514	1.8292463982	0.8764668057	
836	0.7777777778	0.8512939514	1.8292463982	0.8764668057	
837	0.8888888889	0.8512939514	1.8292463982	0.8764668057	
838	0.9629629630	0.8512939514	1.8292463982	0.8764668057	
839	1.0000000000	0.8512939514	1.8292463982	0.8764668057	
840	0.0000000000	0.2124828544	0.9852800534	0.9242861067	
841	0.0370370370	0.2124828544	0.9852800534	0.9242861067	
842	0.1111111111	0.2124828544	0.9852800534	0.9242861067	
843	0.2222222222	0.2124828544	0.9852800534	0.9242861067	
844	0.3333333333	0.2124828544	0.9852800534	0.9242861067	
845	0.4444444444	0.2124828544	0.9852800534	0.9242861067	
846	0.5555555556	0.2124828544	0.9852800534	0.9242861067	
847	0.6666666667	0.2124828544	0.9852800534	0.9242861067	
848	0.7777777778	0.2124828544	0.9852800534	0.9242861067	
849	0.8888888889	0.2124828544	0.9852800534	0.9242861067	
850	0.9629629630	0.2124828544	0.9852800534	0.9242861067	
851	1.0000000000	0.2124828544	0.9852800534	0.9242861067	
852	0.0000000000	0.2226010856	1.0321981511	0.9242861067	
853	0.0370370370	0.2226010856	1.0321981511	0.9242861067	
854	0.1111111111	0.2226010856	1.0321981511	0.9242861067	
855	0.2222222222	0.2226010856	1.0321981511	0.9242861067	
856	0.3333333333	0.2226010856	1.0321981511	0.9242861067	
857	0.4444444444	0.2226010856	1.0321981511	0.9242861067	
858	0.5555555556	0.2226010856	1.0321981511	0.9242861067	
859	0.6666666667	0.2226010856	1.0321981511	0.9242861067	
860	0.7777777778	0.2226010856	1.0321981511	0.9242861067	
861	0.8888888889	0.2226010856	1.0321981511	0.9242861067	
862	0.9629629630	0.2226010856	1.0321981511	0.9242861067	
863	1.0000000000	0.2226010856	1.0321981511	0.9242861067	
864	0.0000000000	0.2428375479	1.1260343467	0.9242861067	
865	0.0370370370	0.2428375479	1.1260343467	0.9242861067	
866	0.1111111111	0.2428375479	1.1260343467	0.9242861067	
867	0.2222222222	0.2428375479	1.1260343467	0.9242861067	
868	0.3333333333	0.2428375479	1.1260343467	0.9242861067	
869	0.4444444444	0.2428375479	1.1260343467	0.9242861067	
870	0.5555555556	0.2428375479	1.1260343467	0.9242861067	
871	0.6666666667	0.2428375479	1.1260343467	0.9242861067	
872	0.7777777778	0.2428375479	1.1260343467	0.9242861067	
873	0.8888888889	0.2428375479	1.1260343467	0.9242861067	
874	0.9629629630	0.2428375479	1.1260343467	0.9242861067	
875	1.0000000000	0.2428375479	1.1260343467	0.9242861067	
876	0.0000000000	0.2731922414	1.2667886400	0.9242861067	
877	0.0370370370	0.2731922414	1.2667886400	0.9242861067	
878	0.1111111111	0.2731922414	1.2667886400	0.9242861067	
879	0.2222222222	0.2731922414	1.2667886400	0.9242861067	
880	0.3333333333	0.2731922414	1.2667886400	0.9242861067	
881	0.4444444444	0.2731922414	1.2667886400	0.9242861067	
882	0.5555555556	0.2731922414	1.2667886400	0.9242861067	
883	0.6666666667	0.2731922414	1.2667886400	0.9242861067	
884	0.7777777778	0.2731922414	1.2667886400	0.9242861067	
885	0.8888888889	0.2731922414	1.2667886400	0.9242861067	
886	0.9629629630	0.2731922414	1.2667886400	0.9242861067	
887	1.0000000000	0.2731922414	1.2667886400	0.9242861067	
888	0.0000000000	0.3035469349	1.4075429334	0.9242861067	
889	0.0370370370	0.3035469349	1.4075429334	0.9242861067	
890	0.1111111111	0.3035469349	1.4075429334	0.9242861067	
891	0.2222222222	0.3035469349	1.4075429334	0.9242861067	
892	0.3333333333	0.3035469349	1.4075429334	0.9242861067	
893	0.4444444444	0.3035469349	1.4075429334	0.9242861067	
894	0.5555555556	0.3035469349	1.4075429334	0.9242861067	
895	0.6666666667	0.3035469349	1.4075429334	0.9242861067	
896	0.7777777778	0.3035469349	1.4075429334	0.9242861067	
897	0.8888888889	0.3035469349	1.4075429334	0.9242861067	
898	0.9629629630	0.3035469349	1.4075429334	0.9242861067	
899	1.0000000000	0.3035469349	1.4075429334	0.9242861067	
900	0.0000000000	0.3339016284	1.5482972267	0.9242861067	
901	0.0370370370	0.3339016284	1.5482972267	0.9242861067	
902	0.1111111111	0.3339016284	1.5482972267	0.9242861067	
903	0.2222222222	0.3339016284	1.5482972267	0.9242861067	
904	0.3333333333	0.3339016284	1.5482972267	0.9242861067	
905	0.4444444444	0.3339016284	1.5482972267	0.9242861067	
906	0.5555555556	0.3339016284	1.5482972267	0.9242861067	
907	0.6666666667	0.3339016284	1.5482972267	0.9242861067	
908	0.7777777778	0.3339016284	1.5482972267	0.9242861067	
909	0.8888888889	0.3339016284	1.5482972267	0.9242861067	
910	0.9629629630	0.3339016284	1.5482972267	0.9242861067	
911	1.0000000000	0.3339016284	1.5482972267	0.9242861067	
912	0.0000000000	0.3642563218	1.6890515200	0.9242861067	
913	0.0370370370	0.3642563218	1.6890515200	0.9242861067	
914	0.1111111111	0.3642563218	1.6890515200	0.9242861067	
915	0.2222222222	0.3642563218	1.6890515200	0.9242861067	
916	0.3333333333	0.3642563218	1.6890515200	0.9242861067	
917	0.4444444444	0.3642563218	1.6890515200	0.9242861067	
918	0.5555555556	0.3642563218	1.6890515200	0.9242861067	
919	0.6666666667	0.3642563218	1.6890515200	0.9242861067	
920	0.7777777778	0.3642563218	1.6890515200	0.9242861067	
921	0.8888888889	0.3642563218	1.6890515200	0.9242861067	
922	0.9629629630	0.3642563218	1.6890515200	0.9242861067	
923	1.0000000000	0.3642563218	1.6890515200	0.9242861067	
924	0.0000000000	0.3946110153	1.8298058134	0.9242861067	
925	0.0370370370	0.3946110153	1.8298058134	0.9242861067	
926	0.1111111111	0.3946110153	1.8298058134	0.9242861067	
927	0.2222222222	0.3946110153	1.8298058134	0.9242861067	
928	0.3333333333	0.3946110153	1.8298058134	0.9242861067	
929	0.4444444444	0.3946110153	1.8298058134	0.9242861067	
930	0.5555555556	0.3946110153	1.8298058134	0.9242861067	
931	0.6666666667	0.3946110153	1.8298058134	0.9242861067	
932	0.7777777778	0.3946110153	1.8298058134	0.9242861067	
933	0.8888888889	0.3946110153	1.8298058134	0.9242861067	
934	0.9629629630	0.3946110153	1.8298058134	0.9242861067	
935	1.0000000000	0.3946110153	1.8298058134	0.9242861067	
936	0.0000000000	0.4148474776	1.9236420089	0.9242861067	
937	0.0370370370	0.4148474776	1.9236420089	0.9242861067	
938	0.1111111111	0.4148474776	1.9236420089	0.9242861067	
939	0.2222222222	0.4148474776	1.9236420089	0.9242861067	
940	0.3333333333	0.4148474776	1.9236420089	0.9242861067	
941	0.4444444444	0.4148474776	1.9236420089	0.9242861067	
942	0.5555555556	0.4148474776	1.9236420089	0.9242861067	
943	0.6666666667	0.4148474776	1.9236420089	0.9242861067	
944	0.7777777778	0.4148474776	1.9236420089	0.9242861067	
945	0.8888888889	0.4148474776	1.9236420089	0.9242861067	
946	0.9629629630	0.4148474776	1.9236420089	0.9242861067	
947	1.0000000000	0.4148474776	1.9236420089	0.9242861067	
948	0.0000000000	0.4249657088	1.9705601067	0.9242861067	
949	0.0370370370	0.4249657088	1.9705601067	0.9242861067	
950	0.1111111111	0.4249657088	1.9705601067	0.9242861067	
951	0.2222222222	0.4249657088	1.9705601067	0.9242861067	
952	0.3333333333	0.4249657088	1.9705601067	0.9242861067	
953	0.4444444444	0.4249657088	1.9705601067	0.9242861067	
954	0.5555555556	0.4249657088	1.9705601067	0.9242861067	
955	0.6666666667	0.4249657088	1.9705601067	0.9242861067	
956	0.7777777778	0.4249657088	1.9705601067	0.9242861067	
957	0.8888888889	0.4249657088	1.9705601067	0.9242861067	
958	0.9629629630	0.4249657088	1.9705601067	0.9242861067	
959	1.0000000000	0.4249657088	1.9705601067	0.9242861067	
960	0.0000000000	0.0692759267	1.0000000000	0.9721054077	
961	0.0370370370	0.0692759267	1.0000000000	0.9721054077	
962	0.1111111111	0.0692759267	1.0000000000	0.9721054077	
963	0.2222222222	0.0692759267	1.0000000000	0.9721054077	
964	0.3333333333	0.0692759267	1.0000000000	0.9721054077	
965	0.4444444444	0.0692759267	1.0000000000	0.9721054077	
966	0.5555555556	0.0692759267	1.0000000000	0.9721054077	
967	0.6666666667	0.0692759267	1.0000000000	0.9721054077	
968	0.7777777778	0.0692759267	1.0000000000	0.9721054077	
969	0.8888888889	0.0692759267	1.0000000000	0.9721054077	
970	0.9629629630	0.0692759267	1.0000000000	0.9721054077	
971	1.0000000000	0.0692759267	1.0000000000	0.9721054077	
972	0.0000000000	0.0725747804	1.0476190476	0.9721054077	
973	0.0370370370	0.0725747804	1.0476190476	0.9721054077	
974	0.1111111111	0.0725747804	1.0476190476	0.9721054077	
975	0.2222222222	0.0725747804	1.0476190476	0.9721054077	
976	0.3333333333	0.0725747804	1.0476190476	0.9721054077	
977	0.4444444444	0.0725747804	1.0476190476	0.9721054077	
978	0.5555555556	0.0725747804	1.0476190476	0.9721054077	
979	0.6666666667	0.0725747804	1.0476190476	0.9721054077	
980	0.7777777778	0.0725747804	1.0476190476	0.9721054077	
981	0.8888888889	0.0725747804	1.0476190476	0.9721054077	
982	0.9629629630	0.0725747804	1.0476190476	0.9721054077	
983	1.0000000000	0.0725747804	1.0476190476	0.9721054077	
984	0.0000000000	0.0791724877	1.1428571429	0.9721054077	
985	0.0370370370	0.0791724877	1.1428571429	0.9721054077	
986	0.1111111111	0.0791724877	1.1428571429	0.9721054077	
987	0.2222222222	0.0791724877	1.1428571429	0.9721054077	
988	0.3333333333	0.0791724877	1.1428571429	0.9721054077	
989	0.4444444444	0.0791724877	1.1428571429	0.9721054077	
990	0.5555555556	0.0791724877	1.1428571429	0.9721054077	
991	0.6666666667	0.0791724877	1.1428571429	0.9721054077	
992	0.7777777778	0.0791724877	1.1428571429	0.9721054077	
993	0.8888888889	0.0791724877	1.1428571429	0.9721054077	
994	0.9629629630	0.0791724877	1.1428571429	0.9721054077	
995	1.0000000000	0.0791724877	1.1428571429	0.9721054077	
996	0.0000000000	0.0890690486	1.2857142857	0.9721054077	
997	0.0370370370	0.0890690486	1.2857142857	0.9721054077	
998	0.1111111111	0.0890690486	1.2857142857	0.9721054077	
999	0.2222222222	0.0890690486	1.2857142857	0.9721054077	
1000	0.3333333333	0.0890690486	1.2857142857	0.9721054077	
1001	0.4444444444	0.0890690486	1.2857142857	0.9721054077	
1002	0.5555555556	0.0890690486	1.2857142857	0.9721054077	
1003	0.6666666667	0.0890690486	1.2857142857	0.9721054077	
1004	0.7777777778	0.0890690486	1.2857142857	0.9721054077	
1005	0.8888888889	0.0890690486	1.2857142857	0.9721054077	
1006	0.9629629630	0.0890690486	1.2857142857	0.9721054077	
1007	1.0000000000	0.0890690486	1.2857142857	0.9721054077	
1008	0.0000000000	0.0989656096	1.4285714286	0.9721054077	
1009	0.0370370370	0.0989656096	1.4285714286	0.9721054077	
1010	0.1111111111	0.0989656096	1.4285714286	0.9721054077	
1011	0.2222222222	0.0989656096	1.4285714286	0.9721054077	
1012	0.3333333333	0.0989656096	1.4285714286	0.9721054077	
1013	0.4444444444	0.0989656096	1.4285714286	0.9721054077	
1014	0.5555555556	0.0989656096	1.4285714286	0.9721054077	
1015	0.6666666667	0.0989656096	1.4285714286	0.9721054077	
1016	0.7777777778	0.0989656096	1.4285714286	0.9721054077	
1017	0.8888888889	0.0989656096	1.4285714286	0.9721054077	
1018	0.9629629630	0.0989656096	1.4285714286	0.9721054077	
1019	1.0000000000	0.0989656096	1.4285714286	0.9721054077	
1020	0.0000000000	0.1088621705	1.5714285714	0.9721054077	
1021	0.0370370370	0.1088621705	1.5714285714	0.9721054077	
1022	0.1111111111	0.1088621705	1.5714285714	0.9721054077	
1023	0.2222222222	0.1088621705	1.5714285714	0.9721054077	
1024	0.3333333333	0.1088621705	1.5714285714	0.9721054077	
1025	0.4444444444	0.1088621705	1.5714285714	0.9721054077	
1026	0.5555555556	0.1088621705	1.5714285714	0.9721054077	
1027	0.6666666667	0.1088621705	1.5714285714	0.9721054077	
1028	0.7777777778	0.1088621705	1.5714285714	0.9721054077	
1029	0.8888888889	0.1088621705	1.5714285714	0.9721054077	
1030	0.9629629630	0.1088621705	1.5714285714	0.9721054077	
1031	1.0000000000	0.1088621705	1.5714285714	0.9721054077	
1032	0.0000000000	0.1187587315	1.7142857143	0.9721054077	
1033	0.0370370370	0.1187587315	1.7142857143	0.9721054077	
1034	0.1111111111	0.1187587315	1.7142857143	0.9721054077	
1035	0.2222222222	0.1187587315	1.7142857143	0.9721054077	
1036	0.3333333333	0.1187587315	1.7142857143	0.9721054077	
1037	0.4444444444	0.1187587315	1.7142857143	0.9721054077	
1038	0.5555555556	0.1187587315	1.7142857143	0.9721054077	
1039	0.6666666667	0.1187587315	1.7142857143	0.9721054077	
1040	0.7777777778	0.1187587315	1.7142857143	0.9721054077	
1041	0.8888888889	0.1187587315	1.7142857143	0.9721054077	
1042	0.9629629630	0.1187587315	1.7142857143	0.9721054077	
1043	1.0000000000	0.1187587315	1.7142857143	0.9721054077	
1044	0.0000000000	0.1286552924	1.8571428571	0.9721054077	
1045	0.0370370370	0.1286552924	1.8571428571	0.9721054077	
1046	0.1111111111	0.1286552924	1.8571428571	0.9721054077	
1047	0.2222222222	0.1286552924	1.8571428571	0.9721054077	
1048	0.3333333333	0.1286552924	1.8571428571	0.9721054077	
1049	0.4444444444	0.1286552924	1.8571428571	0.9721054077	
1050	0.5555555556	0.1286552924	1.8571428571	0.9721054077	
1051	0.6666666667	0.1286552924	1.8571428571	0.9721054077	
1052	0.7777777778	0.1286552924	1.8571428571	0.9721054077	
1053	0.8888888889	0.1286552924	1.8571428571	0.9721054077	
1054	0.9629629630	0.1286552924	1.8571428571	0.9721054077	
1055	1.0000000000	0.1286552924	1.8571428571	0.9721054077	
1056	0.0000000000	0.1352529997	1.9523809524	0.9721054077	
1057	0.0370370370	0.1352529997	1.9523809524	0.9721054077	
1058	0.1111111111	0.1352529997	1.9523809524	0.9721054077	
1059	0.2222222222	0.1352529997	1.9523809524	0.9721054077	
1060	0.3333333333	0.1352529997	1.9523809524	0.9721054077	
1061	0.4444444444	0.1352529997	1.9523809524	0.9721054077	
1062	0.5555555556	0.1352529997	1.9523809524	0.9721054077	
1063	0.6666666667	0.1352529997	1.9523809524	0.9721054077	
1064	0.7777777778	0.1352529997	1.9523809524	0.9721054077	
1065	0.8888888889	0.1352529997	1.9523809524	0.9721054077	
1066	0.9629629630	0.1352529997	1.9523809524	0.9721054077	
1067	1.0000000000	0.1352529997	1.9523809524	0.9721054077	
1068	0.0000000000	0.1385518534	2.0000000000	0.9721054077	
1069	0.0370370370	0.1385518534	2.0000000000	0.9721054077	
1070	0.1111111111	0.1385518534	2.0000000000	0.9721054077	
1071	0.2222222222	0.1385518534	2.0000000000	0.9721054077	
1072	0.3333333333	0.1385518534	2.0000000000	0.9721054077	
1073	0.4444444444	0.1385518534	2.0000000000	0.9721054077	
1074	0.5555555556	0.1385518534	2.0000000000	0.9721054077	
1075	0.6666666667	0.1385518534	2.0000000000	0.9721054077	
1076	0.7777777778	0.1385518534	2.0000000000	0.9721054077	
1077	0.8888888889	0.1385518534	2.0000000000	0.9721054077	
1078	0.9629629630	0.1385518534	2.0000000000	0.9721054077	
1079	1.0000000000	0.1385518534	2.0000000000	0.9721054077	
1080	0.0000000000	0.0000000000	1.0000000000	1.0000000000	
1081	0.0370370370	0.0000000000	1.0000000000	1.0000000000	
1082	0.1111111111	0.0000000000	1.0000000000	1.0000000000	
1083	0.2222222222	0.0000000000	1.0000000000	1.0000000000	
1084	0.3333333333	0.0000000000	1.0000000000	1.0000000000	
1085	0.4444444444	0.0000000000	1.0000000000	1.0000000000	
1086	0.5555555556	0.0000000000	1.0000000000	1.0000000000	
1087	0.6666666667	0.0000000000	1.0000000000	1.0000000000	
1088	0.7777777778	0.0000000000	1.0000000000	1.0000000000	
1089	0.8888888889	0.0000000000	1.0000000000	1.0000000000	
1090	0.9629629630	0.0000000000	1.0000000000	1.0000000000	
1091	1.0000000000	0.0000000000	1.0000000000	1.0000000000	
1092	0.0000000000	0.0000000000	1.0476190476	1.0000000000	
1093	0.0370370370	0.0000000000	1.0476190476	1.0000000000	
1094	0.1111111111	0.0000000000	1.0476190476	1.0000000000	
1095	0.2222222222	0.0000000000	1.0476190476	1.0000000000	
1096	0.3333333333	0.0000000000	1.0476190476	1.0000000000	
1097	0.4444444444	0.0000000000	1.0476190476	1.0000000000	
1098	0.5555555556	0.0000000000	1.0476190476	1.0000000000	
1099	0.6666666667	0.0000000000	1.0476190476	1.0000000000	
1100	0.7777777778	0.0000000000	1.0476190476	1.0000000000	
1101	0.8888888889	0.0000000000	1.0476190476	1.0000000000	
1102	0.9629629630	0.0000000000	1.0476190476	1.0000000000	
1103	1.0000000000	0.0000000000	1.0476190476	1.0000000000	
1104	0.0000000000	0.0000000000	1.1428571429	1.0000000000	
1105	0.0370370370	0.0000000000	1.1428571429	1.0000000000	
1106	0.1111111111	0.0000000000	1.1428571429	1.0000000000	
1107	0.2222222222	0.0000000000	1.1428571429	1.0000000000	
1108	0.3333333333	0.0000000000	1.1428571429	1.0000000000	
1109	0.4444444444	0.0000000000	1.1428571429	1.0000000000	
1110	0.5555555556	0.0000000000	1.1428571429	1.0000000000	
1111	0.6666666667	0.0000000000	1.1428571429	1.0000000000	
1112	0.7777777778	0.0000000000	1.1428571429	1.0000000000	
1113	0.8888888889	0.0000000000	1.1428571429	1.0000000000	
1114	0.9629629630	0.0000000000	1.1428571429	1.0000000000	
1115	1.0000000000	0.0000000000	1.1428571429	1.0000000000	
1116	0.0000000000	0.0000000000	1.2857142857	1.0000000000	
1117	0.0370370370	0.0000000000	1.2857142857	1.0000000000	
1118	0.1111111111	0.0000000000	1.2857142857	1.0000000000	
1119	0.2222222222	0.0000000000	1.2857142857	1.0000000000	
1120	0.3333333333	0.0000000000	1.2857142857	1.0000000000	
1121	0.4444444444	0.0000000000	1.2857142857	1.0000000000	
1122	0.5555555556	0.0000000000	1.2857142857	1.0000000000	
1123	0.6666666667	0.0000000000	1.2857142857	1.0000000000	
1124	0.7777777778	0.0000000000	1.2857142857	1.0000000000	
1125	0.8888888889	0.0000000000	1.2857142857	1.0000000000	
1126	0.9629629630	0.0000000000	1.2857142857	1.0000000000	
1127	1.0000000000	0.0000000000	1.2857142857	1.0000000000	
1128	0.0000000000	0.0000000000	1.4285714286	1.0000000000	
1129	0.0370370370	0.0000000000	1.4285714286	1.0000000000	
1130	0.1111111111	0.0000000000	1.4285714286	1.0000000000	
1131	0.2222222222	0.0000000000	1.4285714286	1.0000000000	
1132	0.3333333333	0.0000000000	1.4285714286	1.0000000000	
1133	0.4444444444	0.0000000000	1.4285714286	1.0000000000	
1134	0.5555555556	0.0000000000	1.4285714286	1.0000000000	
1135	0.6666666667	0.0000000000	1.4285714286	1.0000000000	
1136	0.7777777778	0.0000000000	1.4285714286	1.0000000000	
1137	0.8888888889	0.0000000000	1.4285714286	1.0000000000	
1138	0.9629629630	0.0000000000	1.4285714286	1.0000000000	
1139	1.0000000000	0.0000000000	1.4285714286	1.0000000000	
1140	0.0000000000	0.0000000000	1.5714285714	1.0000000000	
1141	0.0370370370	0.0000000000	1.5714285714	1.0000000000	
1142	0.1111111111	0.0000000000	1.5714285714	1.0000000000	
1143	0.2222222222	0.0000000000	1.5714285714	1.0000000000	
1144	0.3333333333	0.0000000000	1.5714285714	1.0000000000	
1145	0.4444444444	0.0000000000	1.5714285714	1.0000000000	
1146	0.5555555556	0.0000000000	1.5714285714	1.0000000000	
1147	0.6666666667	0.0000000000	1.5714285714	1.0000000000	
1148	0.7777777778	0.0000000000	1.5714285714	1.0000000000	
1149	0.8888888889	0.0000000000	1.5714285714	1.0000000000	
1150	0.9629629630	0.0000000000	1.5714285714	1.0000000000	
1151	1.0000000000	0.0000000000	1.5714285714	1.0000000000	
1152	0.0000000000	0.0000000000	1.7142857143	1.0000000000	
1153	0.0370370370	0.0000000000	1.7142857143	1.0000000000	
1154	0.1111111111	0.0000000000	1.7142857143	1.0000000000	
1155	0.2222222222	0.0000000000	1.7142857143	1.0000000000	
1156	0.3333333333	0.0000000000	1.7142857143	1.0000000000	
1157	0.4444444444	0.0000000000	1.7142857143	1.0000000000	
1158	0.5555555556	0.0000000000	1.7142857143	1.0000000000	
1159	0.6666666667	0.0000000000	1.7142857143	1.0000000000	
1160	0.7777777778	0.0000000000	1.7142857143	1.0000000000	
1161	0.8888888889	0.0000000000	1.7142857143	1.0000000000	
1162	0.9629629630	0.0000000000	1.7142857143	1.0000000000	
1163	1.0000000000	0.0000000000	1.7142857143	1.0000000000	
1164	0.0000000000	0.0000000000	1.8571428571	1.0000000000	
1165	0.0370370370	0.0000000000	1.8571428571	1.0000000000	
1166	0.1111111111	0.0000000000	1.8571428571	1.0000000000	
1167	0.2222222222	0.0000000000	1.8571428571	1.0000000000	
1168	0.3333333333	0.0000000000	1.8571428571	1.0000000000	
1169	0.4444444444	0.0000000000	1.8571428571	1.0000000000	
1170	0.5555555556	0.0000000000	1.8571428571	1.0000000000	
1171	0.6666666667	0.0000000000	1.8571428571	1.0000000000	
1172	0.7777777778	0.0000000000	1.8571428571	1.0000000000	
1173	0.8888888889	0.0000000000	1.8571428571	1.0000000000	
1174	0.9629629630	0.0000000000	1.8571428571	1.0000000000	
1175	1.0000000000	0.0000000000	1.8571428571	1.0000000000	
1176	0.0000000000	0.0000000000	1.9523809524	1.0000000000	
1177	0.0370370370	0.0000000000	1.9523809524	1.0000000000	
1178	0.1111111111	0.0000000000	1.9523809524	1.0000000000	
1179	0.2222222222	0.0000000000	1.9523809524	1.0000000000	
1180	0.3333333333	0.0000000000	1.9523809524	1.0000000000	
1181	0.4444444444	0.0000000000	1.9523809524	1.0000000000	
1182	0.5555555556	0.0000000000	1.9523809524	1.0000000000	
1183	0.6666666667	0.0000000000	1.9523809524	1.0000000000	
1184	0.7777777778	0.0000000000	1.9523809524	1.0000000000	
1185	0.8888888889	0.0000000000	1.9523809524	1.0000000000	
1186	0.9629629630	0.0000000000	1.9523809524	1.0000000000	
1187	1.0000000000	0.0000000000	1.9523809524	1.0000000000	
1188	0.0000000000	0.0000000000	2.0000000000	1.0000000000	
1189	0.0370370370	0.0000000000	2.0000000000	1.0000000000	
1190	0.1111111111	0.0000000000	2.0000000000	1.0000000000	
1191	0.2222222222	0.0000000000	2.0000000000	1.0000000000	
1192	0.3333333333	0.0000000000	2.0000000000	1.0000000000	
1193	0.4444444444	0.0000000000	2.0000000000	1.0000000000	
1194	0.5555555556	0.0000000000	2.0000000000	1.0000000000	
1195	0.6666666667	0.0000000000	2.0000000000	1.0000000000	
1196	0.7777777778	0.0000000000	2.0000000000	1.0000000000	
1197	0.8888888889	0.0000000000	2.0000000000	1.0000000000	
1198	0.9629629630	0.0000000000	2.0000000000	1.0000000000	
1199	1.0000000000	0.0000000000	2.0000000000	1.0000000000	

0	0	0.0000000000
12	0	0.0000000000
24	0	0.0000000000
36	0	0.0000000000
48	0	0.0000000000
60	0	0.0000000000
72	0	0.0000000000
84	0	0.0000000000
96	0	0.0000000000
108	0	0.0000000000
109	0	0.0000000000
110	0	0.0000000000
111	0	0.0000000000
112	0	0.0000000000
113	0	0.0000000000
114	0	0.0000000000
115	0	0.0000000000
116	0	0.0000000000
117	0	0.0000000000
118	0	0.0000000000
119	0	0.0000000000
120	0	0.0000000000
132	0	0.0000000000
144	0	0.0000000000
156	0	0.0000000000
168	0	0.0000000000
180	0	0.0000000000
192	0	0.0000000000
204	0	0.0000000000
216	0	0.0000000000
228	0	0.0000000000
229	0	0.0000000000
230	0	0.0000000000
231	0	0.0000000000
232	0	0.0000000000
233	0	0.0000000000
234	0	0.0000000000
235	0	0.0000000000
236	0	0.0000000000
237	0	0.0000000000
238	0	0.0000000000
239	0	0.0000000000
240	0	0.0000000000
252	0	0.0000000000
264	0	0.0000000000
276	0	0.0000000000
288	0	0.0000000000
300	0	0.0000000000
312	0	0.0000000000
324	0	0.0000000000
336	0	0.0000000000
348	0	0.0000000000
349	0	0.0000000000
350	0	0.0000000000
351	0	0.0000000000
352	0	0.0000000000
353	0	0.0000000000
354	0	0.0000000000
355	0	0.0000000000
356	0	0.0000000000
357	0	0.0000000000
358	0	0.0000000000
359	0	0.0000000000
360	0	0.0000000000
372	0	0.0000000000
384	0	0.0000000000
396	0	0.0000000000
408	0	0.0000000000
420	0	0.0000000000
432	0	0.0000000000
444	0	0.0000000000
456	0	0.0000000000
468	0	0.0000000000
469	0	0.0000000000
470	0	0.0000000000
471	0	0.0000000000
472	0	0.0000000000
473	0	0.0000000000
474	0	0.0000000000
475	0	0.0000000000
476	0	0.0000000000
477	0	0.0000000000
478	0	0.0000000000
479	0	0.0000000000
480	0	0.0000000000
492	0	0.0000000000
504	0	0.0000000000
516	0	0.0000000000
528	0	0.0000000000
540	0	0.0000000000
552	0	0.0000000000
564	0	0.0000000000
576	0	0.0000000000
588	0	0.0000000000
589	0	0.0000000000
590	0	0.0000000000
591	0	0.0000000000
592	0	0.0000000000
593	0	0.0000000000
594	0	0.0000000000
595	0	0.0000000000
596	0	0.0000000000
597	0	0.0000000000
598	0	0.0000000000
599	0	0.0000000000
600	0	0.0000000000
612	0	0.0000000000
624	0	0.0000000000
636	0	0.0000000000
648	0	0.0000000000
660	0	0.0000000000
672	0	0.0000000000
684	0	0.0000000000
696	0	0.0000000000
708	0	0.0000000000
709	0	0.0000000000
710	0	0.0000000000
711	0	0.0000000000
712	0	0.0000000000
713	0	0.0000000000
714	0	0.0000000000
715	0	0.0000000000
716	0	0.0000000000
717	0	0.0000000000
718	0	0.0000000000
719	0	0.0000000000
720	0	0.0000000000
732	0	0.0000000000
744	0	0.0000000000
756	0	0.0000000000
768	0	0.0000000000
780	0	0.0000000000
792	0	0.0000000000
804	0	0.0000000000
816	0	0.0000000000
828	0	0.0000000000
829	0	0.0000000000
830	0	0.0000000000
831	0	0.0000000000
832	0	0.0000000000
833	0	0.0000000000
834	0	0.0000000000
835	0	0.0000000000
836	0	0.0000000000
837	0	0.0000000000
838	0	0.0000000000
839	0	0.0000000000
840	0	0.0000000000
852	0	0.0000000000
864	0	0.0000000000
876	0	0.0000000000
888	0	0.0000000000
900	0	0.0000000000
912	0	0.0000000000
924	0	0.0000000000
936	0	0.0000000000
948	0	0.0000000000
949	0	0.0000000000
950	0	0.0000000000
951	0	0.0000000000
952	0	0.0000000000
953	0	0.0000000000
954	0	0.0000000000
955	0	0.0000000000
956	0	0.0000000000
957	0	0.0000000000
958	0	0.0000000000
959	0	0.0000000000
960	0	0.0000000000
972	0	0.0000000000
984	0	0.0000000000
996	0	0.0000000000
1008	0	0.0000000000
1020	0	0.0000000000
1032	0	0.0000000000
1044	0	0.0000000000
1056	0	0.0000000000
1068	0	0.0000000000
1069	0	0.0000000000
1070	0	0.0000000000
1071	0	0.0000000000
1072	0	0.0000000000
1073	0	0.0000000000
1074	0	0.0000000000
1075	0	0.0000000000
1076	0	0.0000000000
1077	0	0.0000000000
1078	0	0.0000000000
1079	0	0.0000000000
1080	0	0.0000000000
1092	0	0.0000000000
1104	0	0.0000000000
1116	0	0.0000000000
1128	0	0.0000000000
1140	0	0.0000000000
1152	0	0.0000000000
1164	0	0.0000000000
1176	0	0.0000000000
1188	0	0.0000000000
1189	0	0.0000000000
1190	0	0.0000000000
1191	0	0.0000000000
1192	0	0.0000000000
1193	0	0.0000000000
1194	0	0.0000000000
1195	0	0.0000000000
1196	0	0.0000000000
1197	0	0.0000000000
1198	0	0.0000000000
1199	0	0.0000000000
108	1	0.0000000000
109	1	0.0000000000
110	1	0.0000000000
111	1	0.0000000000
112	1	0.0000000000
113	1	0.0000000000
114	1	0.0000000000
115	1	0.0000000000
116	1	0.0000000000
117	1	0.0000000000
118	1	0.0000000000
119	1	0.0000000000
228	1	0.0000000000
229	1	0.0000000000
230	1	0.0000000000
231	1	0.0000000000
232	1	0.0000000000
233	1	0.0000000000
234	1	0.0000000000
235	1	0.0000000000
236	1	0.0000000000
237	1	0.0000000000
238	1	0.0000000000
239	1	0.0000000000
348	1	0.0000000000
349	1	0.0000000000
350	1	0.0000000000
351	1	0.0000000000
352	1	0.0000000000
353	1	0.0000000000
354	1	0.0000000000
355	1	0.0000000000
356	1	0.0000000000
357	1	0.0000000000
358	1	0.0000000000
359	1	0.0000000000
468	1	0.0000000000
469	1	0.0000000000
470	1	0.0000000000
471	1	0.0000000000
472	1	0.0000000000
473	1	0.0000000000
474	1	0.0000000000
475	1	0.0000000000
476	1	0.0000000000
477	1	0.0000000000
478	1	0.0000000000
479	1	0.0000000000
588	1	0.0000000000
589	1	0.0000000000
590	1	0.0000000000
591	1	0.0000000000
592	1	0.0000000000
593	1	0.0000000000
594	1	0.0000000000
595	1	0.0000000000
596	1	0.0000000000
597	1	0.0000000000
598	1	0.0000000000
599	1	0.0000000000
708	1	0.0000000000
709	1	0.0000000000
710	1	0.0000000000
711	1	0.0000000000
712	1	0.0000000000
713	1	0.0000000000
714	1	0.0000000000
715	1	0.0000000000
716	1	0.0000000000
717	1	0.0000000000
718	1	0.0000000000
719	1	0.0000000000
828	1	0.0000000000
829	1	0.0000000000
830	1	0.0000000000
831	1	0.0000000000
832	1	0.0000000000
833	1	0.0000000000
834	1	0.0000000000
835	1	0.0000000000
836	1	0.0000000000
837	1	0.0000000000
838	1	0.0000000000
839	1	0.0000000000
948	1	0.0000000000
949	1	0.0000000000
950	1	0.0000000000
951	1	0.0000000000
952	1	0.0000000000
953	1	0.0000000000
954	1	0.0000000000
955	1	0.0000000000
956	1	0.0000000000
957	1	0.0000000000
958	1	0.0000000000
959	1	0.0000000000
1068	1	0.0000000000
1069	1	0.0000000000
1070	1	0.0000000000
1071	1	0.0000000000
1072	1	0.0000000000
1073	1	0.0000000000
1074	1	0.0000000000
1075	1	0.0000000000
1076	1	0.0000000000
1077	1	0.0000000000
1078	1	0.0000000000
1079	1	0.0000000000
1080	1	0.0000000000
1081	1	0.0000000000
1082	1	0.0000000000
1083	1	0.0000000000
1084	1	0.0000000000
1085	1	0.0000000000
1086	1	0.0000000000
1087	1	0.0000000000
1088	1	0.0000000000
1089	1	0.0000000000
1090	1	0.0000000000
1091	1	0.0000000000
1092	1	0.0000000000
1093	1	0.0000000000
1094	1	0.0000000000
1095	1	0.0000000000
1096	1	0.0000000000
1097	1	0.0000000000
1098	1	0.0000000000
1099	1	0.0000000000
1100	1	0.0000000000
1101	1	0.0000000000
1102	1	0.0000000000
1103	1	0.0000000000
1104	1	0.0000000000
1105	1	0.0000000000
1106	1	0.0000000000
1107	1	0.0000000000
1108	1	0.0000000000
1109	1	0.0000000000
1110	1	0.0000000000
1111	1	0.0000000000
1112	1	0.0000000000
1113	1	0.0000000000
1114	1	0.0000000000
1115	1	0.0000000000
1116	1	0.0000000000
1117	1	0.0000000000
1118	1	0.0000000000
1119	1	0.0000000000
1120	1	0.0000000000
1121	1	0.0000000000
1122	1	0.0000000000
1123	1	0.0000000000
1124	1	0.0000000000
1125	1	0.0000000000
1126	1	0.0000000000
1127	1	0.0000000000
1128	1	0.0000000000
1129	1	0.0000000000
1130	1	0.0000000000
1131	1	0.0000000000
1132	1	0.0000000000
1133	1	0.0000000000
1134	1	0.0000000000
1135	1	0.0000000000
1136	1	0.0000000000
1137	1	0.0000000000
1138	1	0.0000000000
1139	1	0.0000000000
1140	1	0.0000000000
1141	1	0.0000000000
1142	1	0.0000000000
1143	1	0.0000000000
1144	1	0.0000000000
1145	1	0.0000000000
1146	1	0.0000000000
1147	1	0.0000000000
1148	1	0.0000000000
1149	1	0.0000000000
1150	1	0.0000000000
1151	1	0.0000000000
1152	1	0.0000000000
1153	1	0.0000000000
1154	1	0.0000000000
1155	1	0.0000000000
1156	1	0.0000000000
1157	1	0.0000000000
1158	1	0.0000000000
1159	1	0.0000000000
1160	1	0.0000000000
1161	1	0.0000000000
1162	1	0.0000000000
1163	1	0.0000000000
1164	1	0.0000000000
1165	1	0.0000000000
1166	1	0.0000000000
1167	1	0.0000000000
1168	1	0.0000000000
1169	1	0.0000000000
1170	1	0.0000000000
1171	1	0.0000000000
1172	1	0.0000000000
1173	1	0.0000000000
1174	1	0.0000000000
1175	1	0.0000000000
1176	1	0.0000000000
1177	1	0.0000000000
1178	1	0.0000000000
1179	1	0.0000000000
1180	1	0.0000000000
1181	1	0.0000000000
1182	1	0.0000000000
1183	1	0.0000000000
1184	1	0.0000000000
1185	1	0.0000000000
1186	1	0.0000000000
1187	1	0.0000000000
1188	1	0.0000000000
1189	1	0.0000000000
1190	1	0.0000000000
1191	1	0.0000000000
1192	1	0.0000000000
1193	1	0.0000000000
1194	1	0.0000000000
1195	1	0.0000000000
1196	1	0.0000000000
1197	1	0.0000000000
1198	1	0.0000000000
1199	1	0.0000000000
0	2	0.0000000000
1	2	0.0000000000
2	2	0.0000000000
3	2	0.0000000000
4	2	0.0000000000
5	2	0.0000000000
6	2	0.0000000000
7	2	0.0000000000
8	2	0.0000000000
9	2	0.0000000000
10	2	0.0000000000
11	2	0.0000000000
12	2	0.0000000000
13	2	0.0000000000
14	2	0.0000000000
15	2	0.0000000000
16	2	0.0000000000
17	2	0.0000000000
18	2	0.0000000000
19	2	0.0000000000
20	2	0.0000000000
21	2	0.0000000000
22	2	0.0000000000
23	2	0.0000000000
24	2	0.0000000000
25	2	0.0000000000
26	2	0.0000000000
27	2	0.0000000000
28	2	0.0000000000
29	2	0.0000000000
30	2	0.0000000000
31	2	0.0000000000
32	2	0.0000000000
33	2	0.0000000000
34	2	0.0000000000
35	2	0.0000000000
36	2	0.0000000000
37	2	0.0000000000
38	2	0.0000000000
39	2	0.0000000000
40	2	0.0000000000
41	2	0.0000000000
42	2	0.0000000000
43	2	0.0000000000
44	2	0.0000000000
45	2	0.0000000000
46	2	0.0000000000
47	2	0.0000000000
48	2	0.0000000000
49	2	0.0000000000
50	2	0.0000000000
51	2	0.0000000000
52	2	0.0000000000
53	2	0.0000000000
54	2	0.0000000000
55	2	0.0000000000
56	2	0.0000000000
57	2	0.0000000000
58	2	0.0000000000
59	2	0.0000000000
60	2	0.0000000000
61	2	0.0000000000
62	2	0.0000000000
63	2	0.0000000000
64	2	0.0000000000
65	2	0.0000000000
66	2	0.0000000000
67	2	0.0000000000
68	2	0.0000000000
69	2	0.0000000000
70	2	0.0000000000
71	2	0.0000000000
72	2	0.0000000000
73	2	0.0000000000
74	2	0.0000000000
75	2	0.0000000000
76	2	0.0000000000
77	2	0.0000000000
78	2	0.0000000000
79	2	0.0000000000
80	2	0.0000000000
81	2	0.0000000000
82	2	0.0000000000
83	2	0.0000000000
84	2	0.0000000000
85	2	0.0000000000
86	2	0.0000000000
87	2	0.0000000000
88	2	0.0000000000
89	2	0.0000000000
90	2	0.0000000000
91	2	0.0000000000
92	2	0.0000000000
93	2	0.0000000000
94	2	0.0000000000
95	2	0.0000000000
96	2	0.0000000000
97	2	0.0000000000
98	2	0.0000000000
99	2	0.0000000000
100	2	0.0000000000
101	2	0.0000000000
102	2	0.0000000000
103	2	0.0000000000
104	2	0.0000000000
105	2	0.0000000000
106	2	0.0000000000
107	2	0.0000000000
108	2	0.0000000000
109	2	0.0000000000
110	2	0.0000000000
111	2	0.0000000000
112	2	0.0000000000
113	2	0.0000000000
114	2	0.0000000000
115	2	0.0000000000
116	2	0.0000000000
117	2	0.0000000000
118	2	0.0000000000
119	2	0.0000000000
228	2	0.0000000000
229	2	0.0000000000
230	2	0.0000000000
231	2	0.0000000000
232	2	0.0000000000
233	2	0.0000000000
234	2	0.0000000000
235	2	0.0000000000
236	2	0.0000000000
237	2	0.0000000000
238	2	0.0000000000
239	2	0.0000000000
348	2	0.0000000000
349	2	0.0000000000
350	2	0.0000000000
351	2	0.0000000000
352	2	0.0000000000
353	2	0.0000000000
354	2	0.0000000000
355	2	0.0000000000
356	2	0.0000000000
357	2	0.0000000000
358	2	0.0000000000
359	2	0.0000000000
468	2	0.0000000000
469	2	0.0000000000
470	2	0.0000000000
471	2	0.0000000000
472	2	0.0000000000
473	2	0.0000000000
474	2	0.0000000000
475	2	0.0000000000
476	2	0.0000000000
477	2	0.0000000000
478	2	0.0000000000
479	2	0.0000000000
588	2	0.0000000000
589	2	0.0000000000
590	2	0.0000000000
591	2	0.0000000000
592	2	0.0000000000
593	2	0.0000000000
594	2	0.0000000000
595	2	0.0000000000
596	2	0.0000000000
597	2	0.0000000000
598	2	0.0000000000
599	2	0.0000000000
708	2	0.0000000000
709	2	0.0000000000
710	2	0.0000000000
711	2	0.0000000000
712	2	0.0000000000
713	2	0.0000000000
714	2	0.0000000000
715	2	0.0000000000
716	2	0.0000000000
717	2	0.0000000000
718	2	0.0000000000
719	2	0.0000000000
828	2	0.0000000000
829	2	0.0000000000
830	2	0.0000000000
831	2	0.0000000000
832	2	0.0000000000
833	2	0.0000000000
834	2	0.0000000000
835	2	0.0000000000
836	2	0.0000000000
837	2	0.0000000000
838	2	0.0000000000
839	2	0.0000000000
948	2	0.0000000000
949	2	0.0000000000
950	2	0.0000000000
951	2	0.0000000000
952	2	0.0000000000
953	2	0.0000000000
954	2	0.0000000000
955	2	0.0000000000
956	2	0.0000000000
957	2	0.0000000000
958	2	0.0000000000
959	2	0.0000000000
1068	2	0.0000000000
1069	2	0.0000000000
1070	2	0.0000000000
1071	2	0.0000000000
1072	2	0.0000000000
1073	2	0.0000000000
1074	2	0.0000000000
1075	2	0.0000000000
1076	2	0.0000000000
1077	2	0.0000000000
1078	2	0.0000000000
1079	2	0.0000000000
1188	2	0.0000000000
1189	2	0.0000000000
1190	2	0.0000000000
1191	2	0.0000000000
1192	2	0.0000000000
1193	2	0.0000000000
1194	2	0.0000000000
1195	2	0.0000000000
1196	2	0.0000000000
1197	2	0.0000000000
1198	2	0.0000000000
1199	2	0.0000000000


