206000  0.3

1

25

3	3

9	9

5	5

0   1   2   3   4   5   6   7   8   9   10   11   12   13   14   15   16   17   18   19   20   21   22   23   24

18  0   0

0.0000000000000000e+00	0.0000000000000000e+00	0.0000000000000000e+00	0.0000000000000000e+00	5.0000000000000000e-01	1.0000000000000000e+00	1.0000000000000000e+00	1.0000000000000000e+00	1.0000000000000000e+00
0.0000000000000000e+00	0.0000000000000000e+00	0.0000000000000000e+00	0.0000000000000000e+00	5.0000000000000000e-01	1.0000000000000000e+00	1.0000000000000000e+00	1.0000000000000000e+00	1.0000000000000000e+00

0	1.0000000000000000e+00	0.0000000000000000e+00	1.0000000000000000e+00
1	1.2500000000000000e+00	0.0000000000000000e+00	1.0000000000000000e+00
2	1.7500000000000000e+00	0.0000000000000000e+00	1.0000000000000000e+00
3	2.2500000000000000e+00	0.0000000000000000e+00	1.0000000000000000e+00
4	2.5000000000000000e+00	0.0000000000000000e+00	1.0000000000000000e+00
5	1.0000000000000000e+00	2.6120387496374148e-01	9.0236892706218252e-01
6	1.2500000000000002e+00	3.2650484370467686e-01	9.0236892706218252e-01
7	1.7500000000000000e+00	4.5710678118654763e-01	9.0236892706218252e-01
8	2.2500000000000000e+00	5.8770871866841834e-01	9.0236892706218252e-01
9	2.5000000000000004e+00	6.5300968740935372e-01	9.0236892706218252e-01
10	7.9289321881345254e-01	7.9289321881345254e-01	8.0473785412436505e-01
11	9.9111652351681567e-01	9.9111652351681545e-01	8.0473785412436505e-01
12	1.3875631329235421e+00	1.3875631329235421e+00	8.0473785412436505e-01
13	1.7840097423302681e+00	1.7840097423302681e+00	8.0473785412436505e-01
14	1.9822330470336313e+00	1.9822330470336316e+00	8.0473785412436505e-01
15	2.6120387496374148e-01	1.0000000000000000e+00	9.0236892706218252e-01
16	3.2650484370467681e-01	1.2500000000000000e+00	9.0236892706218252e-01
17	4.5710678118654757e-01	1.7500000000000000e+00	9.0236892706218252e-01
18	5.8770871866841834e-01	2.2500000000000000e+00	9.0236892706218252e-01
19	6.5300968740935361e-01	2.5000000000000004e+00	9.0236892706218252e-01
20	0.0000000000000000e+00	1.0000000000000000e+00	1.0000000000000000e+00
21	0.0000000000000000e+00	1.2500000000000000e+00	1.0000000000000000e+00
22	0.0000000000000000e+00	1.7500000000000000e+00	1.0000000000000000e+00
23	0.0000000000000000e+00	2.2500000000000000e+00	1.0000000000000000e+00
24	0.0000000000000000e+00	2.5000000000000000e+00	1.0000000000000000e+00

0   1   0.0
1   1   0.0
2   1   0.0
3   1   0.0
4   1   0.0
9   1   0.0
14  1   0.0
19  1   0.0
24  1   0.0
4   0   0.0
9   0   0.0
14  0   0.0
19  0   0.0
20  0   0.0
21  0   0.0
22  0   0.0
23  0   0.0
24  0   0.0