206000  0.3

1

400

3	3

24	24

20	20

0   1   2   3   4   5   6   7   8   9   10   11   12   13   14   15   16   17   18   19   20   21   22   23   24   25   26   27   28   29   30   31   32   33   34   35   36   37   38   39   40   41   42   43   44   45   46   47   48   49   50   51   52   53   54   55   56   57   58   59   60   61   62   63   64   65   66   67   68   69   70   71   72   73   74   75   76   77   78   79   80   81   82   83   84   85   86   87   88   89   90   91   92   93   94   95   96   97   98   99   100   101   102   103   104   105   106   107   108   109   110   111   112   113   114   115   116   117   118   119   120   121   122   123   124   125   126   127   128   129   130   131   132   133   134   135   136   137   138   139   140   141   142   143   144   145   146   147   148   149   150   151   152   153   154   155   156   157   158   159   160   161   162   163   164   165   166   167   168   169   170   171   172   173   174   175   176   177   178   179   180   181   182   183   184   185   186   187   188   189   190   191   192   193   194   195   196   197   198   199   200   201   202   203   204   205   206   207   208   209   210   211   212   213   214   215   216   217   218   219   220   221   222   223   224   225   226   227   228   229   230   231   232   233   234   235   236   237   238   239   240   241   242   243   244   245   246   247   248   249   250   251   252   253   254   255   256   257   258   259   260   261   262   263   264   265   266   267   268   269   270   271   272   273   274   275   276   277   278   279   280   281   282   283   284   285   286   287   288   289   290   291   292   293   294   295   296   297   298   299   300   301   302   303   304   305   306   307   308   309   310   311   312   313   314   315   316   317   318   319   320   321   322   323   324   325   326   327   328   329   330   331   332   333   334   335   336   337   338   339   340   341   342   343   344   345   346   347   348   349   350   351   352   353   354   355   356   357   358   359   360   361   362   363   364   365   366   367   368   369   370   371   372   373   374   375   376   377   378   379   380   381   382   383   384   385   386   387   388   389   390   391   392   393   394   395   396   397   398   399

78  0   0

0.0000000000000000e+00	0.0000000000000000e+00	0.0000000000000000e+00	0.0000000000000000e+00	5.8823529411764705e-02	1.1764705882352941e-01	1.7647058823529413e-01	2.3529411764705882e-01	2.9411764705882354e-01	3.5294117647058826e-01	4.1176470588235292e-01	4.7058823529411764e-01	5.2941176470588236e-01	5.8823529411764708e-01	6.4705882352941180e-01	7.0588235294117652e-01	7.6470588235294112e-01	8.2352941176470584e-01	8.8235294117647056e-01	9.4117647058823528e-01	1.0000000000000000e+00	1.0000000000000000e+00	1.0000000000000000e+00	1.0000000000000000e+00
0.0000000000000000e+00	0.0000000000000000e+00	0.0000000000000000e+00	0.0000000000000000e+00	5.8823529411764705e-02	1.1764705882352941e-01	1.7647058823529413e-01	2.3529411764705882e-01	2.9411764705882354e-01	3.5294117647058826e-01	4.1176470588235292e-01	4.7058823529411764e-01	5.2941176470588236e-01	5.8823529411764708e-01	6.4705882352941180e-01	7.0588235294117652e-01	7.6470588235294112e-01	8.2352941176470584e-01	8.8235294117647056e-01	9.4117647058823528e-01	1.0000000000000000e+00	1.0000000000000000e+00	1.0000000000000000e+00	1.0000000000000000e+00

0	1.0000000000000000e+00	0.0000000000000000e+00	1.0000000000000000e+00
1	1.0294117647058822e+00	0.0000000000000000e+00	1.0000000000000000e+00
2	1.0882352941176472e+00	0.0000000000000000e+00	9.9999999999999989e-01
3	1.1764705882352942e+00	0.0000000000000000e+00	9.9999999999999978e-01
4	1.2647058823529411e+00	0.0000000000000000e+00	9.9999999999999989e-01
5	1.3529411764705881e+00	0.0000000000000000e+00	9.9999999999999978e-01
6	1.4411764705882353e+00	0.0000000000000000e+00	9.9999999999999989e-01
7	1.5294117647058822e+00	0.0000000000000000e+00	1.0000000000000000e+00
8	1.6176470588235294e+00	0.0000000000000000e+00	1.0000000000000000e+00
9	1.7058823529411764e+00	0.0000000000000000e+00	1.0000000000000000e+00
10	1.7941176470588234e+00	0.0000000000000000e+00	1.0000000000000000e+00
11	1.8823529411764708e+00	0.0000000000000000e+00	1.0000000000000000e+00
12	1.9705882352941178e+00	0.0000000000000000e+00	1.0000000000000000e+00
13	2.0588235294117645e+00	0.0000000000000000e+00	1.0000000000000000e+00
14	2.1470588235294117e+00	0.0000000000000000e+00	1.0000000000000000e+00
15	2.2352941176470589e+00	0.0000000000000000e+00	1.0000000000000000e+00
16	2.3235294117647056e+00	0.0000000000000000e+00	1.0000000000000000e+00
17	2.4117647058823528e+00	0.0000000000000000e+00	1.0000000000000000e+00
18	2.4705882352941178e+00	0.0000000000000000e+00	1.0000000000000000e+00
19	2.5000000000000000e+00	0.0000000000000000e+00	1.0000000000000000e+00
20	1.0000000000000000e+00	2.8051881849221205e-02	9.8851399141908025e-01
21	1.0294117647058822e+00	2.8876937197727708e-02	9.8851399141908025e-01
22	1.0882352941176472e+00	3.0527047894740728e-02	9.8851399141908014e-01
23	1.1764705882352942e+00	3.3002213940260240e-02	9.8851399141908003e-01
24	1.2647058823529411e+00	3.5477379985779760e-02	9.8851399141908014e-01
25	1.3529411764705883e+00	3.7952546031299279e-02	9.8851399141908003e-01
26	1.4411764705882353e+00	4.0427712076818799e-02	9.8851399141908014e-01
27	1.5294117647058822e+00	4.2902878122338318e-02	9.8851399141908025e-01
28	1.6176470588235294e+00	4.5378044167857838e-02	9.8851399141908025e-01
29	1.7058823529411766e+00	4.7853210213377358e-02	9.8851399141908025e-01
30	1.7941176470588234e+00	5.0328376258896877e-02	9.8851399141908025e-01
31	1.8823529411764708e+00	5.2803542304416397e-02	9.8851399141908025e-01
32	1.9705882352941178e+00	5.5278708349935916e-02	9.8851399141908025e-01
33	2.0588235294117645e+00	5.7753874395455422e-02	9.8851399141908025e-01
34	2.1470588235294117e+00	6.0229040440974942e-02	9.8851399141908025e-01
35	2.2352941176470584e+00	6.2704206486494468e-02	9.8851399141908025e-01
36	2.3235294117647056e+00	6.5179372532013974e-02	9.8851399141908025e-01
37	2.4117647058823528e+00	6.7654538577533493e-02	9.8851399141908025e-01
38	2.4705882352941182e+00	6.9304649274546506e-02	9.8851399141908025e-01
39	2.5000000000000004e+00	7.0129704623053013e-02	9.8851399141908025e-01
40	9.9761420919142418e-01	8.5049224911165011e-02	9.6689326938440789e-01
41	1.0269558035794071e+00	8.7550672702669849e-02	9.6689326938440789e-01
42	1.0856389923553733e+00	9.2553568285679594e-02	9.6689326938440778e-01
43	1.1736637755193227e+00	1.0005791166019413e-01	9.6689326938440767e-01
44	1.2616885586832716e+00	1.0756225503470868e-01	9.6689326938440778e-01
45	1.3497133418472209e+00	1.1506659840922327e-01	9.6689326938440756e-01
46	1.4377381250111700e+00	1.2257094178373783e-01	9.6689326938440778e-01
47	1.5257629081751189e+00	1.3007528515825240e-01	9.6689326938440789e-01
48	1.6137876913390685e+00	1.3757962853276695e-01	9.6689326938440789e-01
49	1.7018124745030176e+00	1.4508397190728153e-01	9.6689326938440789e-01
50	1.7898372576669668e+00	1.5258831528179609e-01	9.6689326938440789e-01
51	1.8778620408309161e+00	1.6009265865631064e-01	9.6689326938440789e-01
52	1.9658868239948655e+00	1.6759700203082520e-01	9.6689326938440789e-01
53	2.0539116071588142e+00	1.7510134540533973e-01	9.6689326938440789e-01
54	2.1419363903227637e+00	1.8260568877985431e-01	9.6689326938440789e-01
55	2.2299611734867129e+00	1.9011003215436886e-01	9.6689326938440789e-01
56	2.3179859566506620e+00	1.9761437552888342e-01	9.6689326938440789e-01
57	2.4060107398146107e+00	2.0511871890339795e-01	9.6689326938440789e-01
58	2.4646939285905769e+00	2.1012161448640770e-01	9.6689326938440789e-01
59	2.4940355229785602e+00	2.1262306227791253e-01	9.6689326938440789e-01
60	9.8648139515696109e-01	1.7167821234470554e-01	9.3851607171390017e-01
61	1.0154955538380481e+00	1.7672757153131449e-01	9.3851607171390017e-01
62	1.0735238712002224e+00	1.8682628990453248e-01	9.3851607171390017e-01
63	1.1605663472434837e+00	2.0197436746435943e-01	9.3851607171390017e-01
64	1.2476088232867451e+00	2.1712244502418640e-01	9.3851607171390006e-01
65	1.3346512993300064e+00	2.3227052258401332e-01	9.3851607171390006e-01
66	1.4216937753732675e+00	2.4741860014384032e-01	9.3851607171390006e-01
67	1.5087362514165288e+00	2.6256667770366732e-01	9.3851607171390017e-01
68	1.5957787274597901e+00	2.7771475526349426e-01	9.3851607171390017e-01
69	1.6828212035030514e+00	2.9286283282332121e-01	9.3851607171390017e-01
70	1.7698636795463125e+00	3.0801091038314815e-01	9.3851607171390028e-01
71	1.8569061555895743e+00	3.2315898794297510e-01	9.3851607171390028e-01
72	1.9439486316328354e+00	3.3830706550280210e-01	9.3851607171390017e-01
73	2.0309911076760963e+00	3.5345514306262904e-01	9.3851607171390017e-01
74	2.1180335837193578e+00	3.6860322062245598e-01	9.3851607171390017e-01
75	2.2050760597626193e+00	3.8375129818228293e-01	9.3851607171390017e-01
76	2.2921185358058804e+00	3.9889937574210987e-01	9.3851607171390017e-01
77	2.3791610118491420e+00	4.1404745330193682e-01	9.3851607171390017e-01
78	2.4371893292113160e+00	4.2414617167515484e-01	9.3851607171390017e-01
79	2.4662034878924035e+00	4.2919553086176382e-01	9.3851607171390017e-01
80	9.6719678025727251e-01	2.5940423119303857e-01	9.1419275942489386e-01
81	9.9564374438248626e-01	2.6703376740459850e-01	9.1419275942489386e-01
82	1.0525376726329141e+00	2.8229283982771841e-01	9.1419275942489386e-01
83	1.1378785650085559e+00	3.0518144846239825e-01	9.1419275942489386e-01
84	1.2232194573841977e+00	3.2807005709707815e-01	9.1419275942489375e-01
85	1.3085603497598393e+00	3.5095866573175805e-01	9.1419275942489375e-01
86	1.3939012421354811e+00	3.7384727436643794e-01	9.1419275942489375e-01
87	1.4792421345111229e+00	3.9673588300111778e-01	9.1419275942489386e-01
88	1.5645830268867644e+00	4.1962449163579779e-01	9.1419275942489386e-01
89	1.6499239192624064e+00	4.4251310027047763e-01	9.1419275942489386e-01
90	1.7352648116380478e+00	4.6540170890515753e-01	9.1419275942489386e-01
91	1.8206057040136898e+00	4.8829031753983737e-01	9.1419275942489386e-01
92	1.9059465963893312e+00	5.1117892617451721e-01	9.1419275942489386e-01
93	1.9912874887649725e+00	5.3406753480919711e-01	9.1419275942489386e-01
94	2.0766283811406145e+00	5.5695614344387689e-01	9.1419275942489386e-01
95	2.1619692735162563e+00	5.7984475207855701e-01	9.1419275942489386e-01
96	2.2473101658918981e+00	6.0273336071323669e-01	9.1419275942489386e-01
97	2.3326510582675395e+00	6.2562196934791658e-01	9.1419275942489386e-01
98	2.3895449865179677e+00	6.4088104177103644e-01	9.1419275942489386e-01
99	2.4179919506431817e+00	6.4851057798259659e-01	9.1419275942489386e-01
100	9.3935730583386701e-01	3.4712333514758997e-01	8.9392333251738854e-01
101	9.6698546188780410e-01	3.5733284500487189e-01	8.9392333251738854e-01
102	1.0222417739956788e+00	3.7775186471943617e-01	8.9392333251738842e-01
103	1.1051262421574908e+00	4.0838039429128231e-01	8.9392333251738831e-01
104	1.1880107103193025e+00	4.3900892386312845e-01	8.9392333251738831e-01
105	1.2708951784811142e+00	4.6963745343497459e-01	8.9392333251738831e-01
106	1.3537796466429262e+00	5.0026598300682079e-01	8.9392333251738831e-01
107	1.4366641148047377e+00	5.3089451257866693e-01	8.9392333251738854e-01
108	1.5195485829665494e+00	5.6152304215051307e-01	8.9392333251738854e-01
109	1.6024330511283613e+00	5.9215157172235933e-01	8.9392333251738854e-01
110	1.6853175192901730e+00	6.2278010129420547e-01	8.9392333251738854e-01
111	1.7682019874519850e+00	6.5340863086605161e-01	8.9392333251738854e-01
112	1.8510864556137969e+00	6.8403716043789775e-01	8.9392333251738854e-01
113	1.9339709237756082e+00	7.1466569000974400e-01	8.9392333251738854e-01
114	2.0168553919374204e+00	7.4529421958159003e-01	8.9392333251738854e-01
115	2.0997398600992323e+00	7.7592274915343640e-01	8.9392333251738854e-01
116	2.1826243282610438e+00	8.0655127872528254e-01	8.9392333251738854e-01
117	2.2655087964228553e+00	8.3717980829712857e-01	8.9392333251738854e-01
118	2.3207651085307304e+00	8.5759882801169274e-01	8.9392333251738854e-01
119	2.3483932645846672e+00	8.6780833786897471e-01	8.9392333251738854e-01
120	9.0275603264552662e-01	4.3361959554354029e-01	8.7770779099138430e-01
121	9.2930768066451253e-01	4.4637311305952676e-01	8.7770779099138430e-01
122	9.8241097670248478e-01	4.7188014809149986e-01	8.7770779099138418e-01
123	1.0620659207594429e+00	5.1014070063945915e-01	8.7770779099138418e-01
124	1.1417208648164014e+00	5.4840125318741872e-01	8.7770779099138407e-01
125	1.2213758088733593e+00	5.8666180573537807e-01	8.7770779099138407e-01
126	1.3010307529303178e+00	6.2492235828333775e-01	8.7770779099138407e-01
127	1.3806856969872761e+00	6.6318291083129699e-01	8.7770779099138430e-01
128	1.4603406410442341e+00	7.0144346337925634e-01	8.7770779099138430e-01
129	1.5399955851011924e+00	7.3970401592721602e-01	8.7770779099138430e-01
130	1.6196505291581504e+00	7.7796456847517537e-01	8.7770779099138430e-01
131	1.6993054732151087e+00	8.1622512102313471e-01	8.7770779099138430e-01
132	1.7789604172720668e+00	8.5448567357109417e-01	8.7770779099138430e-01
133	1.8586153613290251e+00	8.9274622611905385e-01	8.7770779099138430e-01
134	1.9382703053859833e+00	9.3100677866701309e-01	8.7770779099138430e-01
135	2.0179252494429418e+00	9.6926733121497266e-01	8.7770779099138430e-01
136	2.0975801934998999e+00	1.0075278837629320e+00	8.7770779099138430e-01
137	2.1772351375568579e+00	1.0457884363108914e+00	8.7770779099138430e-01
138	2.2303384335948304e+00	1.0712954713428644e+00	8.7770779099138430e-01
139	2.2568900816138164e+00	1.0840489888588509e+00	8.7770779099138430e-01
140	8.5741479680596122e-01	5.1760893872671043e-01	8.6554613484688103e-01
141	8.8263287906496024e-01	5.3283273104220186e-01	8.6554613484688103e-01
142	9.3306904358295784e-01	5.6328031567318482e-01	8.6554613484688103e-01
143	1.0087232903599546e+00	6.0895169261965931e-01	8.6554613484688103e-01
144	1.0843775371369513e+00	6.5462306956613370e-01	8.6554613484688092e-01
145	1.1600317839139476e+00	7.0029444651260797e-01	8.6554613484688092e-01
146	1.2356860306909445e+00	7.4596582345908269e-01	8.6554613484688092e-01
147	1.3113402774679408e+00	7.9163720040555707e-01	8.6554613484688103e-01
148	1.3869945242449373e+00	8.3730857735203168e-01	8.6554613484688103e-01
149	1.4626487710219342e+00	8.8297995429850595e-01	8.6554613484688103e-01
150	1.5383030177989303e+00	9.2865133124498045e-01	8.6554613484688114e-01
151	1.6139572645759270e+00	9.7432270819145472e-01	8.6554613484688114e-01
152	1.6896115113529240e+00	1.0199940851379294e+00	8.6554613484688103e-01
153	1.7652657581299205e+00	1.0656654620844037e+00	8.6554613484688103e-01
154	1.8409200049069170e+00	1.1113368390308782e+00	8.6554613484688103e-01
155	1.9165742516839137e+00	1.1570082159773529e+00	8.6554613484688103e-01
156	1.9922284984609102e+00	1.2026795929238272e+00	8.6554613484688103e-01
157	2.0678827452379065e+00	1.2483509698703015e+00	8.6554613484688103e-01
158	2.1183189097559048e+00	1.2787985545012843e+00	8.6554613484688103e-01
159	2.1435369920149032e+00	1.2940223468167762e+00	8.6554613484688103e-01
160	8.0360480994710703e-01	5.9779341215195214e-01	8.5743836408387897e-01
161	8.2724024553378661e-01	6.1537557133289189e-01	8.5743836408387897e-01
162	8.7451111670714576e-01	6.5053988969477139e-01	8.5743836408387897e-01
163	9.4541742346718483e-01	7.0328636723759075e-01	8.5743836408387886e-01
164	1.0163237302272237e+00	7.5603284478041000e-01	8.5743836408387886e-01
165	1.0872300369872623e+00	8.0877932232322935e-01	8.5743836408387886e-01
166	1.1581363437473013e+00	8.6152579986604860e-01	8.5743836408387886e-01
167	1.2290426505073402e+00	9.1427227740886796e-01	8.5743836408387897e-01
168	1.2999489572673792e+00	9.6701875495168721e-01	8.5743836408387897e-01
169	1.3708552640274179e+00	1.0197652324945068e+00	8.5743836408387897e-01
170	1.4417615707874567e+00	1.0725117100373258e+00	8.5743836408387897e-01
171	1.5126678775474958e+00	1.1252581875801453e+00	8.5743836408387897e-01
172	1.5835741843075344e+00	1.1780046651229648e+00	8.5743836408387897e-01
173	1.6544804910675732e+00	1.2307511426657838e+00	8.5743836408387897e-01
174	1.7253867978276118e+00	1.2834976202086030e+00	8.5743836408387897e-01
175	1.7962931045876509e+00	1.3362440977514223e+00	8.5743836408387897e-01
176	1.8671994113476897e+00	1.3889905752942420e+00	8.5743836408387897e-01
177	1.9381057181077284e+00	1.4417370528370608e+00	8.5743836408387897e-01
178	1.9853765892810880e+00	1.4769013711989407e+00	8.5743836408387897e-01
179	2.0090120248677676e+00	1.4944835303798805e+00	8.5743836408387897e-01
180	7.4185154504482520e-01	6.7292185288401929e-01	8.5338447870237788e-01
181	7.6367070813437876e-01	6.9271367208649037e-01	8.5338447870237788e-01
182	8.0730903431348611e-01	7.3229731049143265e-01	8.5338447870237788e-01
183	8.7276652358214712e-01	7.9167276809884601e-01	8.5338447870237788e-01
184	9.3822401285080825e-01	8.5104822570625960e-01	8.5338447870237777e-01
185	1.0036815021194692e+00	9.1042368331367296e-01	8.5338447870237777e-01
186	1.0691389913881302e+00	9.6979914092108666e-01	8.5338447870237777e-01
187	1.1345964806567912e+00	1.0291745985285001e+00	8.5338447870237788e-01
188	1.2000539699254522e+00	1.0885500561359136e+00	8.5338447870237788e-01
189	1.2655114591941137e+00	1.1479255137433271e+00	8.5338447870237788e-01
190	1.3309689484627742e+00	1.2073009713507403e+00	8.5338447870237799e-01
191	1.3964264377314355e+00	1.2666764289581540e+00	8.5338447870237799e-01
192	1.4618839270000965e+00	1.3260518865655675e+00	8.5338447870237788e-01
193	1.5273414162687575e+00	1.3854273441729807e+00	8.5338447870237788e-01
194	1.5927989055374183e+00	1.4448028017803944e+00	8.5338447870237788e-01
195	1.6582563948060796e+00	1.5041782593878079e+00	8.5338447870237788e-01
196	1.7237138840747408e+00	1.5635537169952214e+00	8.5338447870237788e-01
197	1.7891713733434016e+00	1.6229291746026344e+00	8.5338447870237788e-01
198	1.8328096995225092e+00	1.6625128130075770e+00	8.5338447870237788e-01
199	1.8546288626120626e+00	1.6823046322100483e+00	8.5338447870237788e-01
200	6.7292185288401918e-01	7.4185154504482520e-01	8.5338447870237788e-01
201	6.9271367208649037e-01	7.6367070813437876e-01	8.5338447870237788e-01
202	7.3229731049143265e-01	8.0730903431348622e-01	8.5338447870237777e-01
203	7.9167276809884612e-01	8.7276652358214712e-01	8.5338447870237777e-01
204	8.5104822570625960e-01	9.3822401285080814e-01	8.5338447870237777e-01
205	9.1042368331367296e-01	1.0036815021194689e+00	8.5338447870237777e-01
206	9.6979914092108643e-01	1.0691389913881304e+00	8.5338447870237777e-01
207	1.0291745985284999e+00	1.1345964806567912e+00	8.5338447870237788e-01
208	1.0885500561359132e+00	1.2000539699254522e+00	8.5338447870237788e-01
209	1.1479255137433269e+00	1.2655114591941137e+00	8.5338447870237788e-01
210	1.2073009713507399e+00	1.3309689484627742e+00	8.5338447870237810e-01
211	1.2666764289581536e+00	1.3964264377314353e+00	8.5338447870237810e-01
212	1.3260518865655673e+00	1.4618839270000965e+00	8.5338447870237788e-01
213	1.3854273441729807e+00	1.5273414162687577e+00	8.5338447870237788e-01
214	1.4448028017803942e+00	1.5927989055374185e+00	8.5338447870237788e-01
215	1.5041782593878075e+00	1.6582563948060798e+00	8.5338447870237788e-01
216	1.5635537169952212e+00	1.7237138840747406e+00	8.5338447870237788e-01
217	1.6229291746026342e+00	1.7891713733434016e+00	8.5338447870237788e-01
218	1.6625128130075770e+00	1.8328096995225092e+00	8.5338447870237788e-01
219	1.6823046322100481e+00	1.8546288626120626e+00	8.5338447870237788e-01
220	5.9779341215195214e-01	8.0360480994710703e-01	8.5743836408387897e-01
221	6.1537557133289189e-01	8.2724024553378672e-01	8.5743836408387897e-01
222	6.5053988969477139e-01	8.7451111670714587e-01	8.5743836408387897e-01
223	7.0328636723759064e-01	9.4541742346718483e-01	8.5743836408387897e-01
224	7.5603284478040989e-01	1.0163237302272234e+00	8.5743836408387897e-01
225	8.0877932232322924e-01	1.0872300369872623e+00	8.5743836408387897e-01
226	8.6152579986604849e-01	1.1581363437473013e+00	8.5743836408387897e-01
227	9.1427227740886807e-01	1.2290426505073402e+00	8.5743836408387897e-01
228	9.6701875495168721e-01	1.2999489572673792e+00	8.5743836408387897e-01
229	1.0197652324945066e+00	1.3708552640274183e+00	8.5743836408387897e-01
230	1.0725117100373258e+00	1.4417615707874565e+00	8.5743836408387908e-01
231	1.1252581875801453e+00	1.5126678775474955e+00	8.5743836408387908e-01
232	1.1780046651229645e+00	1.5835741843075346e+00	8.5743836408387897e-01
233	1.2307511426657838e+00	1.6544804910675734e+00	8.5743836408387897e-01
234	1.2834976202086030e+00	1.7253867978276125e+00	8.5743836408387897e-01
235	1.3362440977514223e+00	1.7962931045876513e+00	8.5743836408387897e-01
236	1.3889905752942417e+00	1.8671994113476902e+00	8.5743836408387897e-01
237	1.4417370528370610e+00	1.9381057181077286e+00	8.5743836408387897e-01
238	1.4769013711989407e+00	1.9853765892810884e+00	8.5743836408387897e-01
239	1.4944835303798805e+00	2.0090120248677681e+00	8.5743836408387897e-01
240	5.1760893872671021e-01	8.5741479680596144e-01	8.6554613484688114e-01
241	5.3283273104220175e-01	8.8263287906496024e-01	8.6554613484688114e-01
242	5.6328031567318471e-01	9.3306904358295795e-01	8.6554613484688114e-01
243	6.0895169261965909e-01	1.0087232903599546e+00	8.6554613484688114e-01
244	6.5462306956613370e-01	1.0843775371369513e+00	8.6554613484688092e-01
245	7.0029444651260808e-01	1.1600317839139476e+00	8.6554613484688092e-01
246	7.4596582345908258e-01	1.2356860306909445e+00	8.6554613484688092e-01
247	7.9163720040555685e-01	1.3113402774679406e+00	8.6554613484688114e-01
248	8.3730857735203135e-01	1.3869945242449375e+00	8.6554613484688114e-01
249	8.8297995429850573e-01	1.4626487710219342e+00	8.6554613484688114e-01
250	9.2865133124498001e-01	1.5383030177989307e+00	8.6554613484688114e-01
251	9.7432270819145461e-01	1.6139572645759275e+00	8.6554613484688114e-01
252	1.0199940851379290e+00	1.6896115113529240e+00	8.6554613484688114e-01
253	1.0656654620844035e+00	1.7652657581299205e+00	8.6554613484688114e-01
254	1.1113368390308778e+00	1.8409200049069168e+00	8.6554613484688114e-01
255	1.1570082159773523e+00	1.9165742516839139e+00	8.6554613484688114e-01
256	1.2026795929238268e+00	1.9922284984609104e+00	8.6554613484688114e-01
257	1.2483509698703015e+00	2.0678827452379065e+00	8.6554613484688114e-01
258	1.2787985545012843e+00	2.1183189097559048e+00	8.6554613484688114e-01
259	1.2940223468167757e+00	2.1435369920149037e+00	8.6554613484688114e-01
260	4.3361959554354029e-01	9.0275603264552673e-01	8.7770779099138430e-01
261	4.4637311305952687e-01	9.2930768066451275e-01	8.7770779099138430e-01
262	4.7188014809149981e-01	9.8241097670248489e-01	8.7770779099138418e-01
263	5.1014070063945927e-01	1.0620659207594432e+00	8.7770779099138418e-01
264	5.4840125318741872e-01	1.1417208648164014e+00	8.7770779099138418e-01
265	5.8666180573537807e-01	1.2213758088733595e+00	8.7770779099138418e-01
266	6.2492235828333753e-01	1.3010307529303178e+00	8.7770779099138418e-01
267	6.6318291083129699e-01	1.3806856969872761e+00	8.7770779099138430e-01
268	7.0144346337925634e-01	1.4603406410442343e+00	8.7770779099138430e-01
269	7.3970401592721591e-01	1.5399955851011926e+00	8.7770779099138430e-01
270	7.7796456847517526e-01	1.6196505291581507e+00	8.7770779099138441e-01
271	8.1622512102313483e-01	1.6993054732151089e+00	8.7770779099138441e-01
272	8.5448567357109417e-01	1.7789604172720674e+00	8.7770779099138430e-01
273	8.9274622611905374e-01	1.8586153613290255e+00	8.7770779099138430e-01
274	9.3100677866701298e-01	1.9382703053859838e+00	8.7770779099138430e-01
275	9.6926733121497255e-01	2.0179252494429423e+00	8.7770779099138430e-01
276	1.0075278837629320e+00	2.0975801934998999e+00	8.7770779099138430e-01
277	1.0457884363108914e+00	2.1772351375568584e+00	8.7770779099138430e-01
278	1.0712954713428644e+00	2.2303384335948309e+00	8.7770779099138430e-01
279	1.0840489888588509e+00	2.2568900816138169e+00	8.7770779099138430e-01
280	3.4712333514758986e-01	9.3935730583386701e-01	8.9392333251738854e-01
281	3.5733284500487200e-01	9.6698546188780432e-01	8.9392333251738854e-01
282	3.7775186471943606e-01	1.0222417739956788e+00	8.9392333251738854e-01
283	4.0838039429128220e-01	1.1051262421574906e+00	8.9392333251738854e-01
284	4.3900892386312845e-01	1.1880107103193025e+00	8.9392333251738842e-01
285	4.6963745343497465e-01	1.2708951784811142e+00	8.9392333251738831e-01
286	5.0026598300682079e-01	1.3537796466429262e+00	8.9392333251738842e-01
287	5.3089451257866693e-01	1.4366641148047379e+00	8.9392333251738854e-01
288	5.6152304215051307e-01	1.5195485829665496e+00	8.9392333251738854e-01
289	5.9215157172235933e-01	1.6024330511283615e+00	8.9392333251738854e-01
290	6.2278010129420525e-01	1.6853175192901733e+00	8.9392333251738865e-01
291	6.5340863086605161e-01	1.7682019874519850e+00	8.9392333251738865e-01
292	6.8403716043789764e-01	1.8510864556137971e+00	8.9392333251738854e-01
293	7.1466569000974400e-01	1.9339709237756086e+00	8.9392333251738854e-01
294	7.4529421958159003e-01	2.0168553919374204e+00	8.9392333251738854e-01
295	7.7592274915343629e-01	2.0997398600992323e+00	8.9392333251738854e-01
296	8.0655127872528243e-01	2.1826243282610438e+00	8.9392333251738854e-01
297	8.3717980829712857e-01	2.2655087964228557e+00	8.9392333251738854e-01
298	8.5759882801169274e-01	2.3207651085307308e+00	8.9392333251738854e-01
299	8.6780833786897471e-01	2.3483932645846677e+00	8.9392333251738854e-01
300	2.5940423119303857e-01	9.6719678025727251e-01	9.1419275942489397e-01
301	2.6703376740459861e-01	9.9564374438248648e-01	9.1419275942489397e-01
302	2.8229283982771852e-01	1.0525376726329143e+00	9.1419275942489386e-01
303	3.0518144846239836e-01	1.1378785650085559e+00	9.1419275942489386e-01
304	3.2807005709707832e-01	1.2232194573841977e+00	9.1419275942489375e-01
305	3.5095866573175821e-01	1.3085603497598393e+00	9.1419275942489375e-01
306	3.7384727436643811e-01	1.3939012421354813e+00	9.1419275942489375e-01
307	3.9673588300111789e-01	1.4792421345111226e+00	9.1419275942489397e-01
308	4.1962449163579779e-01	1.5645830268867644e+00	9.1419275942489397e-01
309	4.4251310027047769e-01	1.6499239192624062e+00	9.1419275942489397e-01
310	4.6540170890515753e-01	1.7352648116380478e+00	9.1419275942489397e-01
311	4.8829031753983737e-01	1.8206057040136896e+00	9.1419275942489397e-01
312	5.1117892617451721e-01	1.9059465963893314e+00	9.1419275942489397e-01
313	5.3406753480919722e-01	1.9912874887649730e+00	9.1419275942489397e-01
314	5.5695614344387701e-01	2.0766283811406145e+00	9.1419275942489397e-01
315	5.7984475207855701e-01	2.1619692735162559e+00	9.1419275942489397e-01
316	6.0273336071323669e-01	2.2473101658918981e+00	9.1419275942489397e-01
317	6.2562196934791670e-01	2.3326510582675395e+00	9.1419275942489397e-01
318	6.4088104177103655e-01	2.3895449865179677e+00	9.1419275942489397e-01
319	6.4851057798259659e-01	2.4179919506431813e+00	9.1419275942489397e-01
320	1.7167821234470554e-01	9.8648139515696109e-01	9.3851607171390028e-01
321	1.7672757153131449e-01	1.0154955538380481e+00	9.3851607171390028e-01
322	1.8682628990453246e-01	1.0735238712002224e+00	9.3851607171390028e-01
323	2.0197436746435946e-01	1.1605663472434835e+00	9.3851607171390028e-01
324	2.1712244502418643e-01	1.2476088232867448e+00	9.3851607171390017e-01
325	2.3227052258401340e-01	1.3346512993300059e+00	9.3851607171390017e-01
326	2.4741860014384032e-01	1.4216937753732675e+00	9.3851607171390017e-01
327	2.6256667770366732e-01	1.5087362514165286e+00	9.3851607171390028e-01
328	2.7771475526349421e-01	1.5957787274597899e+00	9.3851607171390028e-01
329	2.9286283282332126e-01	1.6828212035030516e+00	9.3851607171390028e-01
330	3.0801091038314810e-01	1.7698636795463123e+00	9.3851607171390039e-01
331	3.2315898794297504e-01	1.8569061555895738e+00	9.3851607171390039e-01
332	3.3830706550280204e-01	1.9439486316328352e+00	9.3851607171390028e-01
333	3.5345514306262898e-01	2.0309911076760963e+00	9.3851607171390028e-01
334	3.6860322062245593e-01	2.1180335837193573e+00	9.3851607171390028e-01
335	3.8375129818228298e-01	2.2050760597626189e+00	9.3851607171390028e-01
336	3.9889937574210987e-01	2.2921185358058804e+00	9.3851607171390028e-01
337	4.1404745330193687e-01	2.3791610118491415e+00	9.3851607171390028e-01
338	4.2414617167515484e-01	2.4371893292113156e+00	9.3851607171390028e-01
339	4.2919553086176382e-01	2.4662034878924031e+00	9.3851607171390028e-01
340	8.5049224911165025e-02	9.9761420919142418e-01	9.6689326938440789e-01
341	8.7550672702669877e-02	1.0269558035794071e+00	9.6689326938440789e-01
342	9.2553568285679580e-02	1.0856389923553733e+00	9.6689326938440778e-01
343	1.0005791166019416e-01	1.1736637755193227e+00	9.6689326938440767e-01
344	1.0756225503470870e-01	1.2616885586832713e+00	9.6689326938440778e-01
345	1.1506659840922329e-01	1.3497133418472207e+00	9.6689326938440767e-01
346	1.2257094178373783e-01	1.4377381250111700e+00	9.6689326938440778e-01
347	1.3007528515825242e-01	1.5257629081751192e+00	9.6689326938440789e-01
348	1.3757962853276695e-01	1.6137876913390683e+00	9.6689326938440789e-01
349	1.4508397190728153e-01	1.7018124745030179e+00	9.6689326938440789e-01
350	1.5258831528179606e-01	1.7898372576669668e+00	9.6689326938440789e-01
351	1.6009265865631064e-01	1.8778620408309163e+00	9.6689326938440789e-01
352	1.6759700203082517e-01	1.9658868239948655e+00	9.6689326938440789e-01
353	1.7510134540533975e-01	2.0539116071588142e+00	9.6689326938440789e-01
354	1.8260568877985428e-01	2.1419363903227637e+00	9.6689326938440789e-01
355	1.9011003215436886e-01	2.2299611734867129e+00	9.6689326938440789e-01
356	1.9761437552888342e-01	2.3179859566506620e+00	9.6689326938440789e-01
357	2.0511871890339800e-01	2.4060107398146111e+00	9.6689326938440789e-01
358	2.1012161448640770e-01	2.4646939285905773e+00	9.6689326938440789e-01
359	2.1262306227791253e-01	2.4940355229785602e+00	9.6689326938440789e-01
360	2.8051881849221208e-02	1.0000000000000000e+00	9.8851399141908025e-01
361	2.8876937197727711e-02	1.0294117647058822e+00	9.8851399141908025e-01
362	3.0527047894740731e-02	1.0882352941176472e+00	9.8851399141908014e-01
363	3.3002213940260247e-02	1.1764705882352942e+00	9.8851399141908003e-01
364	3.5477379985779767e-02	1.2647058823529411e+00	9.8851399141908014e-01
365	3.7952546031299286e-02	1.3529411764705883e+00	9.8851399141908003e-01
366	4.0427712076818799e-02	1.4411764705882353e+00	9.8851399141908014e-01
367	4.2902878122338318e-02	1.5294117647058822e+00	9.8851399141908025e-01
368	4.5378044167857831e-02	1.6176470588235297e+00	9.8851399141908025e-01
369	4.7853210213377358e-02	1.7058823529411766e+00	9.8851399141908025e-01
370	5.0328376258896870e-02	1.7941176470588234e+00	9.8851399141908025e-01
371	5.2803542304416390e-02	1.8823529411764708e+00	9.8851399141908025e-01
372	5.5278708349935909e-02	1.9705882352941178e+00	9.8851399141908025e-01
373	5.7753874395455422e-02	2.0588235294117645e+00	9.8851399141908025e-01
374	6.0229040440974942e-02	2.1470588235294117e+00	9.8851399141908025e-01
375	6.2704206486494468e-02	2.2352941176470584e+00	9.8851399141908025e-01
376	6.5179372532013974e-02	2.3235294117647056e+00	9.8851399141908025e-01
377	6.7654538577533507e-02	2.4117647058823528e+00	9.8851399141908025e-01
378	6.9304649274546506e-02	2.4705882352941182e+00	9.8851399141908025e-01
379	7.0129704623053013e-02	2.5000000000000004e+00	9.8851399141908025e-01
380	0.0000000000000000e+00	1.0000000000000000e+00	1.0000000000000000e+00
381	0.0000000000000000e+00	1.0294117647058822e+00	1.0000000000000000e+00
382	0.0000000000000000e+00	1.0882352941176472e+00	9.9999999999999989e-01
383	0.0000000000000000e+00	1.1764705882352942e+00	9.9999999999999978e-01
384	0.0000000000000000e+00	1.2647058823529411e+00	9.9999999999999989e-01
385	0.0000000000000000e+00	1.3529411764705881e+00	9.9999999999999978e-01
386	0.0000000000000000e+00	1.4411764705882353e+00	9.9999999999999989e-01
387	0.0000000000000000e+00	1.5294117647058822e+00	1.0000000000000000e+00
388	0.0000000000000000e+00	1.6176470588235294e+00	1.0000000000000000e+00
389	0.0000000000000000e+00	1.7058823529411764e+00	1.0000000000000000e+00
390	0.0000000000000000e+00	1.7941176470588234e+00	1.0000000000000000e+00
391	0.0000000000000000e+00	1.8823529411764708e+00	1.0000000000000000e+00
392	0.0000000000000000e+00	1.9705882352941178e+00	1.0000000000000000e+00
393	0.0000000000000000e+00	2.0588235294117645e+00	1.0000000000000000e+00
394	0.0000000000000000e+00	2.1470588235294117e+00	1.0000000000000000e+00
395	0.0000000000000000e+00	2.2352941176470589e+00	1.0000000000000000e+00
396	0.0000000000000000e+00	2.3235294117647056e+00	1.0000000000000000e+00
397	0.0000000000000000e+00	2.4117647058823528e+00	1.0000000000000000e+00
398	0.0000000000000000e+00	2.4705882352941178e+00	1.0000000000000000e+00
399	0.0000000000000000e+00	2.5000000000000000e+00	1.0000000000000000e+00

0   1   0.0
1   1   0.0
2   1   0.0
3   1   0.0
4   1   0.0
5   1   0.0
6   1   0.0
7   1   0.0
8   1   0.0
9   1   0.0
10  1   0.0
11  1   0.0
12  1   0.0
13  1   0.0
14  1   0.0
15  1   0.0
16  1   0.0
17  1   0.0
18  1   0.0
19  1   0.0
39  1   0.0
59  1   0.0
79  1   0.0
99  1   0.0
119 1   0.0
139 1   0.0
159 1   0.0
179 1   0.0
199 1   0.0
219 1   0.0
239 1   0.0
259 1   0.0
279 1   0.0
299 1   0.0
319 1   0.0
339 1   0.0
359 1   0.0
379 1   0.0
399 1   0.0
19  0   0.0
39  0   0.0
59  0   0.0
79  0   0.0
99  0   0.0
119 0   0.0
139 0   0.0
159 0   0.0
179 0   0.0
199 0   0.0
219 0   0.0
239 0   0.0
259 0   0.0
279 0   0.0
299 0   0.0
319 0   0.0
339 0   0.0
359 0   0.0
379 0   0.0
380 0   0.0
381 0   0.0
382 0   0.0
383 0   0.0
384 0   0.0
385 0   0.0
386 0   0.0
387 0   0.0
388 0   0.0
389 0   0.0
390 0   0.0
391 0   0.0
392 0   0.0
393 0   0.0
394 0   0.0
395 0   0.0
396 0   0.0
397 0   0.0
398 0   0.0
399 0   0.0