0	0.0000000000e+00	0.0000000000e+00	
1	1.2345679012e-01	0.0000000000e+00	
2	3.7037037037e-01	0.0000000000e+00	
3	7.4074074074e-01	0.0000000000e+00	
4	1.1111111111e+00	0.0000000000e+00	
5	1.4814814815e+00	0.0000000000e+00	
6	1.8518518519e+00	0.0000000000e+00	
7	2.2222222222e+00	0.0000000000e+00	
8	2.5925925926e+00	0.0000000000e+00	
9	2.9629629630e+00	0.0000000000e+00	
10	3.3333333333e+00	0.0000000000e+00	
11	3.7037037037e+00	0.0000000000e+00	
12	4.0740740741e+00	0.0000000000e+00	
13	4.4444444444e+00	0.0000000000e+00	
14	4.8148148148e+00	0.0000000000e+00	
15	5.1851851852e+00	0.0000000000e+00	
16	5.5555555556e+00	0.0000000000e+00	
17	5.9259259259e+00	0.0000000000e+00	
18	6.2962962963e+00	0.0000000000e+00	
19	6.6666666667e+00	0.0000000000e+00	
20	7.0370370370e+00	0.0000000000e+00	
21	7.4074074074e+00	0.0000000000e+00	
22	7.7777777778e+00	0.0000000000e+00	
23	8.1481481481e+00	0.0000000000e+00	
24	8.5185185185e+00	0.0000000000e+00	
25	8.8888888889e+00	0.0000000000e+00	
26	9.2592592593e+00	0.0000000000e+00	
27	9.6296296296e+00	0.0000000000e+00	
28	9.8765432099e+00	0.0000000000e+00	
29	1.0000000000e+01	0.0000000000e+00	
30	0.0000000000e+00	1.2345679012e-01	
31	1.2345679012e-01	1.2345679012e-01	
32	3.7037037037e-01	1.2345679012e-01	
33	7.4074074074e-01	1.2345679012e-01	
34	1.1111111111e+00	1.2345679012e-01	
35	1.4814814815e+00	1.2345679012e-01	
36	1.8518518519e+00	1.2345679012e-01	
37	2.2222222222e+00	1.2345679012e-01	
38	2.5925925926e+00	1.2345679012e-01	
39	2.9629629630e+00	1.2345679012e-01	
40	3.3333333333e+00	1.2345679012e-01	
41	3.7037037037e+00	1.2345679012e-01	
42	4.0740740741e+00	1.2345679012e-01	
43	4.4444444444e+00	1.2345679012e-01	
44	4.8148148148e+00	1.2345679012e-01	
45	5.1851851852e+00	1.2345679012e-01	
46	5.5555555556e+00	1.2345679012e-01	
47	5.9259259259e+00	1.2345679012e-01	
48	6.2962962963e+00	1.2345679012e-01	
49	6.6666666667e+00	1.2345679012e-01	
50	7.0370370370e+00	1.2345679012e-01	
51	7.4074074074e+00	1.2345679012e-01	
52	7.7777777778e+00	1.2345679012e-01	
53	8.1481481481e+00	1.2345679012e-01	
54	8.5185185185e+00	1.2345679012e-01	
55	8.8888888889e+00	1.2345679012e-01	
56	9.2592592593e+00	1.2345679012e-01	
57	9.6296296296e+00	1.2345679012e-01	
58	9.8765432099e+00	1.2345679012e-01	
59	1.0000000000e+01	1.2345679012e-01	
60	0.0000000000e+00	3.7037037037e-01	
61	1.2345679012e-01	3.7037037037e-01	
62	3.7037037037e-01	3.7037037037e-01	
63	7.4074074074e-01	3.7037037037e-01	
64	1.1111111111e+00	3.7037037037e-01	
65	1.4814814815e+00	3.7037037037e-01	
66	1.8518518519e+00	3.7037037037e-01	
67	2.2222222222e+00	3.7037037037e-01	
68	2.5925925926e+00	3.7037037037e-01	
69	2.9629629630e+00	3.7037037037e-01	
70	3.3333333333e+00	3.7037037037e-01	
71	3.7037037037e+00	3.7037037037e-01	
72	4.0740740741e+00	3.7037037037e-01	
73	4.4444444444e+00	3.7037037037e-01	
74	4.8148148148e+00	3.7037037037e-01	
75	5.1851851852e+00	3.7037037037e-01	
76	5.5555555556e+00	3.7037037037e-01	
77	5.9259259259e+00	3.7037037037e-01	
78	6.2962962963e+00	3.7037037037e-01	
79	6.6666666667e+00	3.7037037037e-01	
80	7.0370370370e+00	3.7037037037e-01	
81	7.4074074074e+00	3.7037037037e-01	
82	7.7777777778e+00	3.7037037037e-01	
83	8.1481481481e+00	3.7037037037e-01	
84	8.5185185185e+00	3.7037037037e-01	
85	8.8888888889e+00	3.7037037037e-01	
86	9.2592592593e+00	3.7037037037e-01	
87	9.6296296296e+00	3.7037037037e-01	
88	9.8765432099e+00	3.7037037037e-01	
89	1.0000000000e+01	3.7037037037e-01	
90	0.0000000000e+00	7.4074074074e-01	
91	1.2345679012e-01	7.4074074074e-01	
92	3.7037037037e-01	7.4074074074e-01	
93	7.4074074074e-01	7.4074074074e-01	
94	1.1111111111e+00	7.4074074074e-01	
95	1.4814814815e+00	7.4074074074e-01	
96	1.8518518519e+00	7.4074074074e-01	
97	2.2222222222e+00	7.4074074074e-01	
98	2.5925925926e+00	7.4074074074e-01	
99	2.9629629630e+00	7.4074074074e-01	
100	3.3333333333e+00	7.4074074074e-01	
101	3.7037037037e+00	7.4074074074e-01	
102	4.0740740741e+00	7.4074074074e-01	
103	4.4444444444e+00	7.4074074074e-01	
104	4.8148148148e+00	7.4074074074e-01	
105	5.1851851852e+00	7.4074074074e-01	
106	5.5555555556e+00	7.4074074074e-01	
107	5.9259259259e+00	7.4074074074e-01	
108	6.2962962963e+00	7.4074074074e-01	
109	6.6666666667e+00	7.4074074074e-01	
110	7.0370370370e+00	7.4074074074e-01	
111	7.4074074074e+00	7.4074074074e-01	
112	7.7777777778e+00	7.4074074074e-01	
113	8.1481481481e+00	7.4074074074e-01	
114	8.5185185185e+00	7.4074074074e-01	
115	8.8888888889e+00	7.4074074074e-01	
116	9.2592592593e+00	7.4074074074e-01	
117	9.6296296296e+00	7.4074074074e-01	
118	9.8765432099e+00	7.4074074074e-01	
119	1.0000000000e+01	7.4074074074e-01	
120	0.0000000000e+00	1.1111111111e+00	
121	1.2345679012e-01	1.1111111111e+00	
122	3.7037037037e-01	1.1111111111e+00	
123	7.4074074074e-01	1.1111111111e+00	
124	1.1111111111e+00	1.1111111111e+00	
125	1.4814814815e+00	1.1111111111e+00	
126	1.8518518519e+00	1.1111111111e+00	
127	2.2222222222e+00	1.1111111111e+00	
128	2.5925925926e+00	1.1111111111e+00	
129	2.9629629630e+00	1.1111111111e+00	
130	3.3333333333e+00	1.1111111111e+00	
131	3.7037037037e+00	1.1111111111e+00	
132	4.0740740741e+00	1.1111111111e+00	
133	4.4444444444e+00	1.1111111111e+00	
134	4.8148148148e+00	1.1111111111e+00	
135	5.1851851852e+00	1.1111111111e+00	
136	5.5555555556e+00	1.1111111111e+00	
137	5.9259259259e+00	1.1111111111e+00	
138	6.2962962963e+00	1.1111111111e+00	
139	6.6666666667e+00	1.1111111111e+00	
140	7.0370370370e+00	1.1111111111e+00	
141	7.4074074074e+00	1.1111111111e+00	
142	7.7777777778e+00	1.1111111111e+00	
143	8.1481481481e+00	1.1111111111e+00	
144	8.5185185185e+00	1.1111111111e+00	
145	8.8888888889e+00	1.1111111111e+00	
146	9.2592592593e+00	1.1111111111e+00	
147	9.6296296296e+00	1.1111111111e+00	
148	9.8765432099e+00	1.1111111111e+00	
149	1.0000000000e+01	1.1111111111e+00	
150	0.0000000000e+00	1.4814814815e+00	
151	1.2345679012e-01	1.4814814815e+00	
152	3.7037037037e-01	1.4814814815e+00	
153	7.4074074074e-01	1.4814814815e+00	
154	1.1111111111e+00	1.4814814815e+00	
155	1.4814814815e+00	1.4814814815e+00	
156	1.8518518519e+00	1.4814814815e+00	
157	2.2222222222e+00	1.4814814815e+00	
158	2.5925925926e+00	1.4814814815e+00	
159	2.9629629630e+00	1.4814814815e+00	
160	3.3333333333e+00	1.4814814815e+00	
161	3.7037037037e+00	1.4814814815e+00	
162	4.0740740741e+00	1.4814814815e+00	
163	4.4444444444e+00	1.4814814815e+00	
164	4.8148148148e+00	1.4814814815e+00	
165	5.1851851852e+00	1.4814814815e+00	
166	5.5555555556e+00	1.4814814815e+00	
167	5.9259259259e+00	1.4814814815e+00	
168	6.2962962963e+00	1.4814814815e+00	
169	6.6666666667e+00	1.4814814815e+00	
170	7.0370370370e+00	1.4814814815e+00	
171	7.4074074074e+00	1.4814814815e+00	
172	7.7777777778e+00	1.4814814815e+00	
173	8.1481481481e+00	1.4814814815e+00	
174	8.5185185185e+00	1.4814814815e+00	
175	8.8888888889e+00	1.4814814815e+00	
176	9.2592592593e+00	1.4814814815e+00	
177	9.6296296296e+00	1.4814814815e+00	
178	9.8765432099e+00	1.4814814815e+00	
179	1.0000000000e+01	1.4814814815e+00	
180	0.0000000000e+00	1.8518518519e+00	
181	1.2345679012e-01	1.8518518519e+00	
182	3.7037037037e-01	1.8518518519e+00	
183	7.4074074074e-01	1.8518518519e+00	
184	1.1111111111e+00	1.8518518519e+00	
185	1.4814814815e+00	1.8518518519e+00	
186	1.8518518519e+00	1.8518518519e+00	
187	2.2222222222e+00	1.8518518519e+00	
188	2.5925925926e+00	1.8518518519e+00	
189	2.9629629630e+00	1.8518518519e+00	
190	3.3333333333e+00	1.8518518519e+00	
191	3.7037037037e+00	1.8518518519e+00	
192	4.0740740741e+00	1.8518518519e+00	
193	4.4444444444e+00	1.8518518519e+00	
194	4.8148148148e+00	1.8518518519e+00	
195	5.1851851852e+00	1.8518518519e+00	
196	5.5555555556e+00	1.8518518519e+00	
197	5.9259259259e+00	1.8518518519e+00	
198	6.2962962963e+00	1.8518518519e+00	
199	6.6666666667e+00	1.8518518519e+00	
200	7.0370370370e+00	1.8518518519e+00	
201	7.4074074074e+00	1.8518518519e+00	
202	7.7777777778e+00	1.8518518519e+00	
203	8.1481481481e+00	1.8518518519e+00	
204	8.5185185185e+00	1.8518518519e+00	
205	8.8888888889e+00	1.8518518519e+00	
206	9.2592592593e+00	1.8518518519e+00	
207	9.6296296296e+00	1.8518518519e+00	
208	9.8765432099e+00	1.8518518519e+00	
209	1.0000000000e+01	1.8518518519e+00	
210	0.0000000000e+00	2.2222222222e+00	
211	1.2345679012e-01	2.2222222222e+00	
212	3.7037037037e-01	2.2222222222e+00	
213	7.4074074074e-01	2.2222222222e+00	
214	1.1111111111e+00	2.2222222222e+00	
215	1.4814814815e+00	2.2222222222e+00	
216	1.8518518519e+00	2.2222222222e+00	
217	2.2222222222e+00	2.2222222222e+00	
218	2.5925925926e+00	2.2222222222e+00	
219	2.9629629630e+00	2.2222222222e+00	
220	3.3333333333e+00	2.2222222222e+00	
221	3.7037037037e+00	2.2222222222e+00	
222	4.0740740741e+00	2.2222222222e+00	
223	4.4444444444e+00	2.2222222222e+00	
224	4.8148148148e+00	2.2222222222e+00	
225	5.1851851852e+00	2.2222222222e+00	
226	5.5555555556e+00	2.2222222222e+00	
227	5.9259259259e+00	2.2222222222e+00	
228	6.2962962963e+00	2.2222222222e+00	
229	6.6666666667e+00	2.2222222222e+00	
230	7.0370370370e+00	2.2222222222e+00	
231	7.4074074074e+00	2.2222222222e+00	
232	7.7777777778e+00	2.2222222222e+00	
233	8.1481481481e+00	2.2222222222e+00	
234	8.5185185185e+00	2.2222222222e+00	
235	8.8888888889e+00	2.2222222222e+00	
236	9.2592592593e+00	2.2222222222e+00	
237	9.6296296296e+00	2.2222222222e+00	
238	9.8765432099e+00	2.2222222222e+00	
239	1.0000000000e+01	2.2222222222e+00	
240	0.0000000000e+00	2.5925925926e+00	
241	1.2345679012e-01	2.5925925926e+00	
242	3.7037037037e-01	2.5925925926e+00	
243	7.4074074074e-01	2.5925925926e+00	
244	1.1111111111e+00	2.5925925926e+00	
245	1.4814814815e+00	2.5925925926e+00	
246	1.8518518519e+00	2.5925925926e+00	
247	2.2222222222e+00	2.5925925926e+00	
248	2.5925925926e+00	2.5925925926e+00	
249	2.9629629630e+00	2.5925925926e+00	
250	3.3333333333e+00	2.5925925926e+00	
251	3.7037037037e+00	2.5925925926e+00	
252	4.0740740741e+00	2.5925925926e+00	
253	4.4444444444e+00	2.5925925926e+00	
254	4.8148148148e+00	2.5925925926e+00	
255	5.1851851852e+00	2.5925925926e+00	
256	5.5555555556e+00	2.5925925926e+00	
257	5.9259259259e+00	2.5925925926e+00	
258	6.2962962963e+00	2.5925925926e+00	
259	6.6666666667e+00	2.5925925926e+00	
260	7.0370370370e+00	2.5925925926e+00	
261	7.4074074074e+00	2.5925925926e+00	
262	7.7777777778e+00	2.5925925926e+00	
263	8.1481481481e+00	2.5925925926e+00	
264	8.5185185185e+00	2.5925925926e+00	
265	8.8888888889e+00	2.5925925926e+00	
266	9.2592592593e+00	2.5925925926e+00	
267	9.6296296296e+00	2.5925925926e+00	
268	9.8765432099e+00	2.5925925926e+00	
269	1.0000000000e+01	2.5925925926e+00	
270	0.0000000000e+00	2.9629629630e+00	
271	1.2345679012e-01	2.9629629630e+00	
272	3.7037037037e-01	2.9629629630e+00	
273	7.4074074074e-01	2.9629629630e+00	
274	1.1111111111e+00	2.9629629630e+00	
275	1.4814814815e+00	2.9629629630e+00	
276	1.8518518519e+00	2.9629629630e+00	
277	2.2222222222e+00	2.9629629630e+00	
278	2.5925925926e+00	2.9629629630e+00	
279	2.9629629630e+00	2.9629629630e+00	
280	3.3333333333e+00	2.9629629630e+00	
281	3.7037037037e+00	2.9629629630e+00	
282	4.0740740741e+00	2.9629629630e+00	
283	4.4444444444e+00	2.9629629630e+00	
284	4.8148148148e+00	2.9629629630e+00	
285	5.1851851852e+00	2.9629629630e+00	
286	5.5555555556e+00	2.9629629630e+00	
287	5.9259259259e+00	2.9629629630e+00	
288	6.2962962963e+00	2.9629629630e+00	
289	6.6666666667e+00	2.9629629630e+00	
290	7.0370370370e+00	2.9629629630e+00	
291	7.4074074074e+00	2.9629629630e+00	
292	7.7777777778e+00	2.9629629630e+00	
293	8.1481481481e+00	2.9629629630e+00	
294	8.5185185185e+00	2.9629629630e+00	
295	8.8888888889e+00	2.9629629630e+00	
296	9.2592592593e+00	2.9629629630e+00	
297	9.6296296296e+00	2.9629629630e+00	
298	9.8765432099e+00	2.9629629630e+00	
299	1.0000000000e+01	2.9629629630e+00	
300	0.0000000000e+00	3.3333333333e+00	
301	1.2345679012e-01	3.3333333333e+00	
302	3.7037037037e-01	3.3333333333e+00	
303	7.4074074074e-01	3.3333333333e+00	
304	1.1111111111e+00	3.3333333333e+00	
305	1.4814814815e+00	3.3333333333e+00	
306	1.8518518519e+00	3.3333333333e+00	
307	2.2222222222e+00	3.3333333333e+00	
308	2.5925925926e+00	3.3333333333e+00	
309	2.9629629630e+00	3.3333333333e+00	
310	3.3333333333e+00	3.3333333333e+00	
311	3.7037037037e+00	3.3333333333e+00	
312	4.0740740741e+00	3.3333333333e+00	
313	4.4444444444e+00	3.3333333333e+00	
314	4.8148148148e+00	3.3333333333e+00	
315	5.1851851852e+00	3.3333333333e+00	
316	5.5555555556e+00	3.3333333333e+00	
317	5.9259259259e+00	3.3333333333e+00	
318	6.2962962963e+00	3.3333333333e+00	
319	6.6666666667e+00	3.3333333333e+00	
320	7.0370370370e+00	3.3333333333e+00	
321	7.4074074074e+00	3.3333333333e+00	
322	7.7777777778e+00	3.3333333333e+00	
323	8.1481481481e+00	3.3333333333e+00	
324	8.5185185185e+00	3.3333333333e+00	
325	8.8888888889e+00	3.3333333333e+00	
326	9.2592592593e+00	3.3333333333e+00	
327	9.6296296296e+00	3.3333333333e+00	
328	9.8765432099e+00	3.3333333333e+00	
329	1.0000000000e+01	3.3333333333e+00	
330	0.0000000000e+00	3.7037037037e+00	
331	1.2345679012e-01	3.7037037037e+00	
332	3.7037037037e-01	3.7037037037e+00	
333	7.4074074074e-01	3.7037037037e+00	
334	1.1111111111e+00	3.7037037037e+00	
335	1.4814814815e+00	3.7037037037e+00	
336	1.8518518519e+00	3.7037037037e+00	
337	2.2222222222e+00	3.7037037037e+00	
338	2.5925925926e+00	3.7037037037e+00	
339	2.9629629630e+00	3.7037037037e+00	
340	3.3333333333e+00	3.7037037037e+00	
341	3.7037037037e+00	3.7037037037e+00	
342	4.0740740741e+00	3.7037037037e+00	
343	4.4444444444e+00	3.7037037037e+00	
344	4.8148148148e+00	3.7037037037e+00	
345	5.1851851852e+00	3.7037037037e+00	
346	5.5555555556e+00	3.7037037037e+00	
347	5.9259259259e+00	3.7037037037e+00	
348	6.2962962963e+00	3.7037037037e+00	
349	6.6666666667e+00	3.7037037037e+00	
350	7.0370370370e+00	3.7037037037e+00	
351	7.4074074074e+00	3.7037037037e+00	
352	7.7777777778e+00	3.7037037037e+00	
353	8.1481481481e+00	3.7037037037e+00	
354	8.5185185185e+00	3.7037037037e+00	
355	8.8888888889e+00	3.7037037037e+00	
356	9.2592592593e+00	3.7037037037e+00	
357	9.6296296296e+00	3.7037037037e+00	
358	9.8765432099e+00	3.7037037037e+00	
359	1.0000000000e+01	3.7037037037e+00	
360	0.0000000000e+00	4.0740740741e+00	
361	1.2345679012e-01	4.0740740741e+00	
362	3.7037037037e-01	4.0740740741e+00	
363	7.4074074074e-01	4.0740740741e+00	
364	1.1111111111e+00	4.0740740741e+00	
365	1.4814814815e+00	4.0740740741e+00	
366	1.8518518519e+00	4.0740740741e+00	
367	2.2222222222e+00	4.0740740741e+00	
368	2.5925925926e+00	4.0740740741e+00	
369	2.9629629630e+00	4.0740740741e+00	
370	3.3333333333e+00	4.0740740741e+00	
371	3.7037037037e+00	4.0740740741e+00	
372	4.0740740741e+00	4.0740740741e+00	
373	4.4444444444e+00	4.0740740741e+00	
374	4.8148148148e+00	4.0740740741e+00	
375	5.1851851852e+00	4.0740740741e+00	
376	5.5555555556e+00	4.0740740741e+00	
377	5.9259259259e+00	4.0740740741e+00	
378	6.2962962963e+00	4.0740740741e+00	
379	6.6666666667e+00	4.0740740741e+00	
380	7.0370370370e+00	4.0740740741e+00	
381	7.4074074074e+00	4.0740740741e+00	
382	7.7777777778e+00	4.0740740741e+00	
383	8.1481481481e+00	4.0740740741e+00	
384	8.5185185185e+00	4.0740740741e+00	
385	8.8888888889e+00	4.0740740741e+00	
386	9.2592592593e+00	4.0740740741e+00	
387	9.6296296296e+00	4.0740740741e+00	
388	9.8765432099e+00	4.0740740741e+00	
389	1.0000000000e+01	4.0740740741e+00	
390	0.0000000000e+00	4.4444444444e+00	
391	1.2345679012e-01	4.4444444444e+00	
392	3.7037037037e-01	4.4444444444e+00	
393	7.4074074074e-01	4.4444444444e+00	
394	1.1111111111e+00	4.4444444444e+00	
395	1.4814814815e+00	4.4444444444e+00	
396	1.8518518519e+00	4.4444444444e+00	
397	2.2222222222e+00	4.4444444444e+00	
398	2.5925925926e+00	4.4444444444e+00	
399	2.9629629630e+00	4.4444444444e+00	
400	3.3333333333e+00	4.4444444444e+00	
401	3.7037037037e+00	4.4444444444e+00	
402	4.0740740741e+00	4.4444444444e+00	
403	4.4444444444e+00	4.4444444444e+00	
404	4.8148148148e+00	4.4444444444e+00	
405	5.1851851852e+00	4.4444444444e+00	
406	5.5555555556e+00	4.4444444444e+00	
407	5.9259259259e+00	4.4444444444e+00	
408	6.2962962963e+00	4.4444444444e+00	
409	6.6666666667e+00	4.4444444444e+00	
410	7.0370370370e+00	4.4444444444e+00	
411	7.4074074074e+00	4.4444444444e+00	
412	7.7777777778e+00	4.4444444444e+00	
413	8.1481481481e+00	4.4444444444e+00	
414	8.5185185185e+00	4.4444444444e+00	
415	8.8888888889e+00	4.4444444444e+00	
416	9.2592592593e+00	4.4444444444e+00	
417	9.6296296296e+00	4.4444444444e+00	
418	9.8765432099e+00	4.4444444444e+00	
419	1.0000000000e+01	4.4444444444e+00	
420	0.0000000000e+00	4.8148148148e+00	
421	1.2345679012e-01	4.8148148148e+00	
422	3.7037037037e-01	4.8148148148e+00	
423	7.4074074074e-01	4.8148148148e+00	
424	1.1111111111e+00	4.8148148148e+00	
425	1.4814814815e+00	4.8148148148e+00	
426	1.8518518519e+00	4.8148148148e+00	
427	2.2222222222e+00	4.8148148148e+00	
428	2.5925925926e+00	4.8148148148e+00	
429	2.9629629630e+00	4.8148148148e+00	
430	3.3333333333e+00	4.8148148148e+00	
431	3.7037037037e+00	4.8148148148e+00	
432	4.0740740741e+00	4.8148148148e+00	
433	4.4444444444e+00	4.8148148148e+00	
434	4.8148148148e+00	4.8148148148e+00	
435	5.1851851852e+00	4.8148148148e+00	
436	5.5555555556e+00	4.8148148148e+00	
437	5.9259259259e+00	4.8148148148e+00	
438	6.2962962963e+00	4.8148148148e+00	
439	6.6666666667e+00	4.8148148148e+00	
440	7.0370370370e+00	4.8148148148e+00	
441	7.4074074074e+00	4.8148148148e+00	
442	7.7777777778e+00	4.8148148148e+00	
443	8.1481481481e+00	4.8148148148e+00	
444	8.5185185185e+00	4.8148148148e+00	
445	8.8888888889e+00	4.8148148148e+00	
446	9.2592592593e+00	4.8148148148e+00	
447	9.6296296296e+00	4.8148148148e+00	
448	9.8765432099e+00	4.8148148148e+00	
449	1.0000000000e+01	4.8148148148e+00	
450	0.0000000000e+00	5.1851851852e+00	
451	1.2345679012e-01	5.1851851852e+00	
452	3.7037037037e-01	5.1851851852e+00	
453	7.4074074074e-01	5.1851851852e+00	
454	1.1111111111e+00	5.1851851852e+00	
455	1.4814814815e+00	5.1851851852e+00	
456	1.8518518519e+00	5.1851851852e+00	
457	2.2222222222e+00	5.1851851852e+00	
458	2.5925925926e+00	5.1851851852e+00	
459	2.9629629630e+00	5.1851851852e+00	
460	3.3333333333e+00	5.1851851852e+00	
461	3.7037037037e+00	5.1851851852e+00	
462	4.0740740741e+00	5.1851851852e+00	
463	4.4444444444e+00	5.1851851852e+00	
464	4.8148148148e+00	5.1851851852e+00	
465	5.1851851852e+00	5.1851851852e+00	
466	5.5555555556e+00	5.1851851852e+00	
467	5.9259259259e+00	5.1851851852e+00	
468	6.2962962963e+00	5.1851851852e+00	
469	6.6666666667e+00	5.1851851852e+00	
470	7.0370370370e+00	5.1851851852e+00	
471	7.4074074074e+00	5.1851851852e+00	
472	7.7777777778e+00	5.1851851852e+00	
473	8.1481481481e+00	5.1851851852e+00	
474	8.5185185185e+00	5.1851851852e+00	
475	8.8888888889e+00	5.1851851852e+00	
476	9.2592592593e+00	5.1851851852e+00	
477	9.6296296296e+00	5.1851851852e+00	
478	9.8765432099e+00	5.1851851852e+00	
479	1.0000000000e+01	5.1851851852e+00	
480	0.0000000000e+00	5.5555555556e+00	
481	1.2345679012e-01	5.5555555556e+00	
482	3.7037037037e-01	5.5555555556e+00	
483	7.4074074074e-01	5.5555555556e+00	
484	1.1111111111e+00	5.5555555556e+00	
485	1.4814814815e+00	5.5555555556e+00	
486	1.8518518519e+00	5.5555555556e+00	
487	2.2222222222e+00	5.5555555556e+00	
488	2.5925925926e+00	5.5555555556e+00	
489	2.9629629630e+00	5.5555555556e+00	
490	3.3333333333e+00	5.5555555556e+00	
491	3.7037037037e+00	5.5555555556e+00	
492	4.0740740741e+00	5.5555555556e+00	
493	4.4444444444e+00	5.5555555556e+00	
494	4.8148148148e+00	5.5555555556e+00	
495	5.1851851852e+00	5.5555555556e+00	
496	5.5555555556e+00	5.5555555556e+00	
497	5.9259259259e+00	5.5555555556e+00	
498	6.2962962963e+00	5.5555555556e+00	
499	6.6666666667e+00	5.5555555556e+00	
500	7.0370370370e+00	5.5555555556e+00	
501	7.4074074074e+00	5.5555555556e+00	
502	7.7777777778e+00	5.5555555556e+00	
503	8.1481481481e+00	5.5555555556e+00	
504	8.5185185185e+00	5.5555555556e+00	
505	8.8888888889e+00	5.5555555556e+00	
506	9.2592592593e+00	5.5555555556e+00	
507	9.6296296296e+00	5.5555555556e+00	
508	9.8765432099e+00	5.5555555556e+00	
509	1.0000000000e+01	5.5555555556e+00	
510	0.0000000000e+00	5.9259259259e+00	
511	1.2345679012e-01	5.9259259259e+00	
512	3.7037037037e-01	5.9259259259e+00	
513	7.4074074074e-01	5.9259259259e+00	
514	1.1111111111e+00	5.9259259259e+00	
515	1.4814814815e+00	5.9259259259e+00	
516	1.8518518519e+00	5.9259259259e+00	
517	2.2222222222e+00	5.9259259259e+00	
518	2.5925925926e+00	5.9259259259e+00	
519	2.9629629630e+00	5.9259259259e+00	
520	3.3333333333e+00	5.9259259259e+00	
521	3.7037037037e+00	5.9259259259e+00	
522	4.0740740741e+00	5.9259259259e+00	
523	4.4444444444e+00	5.9259259259e+00	
524	4.8148148148e+00	5.9259259259e+00	
525	5.1851851852e+00	5.9259259259e+00	
526	5.5555555556e+00	5.9259259259e+00	
527	5.9259259259e+00	5.9259259259e+00	
528	6.2962962963e+00	5.9259259259e+00	
529	6.6666666667e+00	5.9259259259e+00	
530	7.0370370370e+00	5.9259259259e+00	
531	7.4074074074e+00	5.9259259259e+00	
532	7.7777777778e+00	5.9259259259e+00	
533	8.1481481481e+00	5.9259259259e+00	
534	8.5185185185e+00	5.9259259259e+00	
535	8.8888888889e+00	5.9259259259e+00	
536	9.2592592593e+00	5.9259259259e+00	
537	9.6296296296e+00	5.9259259259e+00	
538	9.8765432099e+00	5.9259259259e+00	
539	1.0000000000e+01	5.9259259259e+00	
540	0.0000000000e+00	6.2962962963e+00	
541	1.2345679012e-01	6.2962962963e+00	
542	3.7037037037e-01	6.2962962963e+00	
543	7.4074074074e-01	6.2962962963e+00	
544	1.1111111111e+00	6.2962962963e+00	
545	1.4814814815e+00	6.2962962963e+00	
546	1.8518518519e+00	6.2962962963e+00	
547	2.2222222222e+00	6.2962962963e+00	
548	2.5925925926e+00	6.2962962963e+00	
549	2.9629629630e+00	6.2962962963e+00	
550	3.3333333333e+00	6.2962962963e+00	
551	3.7037037037e+00	6.2962962963e+00	
552	4.0740740741e+00	6.2962962963e+00	
553	4.4444444444e+00	6.2962962963e+00	
554	4.8148148148e+00	6.2962962963e+00	
555	5.1851851852e+00	6.2962962963e+00	
556	5.5555555556e+00	6.2962962963e+00	
557	5.9259259259e+00	6.2962962963e+00	
558	6.2962962963e+00	6.2962962963e+00	
559	6.6666666667e+00	6.2962962963e+00	
560	7.0370370370e+00	6.2962962963e+00	
561	7.4074074074e+00	6.2962962963e+00	
562	7.7777777778e+00	6.2962962963e+00	
563	8.1481481481e+00	6.2962962963e+00	
564	8.5185185185e+00	6.2962962963e+00	
565	8.8888888889e+00	6.2962962963e+00	
566	9.2592592593e+00	6.2962962963e+00	
567	9.6296296296e+00	6.2962962963e+00	
568	9.8765432099e+00	6.2962962963e+00	
569	1.0000000000e+01	6.2962962963e+00	
570	0.0000000000e+00	6.6666666667e+00	
571	1.2345679012e-01	6.6666666667e+00	
572	3.7037037037e-01	6.6666666667e+00	
573	7.4074074074e-01	6.6666666667e+00	
574	1.1111111111e+00	6.6666666667e+00	
575	1.4814814815e+00	6.6666666667e+00	
576	1.8518518519e+00	6.6666666667e+00	
577	2.2222222222e+00	6.6666666667e+00	
578	2.5925925926e+00	6.6666666667e+00	
579	2.9629629630e+00	6.6666666667e+00	
580	3.3333333333e+00	6.6666666667e+00	
581	3.7037037037e+00	6.6666666667e+00	
582	4.0740740741e+00	6.6666666667e+00	
583	4.4444444444e+00	6.6666666667e+00	
584	4.8148148148e+00	6.6666666667e+00	
585	5.1851851852e+00	6.6666666667e+00	
586	5.5555555556e+00	6.6666666667e+00	
587	5.9259259259e+00	6.6666666667e+00	
588	6.2962962963e+00	6.6666666667e+00	
589	6.6666666667e+00	6.6666666667e+00	
590	7.0370370370e+00	6.6666666667e+00	
591	7.4074074074e+00	6.6666666667e+00	
592	7.7777777778e+00	6.6666666667e+00	
593	8.1481481481e+00	6.6666666667e+00	
594	8.5185185185e+00	6.6666666667e+00	
595	8.8888888889e+00	6.6666666667e+00	
596	9.2592592593e+00	6.6666666667e+00	
597	9.6296296296e+00	6.6666666667e+00	
598	9.8765432099e+00	6.6666666667e+00	
599	1.0000000000e+01	6.6666666667e+00	
600	0.0000000000e+00	7.0370370370e+00	
601	1.2345679012e-01	7.0370370370e+00	
602	3.7037037037e-01	7.0370370370e+00	
603	7.4074074074e-01	7.0370370370e+00	
604	1.1111111111e+00	7.0370370370e+00	
605	1.4814814815e+00	7.0370370370e+00	
606	1.8518518519e+00	7.0370370370e+00	
607	2.2222222222e+00	7.0370370370e+00	
608	2.5925925926e+00	7.0370370370e+00	
609	2.9629629630e+00	7.0370370370e+00	
610	3.3333333333e+00	7.0370370370e+00	
611	3.7037037037e+00	7.0370370370e+00	
612	4.0740740741e+00	7.0370370370e+00	
613	4.4444444444e+00	7.0370370370e+00	
614	4.8148148148e+00	7.0370370370e+00	
615	5.1851851852e+00	7.0370370370e+00	
616	5.5555555556e+00	7.0370370370e+00	
617	5.9259259259e+00	7.0370370370e+00	
618	6.2962962963e+00	7.0370370370e+00	
619	6.6666666667e+00	7.0370370370e+00	
620	7.0370370370e+00	7.0370370370e+00	
621	7.4074074074e+00	7.0370370370e+00	
622	7.7777777778e+00	7.0370370370e+00	
623	8.1481481481e+00	7.0370370370e+00	
624	8.5185185185e+00	7.0370370370e+00	
625	8.8888888889e+00	7.0370370370e+00	
626	9.2592592593e+00	7.0370370370e+00	
627	9.6296296296e+00	7.0370370370e+00	
628	9.8765432099e+00	7.0370370370e+00	
629	1.0000000000e+01	7.0370370370e+00	
630	0.0000000000e+00	7.4074074074e+00	
631	1.2345679012e-01	7.4074074074e+00	
632	3.7037037037e-01	7.4074074074e+00	
633	7.4074074074e-01	7.4074074074e+00	
634	1.1111111111e+00	7.4074074074e+00	
635	1.4814814815e+00	7.4074074074e+00	
636	1.8518518519e+00	7.4074074074e+00	
637	2.2222222222e+00	7.4074074074e+00	
638	2.5925925926e+00	7.4074074074e+00	
639	2.9629629630e+00	7.4074074074e+00	
640	3.3333333333e+00	7.4074074074e+00	
641	3.7037037037e+00	7.4074074074e+00	
642	4.0740740741e+00	7.4074074074e+00	
643	4.4444444444e+00	7.4074074074e+00	
644	4.8148148148e+00	7.4074074074e+00	
645	5.1851851852e+00	7.4074074074e+00	
646	5.5555555556e+00	7.4074074074e+00	
647	5.9259259259e+00	7.4074074074e+00	
648	6.2962962963e+00	7.4074074074e+00	
649	6.6666666667e+00	7.4074074074e+00	
650	7.0370370370e+00	7.4074074074e+00	
651	7.4074074074e+00	7.4074074074e+00	
652	7.7777777778e+00	7.4074074074e+00	
653	8.1481481481e+00	7.4074074074e+00	
654	8.5185185185e+00	7.4074074074e+00	
655	8.8888888889e+00	7.4074074074e+00	
656	9.2592592593e+00	7.4074074074e+00	
657	9.6296296296e+00	7.4074074074e+00	
658	9.8765432099e+00	7.4074074074e+00	
659	1.0000000000e+01	7.4074074074e+00	
660	0.0000000000e+00	7.7777777778e+00	
661	1.2345679012e-01	7.7777777778e+00	
662	3.7037037037e-01	7.7777777778e+00	
663	7.4074074074e-01	7.7777777778e+00	
664	1.1111111111e+00	7.7777777778e+00	
665	1.4814814815e+00	7.7777777778e+00	
666	1.8518518519e+00	7.7777777778e+00	
667	2.2222222222e+00	7.7777777778e+00	
668	2.5925925926e+00	7.7777777778e+00	
669	2.9629629630e+00	7.7777777778e+00	
670	3.3333333333e+00	7.7777777778e+00	
671	3.7037037037e+00	7.7777777778e+00	
672	4.0740740741e+00	7.7777777778e+00	
673	4.4444444444e+00	7.7777777778e+00	
674	4.8148148148e+00	7.7777777778e+00	
675	5.1851851852e+00	7.7777777778e+00	
676	5.5555555556e+00	7.7777777778e+00	
677	5.9259259259e+00	7.7777777778e+00	
678	6.2962962963e+00	7.7777777778e+00	
679	6.6666666667e+00	7.7777777778e+00	
680	7.0370370370e+00	7.7777777778e+00	
681	7.4074074074e+00	7.7777777778e+00	
682	7.7777777778e+00	7.7777777778e+00	
683	8.1481481481e+00	7.7777777778e+00	
684	8.5185185185e+00	7.7777777778e+00	
685	8.8888888889e+00	7.7777777778e+00	
686	9.2592592593e+00	7.7777777778e+00	
687	9.6296296296e+00	7.7777777778e+00	
688	9.8765432099e+00	7.7777777778e+00	
689	1.0000000000e+01	7.7777777778e+00	
690	0.0000000000e+00	8.1481481481e+00	
691	1.2345679012e-01	8.1481481481e+00	
692	3.7037037037e-01	8.1481481481e+00	
693	7.4074074074e-01	8.1481481481e+00	
694	1.1111111111e+00	8.1481481481e+00	
695	1.4814814815e+00	8.1481481481e+00	
696	1.8518518519e+00	8.1481481481e+00	
697	2.2222222222e+00	8.1481481481e+00	
698	2.5925925926e+00	8.1481481481e+00	
699	2.9629629630e+00	8.1481481481e+00	
700	3.3333333333e+00	8.1481481481e+00	
701	3.7037037037e+00	8.1481481481e+00	
702	4.0740740741e+00	8.1481481481e+00	
703	4.4444444444e+00	8.1481481481e+00	
704	4.8148148148e+00	8.1481481481e+00	
705	5.1851851852e+00	8.1481481481e+00	
706	5.5555555556e+00	8.1481481481e+00	
707	5.9259259259e+00	8.1481481481e+00	
708	6.2962962963e+00	8.1481481481e+00	
709	6.6666666667e+00	8.1481481481e+00	
710	7.0370370370e+00	8.1481481481e+00	
711	7.4074074074e+00	8.1481481481e+00	
712	7.7777777778e+00	8.1481481481e+00	
713	8.1481481481e+00	8.1481481481e+00	
714	8.5185185185e+00	8.1481481481e+00	
715	8.8888888889e+00	8.1481481481e+00	
716	9.2592592593e+00	8.1481481481e+00	
717	9.6296296296e+00	8.1481481481e+00	
718	9.8765432099e+00	8.1481481481e+00	
719	1.0000000000e+01	8.1481481481e+00	
720	0.0000000000e+00	8.5185185185e+00	
721	1.2345679012e-01	8.5185185185e+00	
722	3.7037037037e-01	8.5185185185e+00	
723	7.4074074074e-01	8.5185185185e+00	
724	1.1111111111e+00	8.5185185185e+00	
725	1.4814814815e+00	8.5185185185e+00	
726	1.8518518519e+00	8.5185185185e+00	
727	2.2222222222e+00	8.5185185185e+00	
728	2.5925925926e+00	8.5185185185e+00	
729	2.9629629630e+00	8.5185185185e+00	
730	3.3333333333e+00	8.5185185185e+00	
731	3.7037037037e+00	8.5185185185e+00	
732	4.0740740741e+00	8.5185185185e+00	
733	4.4444444444e+00	8.5185185185e+00	
734	4.8148148148e+00	8.5185185185e+00	
735	5.1851851852e+00	8.5185185185e+00	
736	5.5555555556e+00	8.5185185185e+00	
737	5.9259259259e+00	8.5185185185e+00	
738	6.2962962963e+00	8.5185185185e+00	
739	6.6666666667e+00	8.5185185185e+00	
740	7.0370370370e+00	8.5185185185e+00	
741	7.4074074074e+00	8.5185185185e+00	
742	7.7777777778e+00	8.5185185185e+00	
743	8.1481481481e+00	8.5185185185e+00	
744	8.5185185185e+00	8.5185185185e+00	
745	8.8888888889e+00	8.5185185185e+00	
746	9.2592592593e+00	8.5185185185e+00	
747	9.6296296296e+00	8.5185185185e+00	
748	9.8765432099e+00	8.5185185185e+00	
749	1.0000000000e+01	8.5185185185e+00	
750	0.0000000000e+00	8.8888888889e+00	
751	1.2345679012e-01	8.8888888889e+00	
752	3.7037037037e-01	8.8888888889e+00	
753	7.4074074074e-01	8.8888888889e+00	
754	1.1111111111e+00	8.8888888889e+00	
755	1.4814814815e+00	8.8888888889e+00	
756	1.8518518519e+00	8.8888888889e+00	
757	2.2222222222e+00	8.8888888889e+00	
758	2.5925925926e+00	8.8888888889e+00	
759	2.9629629630e+00	8.8888888889e+00	
760	3.3333333333e+00	8.8888888889e+00	
761	3.7037037037e+00	8.8888888889e+00	
762	4.0740740741e+00	8.8888888889e+00	
763	4.4444444444e+00	8.8888888889e+00	
764	4.8148148148e+00	8.8888888889e+00	
765	5.1851851852e+00	8.8888888889e+00	
766	5.5555555556e+00	8.8888888889e+00	
767	5.9259259259e+00	8.8888888889e+00	
768	6.2962962963e+00	8.8888888889e+00	
769	6.6666666667e+00	8.8888888889e+00	
770	7.0370370370e+00	8.8888888889e+00	
771	7.4074074074e+00	8.8888888889e+00	
772	7.7777777778e+00	8.8888888889e+00	
773	8.1481481481e+00	8.8888888889e+00	
774	8.5185185185e+00	8.8888888889e+00	
775	8.8888888889e+00	8.8888888889e+00	
776	9.2592592593e+00	8.8888888889e+00	
777	9.6296296296e+00	8.8888888889e+00	
778	9.8765432099e+00	8.8888888889e+00	
779	1.0000000000e+01	8.8888888889e+00	
780	0.0000000000e+00	9.2592592593e+00	
781	1.2345679012e-01	9.2592592593e+00	
782	3.7037037037e-01	9.2592592593e+00	
783	7.4074074074e-01	9.2592592593e+00	
784	1.1111111111e+00	9.2592592593e+00	
785	1.4814814815e+00	9.2592592593e+00	
786	1.8518518519e+00	9.2592592593e+00	
787	2.2222222222e+00	9.2592592593e+00	
788	2.5925925926e+00	9.2592592593e+00	
789	2.9629629630e+00	9.2592592593e+00	
790	3.3333333333e+00	9.2592592593e+00	
791	3.7037037037e+00	9.2592592593e+00	
792	4.0740740741e+00	9.2592592593e+00	
793	4.4444444444e+00	9.2592592593e+00	
794	4.8148148148e+00	9.2592592593e+00	
795	5.1851851852e+00	9.2592592593e+00	
796	5.5555555556e+00	9.2592592593e+00	
797	5.9259259259e+00	9.2592592593e+00	
798	6.2962962963e+00	9.2592592593e+00	
799	6.6666666667e+00	9.2592592593e+00	
800	7.0370370370e+00	9.2592592593e+00	
801	7.4074074074e+00	9.2592592593e+00	
802	7.7777777778e+00	9.2592592593e+00	
803	8.1481481481e+00	9.2592592593e+00	
804	8.5185185185e+00	9.2592592593e+00	
805	8.8888888889e+00	9.2592592593e+00	
806	9.2592592593e+00	9.2592592593e+00	
807	9.6296296296e+00	9.2592592593e+00	
808	9.8765432099e+00	9.2592592593e+00	
809	1.0000000000e+01	9.2592592593e+00	
810	0.0000000000e+00	9.6296296296e+00	
811	1.2345679012e-01	9.6296296296e+00	
812	3.7037037037e-01	9.6296296296e+00	
813	7.4074074074e-01	9.6296296296e+00	
814	1.1111111111e+00	9.6296296296e+00	
815	1.4814814815e+00	9.6296296296e+00	
816	1.8518518519e+00	9.6296296296e+00	
817	2.2222222222e+00	9.6296296296e+00	
818	2.5925925926e+00	9.6296296296e+00	
819	2.9629629630e+00	9.6296296296e+00	
820	3.3333333333e+00	9.6296296296e+00	
821	3.7037037037e+00	9.6296296296e+00	
822	4.0740740741e+00	9.6296296296e+00	
823	4.4444444444e+00	9.6296296296e+00	
824	4.8148148148e+00	9.6296296296e+00	
825	5.1851851852e+00	9.6296296296e+00	
826	5.5555555556e+00	9.6296296296e+00	
827	5.9259259259e+00	9.6296296296e+00	
828	6.2962962963e+00	9.6296296296e+00	
829	6.6666666667e+00	9.6296296296e+00	
830	7.0370370370e+00	9.6296296296e+00	
831	7.4074074074e+00	9.6296296296e+00	
832	7.7777777778e+00	9.6296296296e+00	
833	8.1481481481e+00	9.6296296296e+00	
834	8.5185185185e+00	9.6296296296e+00	
835	8.8888888889e+00	9.6296296296e+00	
836	9.2592592593e+00	9.6296296296e+00	
837	9.6296296296e+00	9.6296296296e+00	
838	9.8765432099e+00	9.6296296296e+00	
839	1.0000000000e+01	9.6296296296e+00	
840	0.0000000000e+00	9.8765432099e+00	
841	1.2345679012e-01	9.8765432099e+00	
842	3.7037037037e-01	9.8765432099e+00	
843	7.4074074074e-01	9.8765432099e+00	
844	1.1111111111e+00	9.8765432099e+00	
845	1.4814814815e+00	9.8765432099e+00	
846	1.8518518519e+00	9.8765432099e+00	
847	2.2222222222e+00	9.8765432099e+00	
848	2.5925925926e+00	9.8765432099e+00	
849	2.9629629630e+00	9.8765432099e+00	
850	3.3333333333e+00	9.8765432099e+00	
851	3.7037037037e+00	9.8765432099e+00	
852	4.0740740741e+00	9.8765432099e+00	
853	4.4444444444e+00	9.8765432099e+00	
854	4.8148148148e+00	9.8765432099e+00	
855	5.1851851852e+00	9.8765432099e+00	
856	5.5555555556e+00	9.8765432099e+00	
857	5.9259259259e+00	9.8765432099e+00	
858	6.2962962963e+00	9.8765432099e+00	
859	6.6666666667e+00	9.8765432099e+00	
860	7.0370370370e+00	9.8765432099e+00	
861	7.4074074074e+00	9.8765432099e+00	
862	7.7777777778e+00	9.8765432099e+00	
863	8.1481481481e+00	9.8765432099e+00	
864	8.5185185185e+00	9.8765432099e+00	
865	8.8888888889e+00	9.8765432099e+00	
866	9.2592592593e+00	9.8765432099e+00	
867	9.6296296296e+00	9.8765432099e+00	
868	9.8765432099e+00	9.8765432099e+00	
869	1.0000000000e+01	9.8765432099e+00	
870	0.0000000000e+00	1.0000000000e+01	
871	1.2345679012e-01	1.0000000000e+01	
872	3.7037037037e-01	1.0000000000e+01	
873	7.4074074074e-01	1.0000000000e+01	
874	1.1111111111e+00	1.0000000000e+01	
875	1.4814814815e+00	1.0000000000e+01	
876	1.8518518519e+00	1.0000000000e+01	
877	2.2222222222e+00	1.0000000000e+01	
878	2.5925925926e+00	1.0000000000e+01	
879	2.9629629630e+00	1.0000000000e+01	
880	3.3333333333e+00	1.0000000000e+01	
881	3.7037037037e+00	1.0000000000e+01	
882	4.0740740741e+00	1.0000000000e+01	
883	4.4444444444e+00	1.0000000000e+01	
884	4.8148148148e+00	1.0000000000e+01	
885	5.1851851852e+00	1.0000000000e+01	
886	5.5555555556e+00	1.0000000000e+01	
887	5.9259259259e+00	1.0000000000e+01	
888	6.2962962963e+00	1.0000000000e+01	
889	6.6666666667e+00	1.0000000000e+01	
890	7.0370370370e+00	1.0000000000e+01	
891	7.4074074074e+00	1.0000000000e+01	
892	7.7777777778e+00	1.0000000000e+01	
893	8.1481481481e+00	1.0000000000e+01	
894	8.5185185185e+00	1.0000000000e+01	
895	8.8888888889e+00	1.0000000000e+01	
896	9.2592592593e+00	1.0000000000e+01	
897	9.6296296296e+00	1.0000000000e+01	
898	9.8765432099e+00	1.0000000000e+01	
899	1.0000000000e+01	1.0000000000e+01	
900	1.0000000000e+00	0.0000000000e+00	
901	1.2083333333e+00	0.0000000000e+00	
902	1.6250000000e+00	0.0000000000e+00	
903	2.0416666667e+00	0.0000000000e+00	
904	2.2500000000e+00	0.0000000000e+00	
905	1.0000000000e+00	2.6120387496e-01	
906	1.2083333333e+00	3.1562134891e-01	
907	1.6250000000e+00	4.2445629682e-01	
908	2.0416666667e+00	5.3329124472e-01	
909	2.2500000000e+00	5.8770871867e-01	
910	7.9289321881e-01	7.9289321881e-01	
911	9.5807930607e-01	9.5807930607e-01	
912	1.2884514806e+00	1.2884514806e+00	
913	1.6188236551e+00	1.6188236551e+00	
914	1.7840097423e+00	1.7840097423e+00	
915	2.6120387496e-01	1.0000000000e+00	
916	3.1562134891e-01	1.2083333333e+00	
917	4.2445629682e-01	1.6250000000e+00	
918	5.3329124472e-01	2.0416666667e+00	
919	5.8770871867e-01	2.2500000000e+00	
920	0.0000000000e+00	1.0000000000e+00	
921	0.0000000000e+00	1.2083333333e+00	
922	0.0000000000e+00	1.6250000000e+00	
923	0.0000000000e+00	2.0416666667e+00	
924	0.0000000000e+00	2.2500000000e+00	
