1	10	10
21	21	2	2
 1.0000e+00	 0.0000e+00	-4.6858e-05	 0.0000e+00	 4.6858e-05
 9.9743e-01	 7.1669e-02	-4.6681e-05	 9.6423e-06	 4.7666e-05
 9.8944e-01	 1.4492e-01	-4.6190e-05	 1.9537e-05	 5.0152e-05
 9.7568e-01	 2.1918e-01	-4.5436e-05	 2.9634e-05	 5.4245e-05
 9.5586e-01	 2.9381e-01	-4.4461e-05	 3.9843e-05	 5.9701e-05
 9.2979e-01	 3.6809e-01	-4.3304e-05	 5.0014e-05	 6.6156e-05
 8.9738e-01	 4.4127e-01	-4.1969e-05	 5.9936e-05	 7.3169e-05
 8.5866e-01	 5.1254e-01	-4.0344e-05	 6.9478e-05	 8.0343e-05
 8.1383e-01	 5.8111e-01	-3.8329e-05	 7.8595e-05	 8.7443e-05
 7.6316e-01	 6.4621e-01	-3.5888e-05	 8.7312e-05	 9.4400e-05
 7.0711e-01	 7.0711e-01	-3.3078e-05	 9.5682e-05	 1.0124e-04
 6.4621e-01	 7.6316e-01	-3.0039e-05	 1.0360e-04	 1.0787e-04
 5.8111e-01	 8.1383e-01	-2.6900e-05	 1.1075e-04	 1.1397e-04
 5.1254e-01	 8.5866e-01	-2.3712e-05	 1.1687e-04	 1.1925e-04
 4.4127e-01	 8.9738e-01	-2.0479e-05	 1.2187e-04	 1.2358e-04
 3.6809e-01	 9.2979e-01	-1.7176e-05	 1.2590e-04	 1.2706e-04
 2.9381e-01	 9.5586e-01	-1.3782e-05	 1.2917e-04	 1.2990e-04
 2.1918e-01	 9.7568e-01	-1.0318e-05	 1.3183e-04	 1.3223e-04
 1.4492e-01	 9.8944e-01	-6.8317e-06	 1.3391e-04	 1.3408e-04
 7.1669e-02	 9.9743e-01	-3.3768e-06	 1.3539e-04	 1.3543e-04
 0.0000e+00	 1.0000e+00	 0.0000e+00	 1.3622e-04	 1.3622e-04
 1.0625e+00	 0.0000e+00	-4.9814e-05	 0.0000e+00	 4.9814e-05
 1.0598e+00	 7.6149e-02	-4.9746e-05	 8.8494e-06	 5.0527e-05
 1.0513e+00	 1.5398e-01	-4.9122e-05	 1.7920e-05	 5.2289e-05
 1.0367e+00	 2.3288e-01	-4.8010e-05	 2.7209e-05	 5.5184e-05
 1.0156e+00	 3.1218e-01	-4.6489e-05	 3.6683e-05	 5.9219e-05
 9.8790e-01	 3.9110e-01	-4.4656e-05	 4.6245e-05	 6.4287e-05
 9.5346e-01	 4.6885e-01	-4.2547e-05	 5.5733e-05	 7.0117e-05
 9.1233e-01	 5.4457e-01	-4.0083e-05	 6.5028e-05	 7.6389e-05
 8.6469e-01	 6.1743e-01	-3.7210e-05	 7.4084e-05	 8.2904e-05
 8.1086e-01	 6.8659e-01	-3.3960e-05	 8.2943e-05	 8.9626e-05
 7.5130e-01	 7.5130e-01	-3.0471e-05	 9.1681e-05	 9.6612e-05
 6.8659e-01	 8.1086e-01	-2.6954e-05	 1.0022e-04	 1.0378e-04
 6.1743e-01	 8.6469e-01	-2.3543e-05	 1.0814e-04	 1.1068e-04
 5.4457e-01	 9.1233e-01	-2.0286e-05	 1.1507e-04	 1.1684e-04
 4.6885e-01	 9.5346e-01	-1.7167e-05	 1.2085e-04	 1.2206e-04
 3.9110e-01	 9.8790e-01	-1.4139e-05	 1.2559e-04	 1.2639e-04
 3.1218e-01	 1.0156e+00	-1.1150e-05	 1.2951e-04	 1.2999e-04
 2.3288e-01	 1.0367e+00	-8.2024e-06	 1.3269e-04	 1.3294e-04
 1.5398e-01	 1.0513e+00	-5.3361e-06	 1.3505e-04	 1.3515e-04
 7.6149e-02	 1.0598e+00	-2.5915e-06	 1.3648e-04	 1.3650e-04
 0.0000e+00	 1.0625e+00	 0.0000e+00	 1.3687e-04	 1.3687e-04
 1.1250e+00	 0.0000e+00	-5.2134e-05	 0.0000e+00	 5.2134e-05
 1.1221e+00	 8.0628e-02	-5.2055e-05	 8.1559e-06	 5.2690e-05
 1.1131e+00	 1.6303e-01	-5.1265e-05	 1.6523e-05	 5.3862e-05
 1.0976e+00	 2.4658e-01	-4.9832e-05	 2.5127e-05	 5.5809e-05
 1.0753e+00	 3.3054e-01	-4.7866e-05	 3.3991e-05	 5.8707e-05
 1.0460e+00	 4.1411e-01	-4.5512e-05	 4.3074e-05	 6.2664e-05
 1.0095e+00	 4.9643e-01	-4.2823e-05	 5.2252e-05	 6.7558e-05
 9.6600e-01	 5.7660e-01	-3.9745e-05	 6.1393e-05	 7.3135e-05
 9.1555e-01	 6.5375e-01	-3.6256e-05	 7.0435e-05	 7.9219e-05
 8.5856e-01	 7.2698e-01	-3.2425e-05	 7.9419e-05	 8.5784e-05
 7.9550e-01	 7.9550e-01	-2.8450e-05	 8.8426e-05	 9.2890e-05
 7.2698e-01	 8.5856e-01	-2.4582e-05	 9.7327e-05	 1.0038e-04
 6.5375e-01	 9.1555e-01	-2.0970e-05	 1.0570e-04	 1.0776e-04
 5.7660e-01	 9.6600e-01	-1.7661e-05	 1.1311e-04	 1.1448e-04
 4.9643e-01	 1.0095e+00	-1.4625e-05	 1.1938e-04	 1.2027e-04
 4.1411e-01	 1.0460e+00	-1.1800e-05	 1.2461e-04	 1.2517e-04
 3.3054e-01	 1.0753e+00	-9.1180e-06	 1.2903e-04	 1.2935e-04
 2.4658e-01	 1.0976e+00	-6.5661e-06	 1.3268e-04	 1.3284e-04
 1.6303e-01	 1.1131e+00	-4.1812e-06	 1.3536e-04	 1.3543e-04
 8.0628e-02	 1.1221e+00	-1.9887e-06	 1.3689e-04	 1.3690e-04
 0.0000e+00	 1.1250e+00	 0.0000e+00	 1.3711e-04	 1.3711e-04
 1.1875e+00	 0.0000e+00	-5.4063e-05	 0.0000e+00	 5.4063e-05
 1.1844e+00	 8.5107e-02	-5.3928e-05	 7.6079e-06	 5.4462e-05
 1.1750e+00	 1.7209e-01	-5.2995e-05	 1.5426e-05	 5.5195e-05
 1.1586e+00	 2.6028e-01	-5.1303e-05	 2.3492e-05	 5.6425e-05
 1.1351e+00	 3.4890e-01	-4.8962e-05	 3.1864e-05	 5.8417e-05
 1.1041e+00	 4.3711e-01	-4.6165e-05	 4.0569e-05	 6.1458e-05
 1.0656e+00	 5.2401e-01	-4.3005e-05	 4.9524e-05	 6.5590e-05
 1.0197e+00	 6.0864e-01	-3.9461e-05	 5.8584e-05	 7.0635e-05
 9.6642e-01	 6.9007e-01	-3.5526e-05	 6.7651e-05	 7.6412e-05
 9.0626e-01	 7.6737e-01	-3.1280e-05	 7.6760e-05	 8.2889e-05
 8.3969e-01	 8.3969e-01	-2.6959e-05	 8.5948e-05	 9.0077e-05
 7.6737e-01	 9.0626e-01	-2.2838e-05	 9.5050e-05	 9.7756e-05
 6.9007e-01	 9.6642e-01	-1.9073e-05	 1.0367e-04	 1.0541e-04
 6.0864e-01	 1.0197e+00	-1.5714e-05	 1.1136e-04	 1.1246e-04
 5.2401e-01	 1.0656e+00	-1.2722e-05	 1.1797e-04	 1.1865e-04
 4.3711e-01	 1.1041e+00	-1.0026e-05	 1.2363e-04	 1.2404e-04
 3.4890e-01	 1.1351e+00	-7.5617e-06	 1.2854e-04	 1.2877e-04
 2.6028e-01	 1.1586e+00	-5.3139e-06	 1.3265e-04	 1.3276e-04
 1.7209e-01	 1.1750e+00	-3.3089e-06	 1.3564e-04	 1.3568e-04
 8.5107e-02	 1.1844e+00	-1.5439e-06	 1.3728e-04	 1.3729e-04
 0.0000e+00	 1.1875e+00	 0.0000e+00	 1.3747e-04	 1.3747e-04
 1.2500e+00	 0.0000e+00	-5.5669e-05	 0.0000e+00	 5.5669e-05
 1.2468e+00	 8.9587e-02	-5.5463e-05	 7.2051e-06	 5.5929e-05
 1.2368e+00	 1.8115e-01	-5.4432e-05	 1.4626e-05	 5.6363e-05
 1.2196e+00	 2.7398e-01	-5.2573e-05	 2.2303e-05	 5.7108e-05
 1.1948e+00	 3.6726e-01	-4.9980e-05	 3.0318e-05	 5.8457e-05
 1.1622e+00	 4.6012e-01	-4.6839e-05	 3.8742e-05	 6.0785e-05
 1.1217e+00	 5.5158e-01	-4.3262e-05	 4.7525e-05	 6.4267e-05
 1.0733e+00	 6.4067e-01	-3.9325e-05	 5.6544e-05	 6.8874e-05
 1.0173e+00	 7.2639e-01	-3.5042e-05	 6.5668e-05	 7.4433e-05
 9.5395e-01	 8.0776e-01	-3.0491e-05	 7.4891e-05	 8.0860e-05
 8.8388e-01	 8.8388e-01	-2.5933e-05	 8.4186e-05	 8.8089e-05
 8.0776e-01	 9.5395e-01	-2.1635e-05	 9.3393e-05	 9.5866e-05
 7.2639e-01	 1.0173e+00	-1.7746e-05	 1.0215e-04	 1.0368e-04
 6.4067e-01	 1.0733e+00	-1.4324e-05	 1.1005e-04	 1.1097e-04
 5.5158e-01	 1.1217e+00	-1.1326e-05	 1.1700e-04	 1.1755e-04
 4.6012e-01	 1.1622e+00	-8.6898e-06	 1.2314e-04	 1.2344e-04
 3.6726e-01	 1.1948e+00	-6.3809e-06	 1.2846e-04	 1.2861e-04
 2.7398e-01	 1.2196e+00	-4.3757e-06	 1.3285e-04	 1.3293e-04
 1.8115e-01	 1.2368e+00	-2.6727e-06	 1.3601e-04	 1.3604e-04
 8.9587e-02	 1.2468e+00	-1.2328e-06	 1.3773e-04	 1.3773e-04
 0.0000e+00	 1.2500e+00	 0.0000e+00	 1.3797e-04	 1.3797e-04
 1.3125e+00	 0.0000e+00	-5.6996e-05	 0.0000e+00	 5.6996e-05
 1.3091e+00	 9.4066e-02	-5.6718e-05	 6.9329e-06	 5.7140e-05
 1.2986e+00	 1.9021e-01	-5.5627e-05	 1.4089e-05	 5.7384e-05
 1.2806e+00	 2.8768e-01	-5.3675e-05	 2.1505e-05	 5.7822e-05
 1.2546e+00	 3.8563e-01	-5.0928e-05	 2.9277e-05	 5.8744e-05
 1.2203e+00	 4.8312e-01	-4.7554e-05	 3.7504e-05	 6.0563e-05
 1.1778e+00	 5.7916e-01	-4.3673e-05	 4.6165e-05	 6.3549e-05
 1.1270e+00	 6.7271e-01	-3.9391e-05	 5.5165e-05	 6.7785e-05
 1.0681e+00	 7.6271e-01	-3.4798e-05	 6.4366e-05	 7.3170e-05
 1.0017e+00	 8.4815e-01	-3.0016e-05	 7.3677e-05	 7.9557e-05
 9.2808e-01	 9.2808e-01	-2.5299e-05	 8.3030e-05	 8.6798e-05
 8.4815e-01	 1.0017e+00	-2.0881e-05	 9.2284e-05	 9.4617e-05
 7.6271e-01	 1.0681e+00	-1.6888e-05	 1.0115e-04	 1.0255e-04
 6.7271e-01	 1.1270e+00	-1.3376e-05	 1.0930e-04	 1.1012e-04
 5.7916e-01	 1.1778e+00	-1.0329e-05	 1.1663e-04	 1.1709e-04
 4.8312e-01	 1.2203e+00	-7.7185e-06	 1.2311e-04	 1.2335e-04
 3.8563e-01	 1.2546e+00	-5.5183e-06	 1.2869e-04	 1.2881e-04
 2.8768e-01	 1.2806e+00	-3.7007e-06	 1.3323e-04	 1.3329e-04
 1.9021e-01	 1.2986e+00	-2.2325e-06	 1.3646e-04	 1.3648e-04
 9.4066e-02	 1.3091e+00	-1.0318e-06	 1.3821e-04	 1.3821e-04
 0.0000e+00	 1.3125e+00	 0.0000e+00	 1.3854e-04	 1.3854e-04
 1.3750e+00	 0.0000e+00	-5.8089e-05	 0.0000e+00	 5.8089e-05
 1.3715e+00	 9.8545e-02	-5.7744e-05	 6.7688e-06	 5.8140e-05
 1.3605e+00	 1.9926e-01	-5.6621e-05	 1.3768e-05	 5.8271e-05
 1.3416e+00	 3.0138e-01	-5.4626e-05	 2.1026e-05	 5.8533e-05
 1.3143e+00	 4.0399e-01	-5.1793e-05	 2.8647e-05	 5.9187e-05
 1.2785e+00	 5.0613e-01	-4.8264e-05	 3.6737e-05	 6.0655e-05
 1.2339e+00	 6.0674e-01	-4.4177e-05	 4.5310e-05	 6.3282e-05
 1.1807e+00	 7.0474e-01	-3.9649e-05	 5.4303e-05	 6.7238e-05
 1.1190e+00	 7.9902e-01	-3.4779e-05	 6.3584e-05	 7.2474e-05
 1.0493e+00	 8.8853e-01	-2.9810e-05	 7.2971e-05	 7.8825e-05
 9.7227e-01	 9.7227e-01	-2.4987e-05	 8.2354e-05	 8.6062e-05
 8.8853e-01	 1.0493e+00	-2.0488e-05	 9.1634e-05	 9.3896e-05
 7.9902e-01	 1.1190e+00	-1.6401e-05	 1.0063e-04	 1.0196e-04
 7.0474e-01	 1.1807e+00	-1.2780e-05	 1.0907e-04	 1.0981e-04
 6.0674e-01	 1.2339e+00	-9.6741e-06	 1.1667e-04	 1.1707e-04
 5.0613e-01	 1.2785e+00	-7.0635e-06	 1.2338e-04	 1.2358e-04
 4.0399e-01	 1.3143e+00	-4.9290e-06	 1.2912e-04	 1.2922e-04
 3.0138e-01	 1.3416e+00	-3.2464e-06	 1.3372e-04	 1.3376e-04
 1.9926e-01	 1.3605e+00	-1.9522e-06	 1.3694e-04	 1.3696e-04
 9.8545e-02	 1.3715e+00	-9.1777e-07	 1.3870e-04	 1.3870e-04
 0.0000e+00	 1.3750e+00	 0.0000e+00	 1.3914e-04	 1.3914e-04
 1.4375e+00	 0.0000e+00	-5.8993e-05	 0.0000e+00	 5.8993e-05
 1.4338e+00	 1.0302e-01	-5.8588e-05	 6.6823e-06	 5.8968e-05
 1.4223e+00	 2.0832e-01	-5.7447e-05	 1.3605e-05	 5.9036e-05
 1.4025e+00	 3.1507e-01	-5.5440e-05	 2.0788e-05	 5.9209e-05
 1.3741e+00	 4.2235e-01	-5.2563e-05	 2.8327e-05	 5.9710e-05
 1.3366e+00	 5.2914e-01	-4.8937e-05	 3.6329e-05	 6.0948e-05
 1.2900e+00	 6.3432e-01	-4.4715e-05	 4.4838e-05	 6.3323e-05
 1.2343e+00	 7.3677e-01	-4.0017e-05	 5.3830e-05	 6.7075e-05
 1.1699e+00	 8.3534e-01	-3.4954e-05	 6.3173e-05	 7.2199e-05
 1.0970e+00	 9.2892e-01	-2.9833e-05	 7.2633e-05	 7.8521e-05
 1.0165e+00	 1.0165e+00	-2.4933e-05	 8.2044e-05	 8.5749e-05
 9.2892e-01	 1.0970e+00	-2.0374e-05	 9.1355e-05	 9.3600e-05
 8.3534e-01	 1.1699e+00	-1.6199e-05	 1.0049e-04	 1.0179e-04
 7.3677e-01	 1.2343e+00	-1.2483e-05	 1.0915e-04	 1.0986e-04
 6.3432e-01	 1.2900e+00	-9.3099e-06	 1.1694e-04	 1.1731e-04
 5.2914e-01	 1.3366e+00	-6.6788e-06	 1.2381e-04	 1.2399e-04
 4.2235e-01	 1.3741e+00	-4.5749e-06	 1.2965e-04	 1.2973e-04
 3.1507e-01	 1.4025e+00	-2.9778e-06	 1.3424e-04	 1.3428e-04
 2.0832e-01	 1.4223e+00	-1.8005e-06	 1.3741e-04	 1.3742e-04
 1.0302e-01	 1.4338e+00	-8.6876e-07	 1.3915e-04	 1.3915e-04
 0.0000e+00	 1.4375e+00	 0.0000e+00	 1.3971e-04	 1.3971e-04
 1.5000e+00	 0.0000e+00	-5.9753e-05	 0.0000e+00	 5.9753e-05
 1.4961e+00	 1.0750e-01	-5.9289e-05	 6.6355e-06	 5.9659e-05
 1.4842e+00	 2.1738e-01	-5.8128e-05	 1.3532e-05	 5.9683e-05
 1.4635e+00	 3.2877e-01	-5.6123e-05	 2.0701e-05	 5.9819e-05
 1.4338e+00	 4.4072e-01	-5.3233e-05	 2.8220e-05	 6.0250e-05
 1.3947e+00	 5.5214e-01	-4.9557e-05	 3.6177e-05	 6.1357e-05
 1.3461e+00	 6.6190e-01	-4.5253e-05	 4.4646e-05	 6.3570e-05
 1.2880e+00	 7.6881e-01	-4.0439e-05	 5.3645e-05	 6.7179e-05
 1.2207e+00	 8.7166e-01	-3.5262e-05	 6.3032e-05	 7.2226e-05
 1.1447e+00	 9.6931e-01	-3.0047e-05	 7.2552e-05	 7.8528e-05
 1.0607e+00	 1.0607e+00	-2.5078e-05	 8.2010e-05	 8.5759e-05
 9.6931e-01	 1.1447e+00	-2.0465e-05	 9.1382e-05	 9.3646e-05
 8.7166e-01	 1.2207e+00	-1.6222e-05	 1.0061e-04	 1.0191e-04
 7.6881e-01	 1.2880e+00	-1.2426e-05	 1.0939e-04	 1.1010e-04
 6.6190e-01	 1.3461e+00	-9.1827e-06	 1.1734e-04	 1.1770e-04
 5.5214e-01	 1.3947e+00	-6.5194e-06	 1.2431e-04	 1.2448e-04
 4.4072e-01	 1.4338e+00	-4.4219e-06	 1.3018e-04	 1.3025e-04
 3.2877e-01	 1.4635e+00	-2.8674e-06	 1.3471e-04	 1.3474e-04
 2.1738e-01	 1.4842e+00	-1.7513e-06	 1.3779e-04	 1.3780e-04
 1.0750e-01	 1.4961e+00	-8.6385e-07	 1.3952e-04	 1.3952e-04
 0.0000e+00	 1.5000e+00	 0.0000e+00	 1.4020e-04	 1.4020e-04
 1.5625e+00	 0.0000e+00	-6.0430e-05	 0.0000e+00	 6.0430e-05
 1.5585e+00	 1.1198e-01	-5.9908e-05	 6.6034e-06	 6.0270e-05
 1.5460e+00	 2.2644e-01	-5.8706e-05	 1.3491e-05	 6.0236e-05
 1.5245e+00	 3.4247e-01	-5.6690e-05	 2.0683e-05	 6.0345e-05
 1.4935e+00	 4.5908e-01	-5.3807e-05	 2.8236e-05	 6.0765e-05
 1.4528e+00	 5.7515e-01	-5.0127e-05	 3.6199e-05	 6.1831e-05
 1.4021e+00	 6.8948e-01	-4.5786e-05	 4.4656e-05	 6.3957e-05
 1.3417e+00	 8.0084e-01	-4.0899e-05	 5.3670e-05	 6.7477e-05
 1.2716e+00	 9.0798e-01	-3.5664e-05	 6.3094e-05	 7.2476e-05
 1.1924e+00	 1.0097e+00	-3.0402e-05	 7.2669e-05	 7.8772e-05
 1.1049e+00	 1.1049e+00	-2.5373e-05	 8.2201e-05	 8.6028e-05
 1.0097e+00	 1.1924e+00	-2.0703e-05	 9.1646e-05	 9.3955e-05
 9.0798e-01	 1.2716e+00	-1.6405e-05	 1.0092e-04	 1.0224e-04
 8.0084e-01	 1.3417e+00	-1.2545e-05	 1.0977e-04	 1.1048e-04
 6.8948e-01	 1.4021e+00	-9.2354e-06	 1.1781e-04	 1.1818e-04
 5.7515e-01	 1.4528e+00	-6.5390e-06	 1.2482e-04	 1.2499e-04
 4.5908e-01	 1.4935e+00	-4.4381e-06	 1.3064e-04	 1.3071e-04
 3.4247e-01	 1.5245e+00	-2.8914e-06	 1.3508e-04	 1.3511e-04
 2.2644e-01	 1.5460e+00	-1.7802e-06	 1.3809e-04	 1.3810e-04
 1.1198e-01	 1.5585e+00	-8.8458e-07	 1.3985e-04	 1.3985e-04
 0.0000e+00	 1.5625e+00	 0.0000e+00	 1.4064e-04	 1.4064e-04
 1.6250e+00	 0.0000e+00	-6.1109e-05	 0.0000e+00	 6.1109e-05
 1.6208e+00	 1.1646e-01	-6.0559e-05	 6.5980e-06	 6.0918e-05
 1.6078e+00	 2.3549e-01	-5.9308e-05	 1.3493e-05	 6.0824e-05
 1.5855e+00	 3.5617e-01	-5.7250e-05	 2.0719e-05	 6.0884e-05
 1.5533e+00	 4.7744e-01	-5.4347e-05	 2.8322e-05	 6.1284e-05
 1.5109e+00	 5.9815e-01	-5.0679e-05	 3.6330e-05	 6.2355e-05
 1.4582e+00	 7.1706e-01	-4.6341e-05	 4.4812e-05	 6.4464e-05
 1.3953e+00	 8.3287e-01	-4.1414e-05	 5.3854e-05	 6.7937e-05
 1.3225e+00	 9.4430e-01	-3.6148e-05	 6.3312e-05	 7.2905e-05
 1.2401e+00	 1.0501e+00	-3.0855e-05	 7.2954e-05	 7.9211e-05
 1.1490e+00	 1.1490e+00	-2.5776e-05	 8.2601e-05	 8.6530e-05
 1.0501e+00	 1.2401e+00	-2.1037e-05	 9.2106e-05	 9.4478e-05
 9.4430e-01	 1.3225e+00	-1.6684e-05	 1.0140e-04	 1.0277e-04
 8.3287e-01	 1.3953e+00	-1.2769e-05	 1.1030e-04	 1.1103e-04
 7.1706e-01	 1.4582e+00	-9.4057e-06	 1.1840e-04	 1.1878e-04
 5.9815e-01	 1.5109e+00	-6.6872e-06	 1.2538e-04	 1.2555e-04
 4.7744e-01	 1.5533e+00	-4.5782e-06	 1.3111e-04	 1.3119e-04
 3.5617e-01	 1.5855e+00	-3.0067e-06	 1.3552e-04	 1.3556e-04
 2.3549e-01	 1.6078e+00	-1.8553e-06	 1.3856e-04	 1.3858e-04
 1.1646e-01	 1.6208e+00	-9.1536e-07	 1.4038e-04	 1.4039e-04
 0.0000e+00	 1.6250e+00	 0.0000e+00	 1.4125e-04	 1.4125e-04
 1.6875e+00	 0.0000e+00	-6.1858e-05	 0.0000e+00	 6.1858e-05
 1.6832e+00	 1.2094e-01	-6.1333e-05	 6.6327e-06	 6.1691e-05
 1.6697e+00	 2.4455e-01	-6.0045e-05	 1.3560e-05	 6.1557e-05
 1.6465e+00	 3.6987e-01	-5.7930e-05	 2.0832e-05	 6.1562e-05
 1.6130e+00	 4.9581e-01	-5.4980e-05	 2.8492e-05	 6.1924e-05
 1.5690e+00	 6.2116e-01	-5.1288e-05	 3.6553e-05	 6.2980e-05
 1.5143e+00	 7.4464e-01	-4.6943e-05	 4.5086e-05	 6.5088e-05
 1.4490e+00	 8.6491e-01	-4.2005e-05	 5.4165e-05	 6.8544e-05
 1.3733e+00	 9.8062e-01	-3.6711e-05	 6.3657e-05	 7.3484e-05
 1.2878e+00	 1.0905e+00	-3.1380e-05	 7.3394e-05	 7.9821e-05
 1.1932e+00	 1.1932e+00	-2.6243e-05	 8.3191e-05	 8.7232e-05
 1.0905e+00	 1.2878e+00	-2.1421e-05	 9.2756e-05	 9.5198e-05
 9.8062e-01	 1.3733e+00	-1.7003e-05	 1.0209e-04	 1.0350e-04
 8.6491e-01	 1.4490e+00	-1.3039e-05	 1.1104e-04	 1.1180e-04
 7.4464e-01	 1.5143e+00	-9.6412e-06	 1.1916e-04	 1.1955e-04
 6.2116e-01	 1.5690e+00	-6.9041e-06	 1.2611e-04	 1.2630e-04
 4.9581e-01	 1.6130e+00	-4.7766e-06	 1.3186e-04	 1.3194e-04
 3.6987e-01	 1.6465e+00	-3.1637e-06	 1.3632e-04	 1.3636e-04
 2.4455e-01	 1.6697e+00	-1.9471e-06	 1.3944e-04	 1.3945e-04
 1.2094e-01	 1.6832e+00	-9.4437e-07	 1.4133e-04	 1.4133e-04
 0.0000e+00	 1.6875e+00	 0.0000e+00	 1.4218e-04	 1.4218e-04
 1.7500e+00	 0.0000e+00	-6.2647e-05	 0.0000e+00	 6.2647e-05
 1.7455e+00	 1.2542e-01	-6.2183e-05	 6.7014e-06	 6.2544e-05
 1.7315e+00	 2.5361e-01	-6.0873e-05	 1.3683e-05	 6.2392e-05
 1.7074e+00	 3.8357e-01	-5.8700e-05	 2.1017e-05	 6.2349e-05
 1.6728e+00	 5.1417e-01	-5.5692e-05	 2.8747e-05	 6.2674e-05
 1.6271e+00	 6.4417e-01	-5.1953e-05	 3.6873e-05	 6.3708e-05
 1.5704e+00	 7.7222e-01	-4.7570e-05	 4.5476e-05	 6.5810e-05
 1.5027e+00	 8.9694e-01	-4.2624e-05	 5.4597e-05	 6.9265e-05
 1.4242e+00	 1.0169e+00	-3.7320e-05	 6.4124e-05	 7.4194e-05
 1.3355e+00	 1.1309e+00	-3.1950e-05	 7.3986e-05	 8.0589e-05
 1.2374e+00	 1.2374e+00	-2.6752e-05	 8.3933e-05	 8.8093e-05
 1.1309e+00	 1.3355e+00	-2.1846e-05	 9.3561e-05	 9.6078e-05
 1.0169e+00	 1.4242e+00	-1.7357e-05	 1.0293e-04	 1.0438e-04
 8.9694e-01	 1.5027e+00	-1.3355e-05	 1.1190e-04	 1.1269e-04
 7.7222e-01	 1.5704e+00	-9.9309e-06	 1.2003e-04	 1.2044e-04
 6.4417e-01	 1.6271e+00	-7.1668e-06	 1.2703e-04	 1.2724e-04
 5.1417e-01	 1.6728e+00	-5.0134e-06	 1.3285e-04	 1.3294e-04
 3.8357e-01	 1.7074e+00	-3.3495e-06	 1.3740e-04	 1.3744e-04
 2.5361e-01	 1.7315e+00	-2.0521e-06	 1.4063e-04	 1.4064e-04
 1.2542e-01	 1.7455e+00	-9.7393e-07	 1.4257e-04	 1.4257e-04
 0.0000e+00	 1.7500e+00	 0.0000e+00	 1.4334e-04	 1.4334e-04
 1.8125e+00	 0.0000e+00	-6.3425e-05	 0.0000e+00	 6.3425e-05
 1.8078e+00	 1.2990e-01	-6.3033e-05	 6.7946e-06	 6.3398e-05
 1.7934e+00	 2.6267e-01	-6.1713e-05	 1.3852e-05	 6.3249e-05
 1.7684e+00	 3.9727e-01	-5.9496e-05	 2.1265e-05	 6.3182e-05
 1.7325e+00	 5.3253e-01	-5.6437e-05	 2.9079e-05	 6.3488e-05
 1.6852e+00	 6.6717e-01	-5.2648e-05	 3.7288e-05	 6.4515e-05
 1.6265e+00	 7.9980e-01	-4.8214e-05	 4.5983e-05	 6.6626e-05
 1.5563e+00	 9.2897e-01	-4.3244e-05	 5.5151e-05	 7.0083e-05
 1.4751e+00	 1.0533e+00	-3.7941e-05	 6.4713e-05	 7.5015e-05
 1.3832e+00	 1.1712e+00	-3.2545e-05	 7.4711e-05	 8.1492e-05
 1.2816e+00	 1.2816e+00	-2.7288e-05	 8.4793e-05	 8.9076e-05
 1.1712e+00	 1.3832e+00	-2.2308e-05	 9.4480e-05	 9.7078e-05
 1.0533e+00	 1.4751e+00	-1.7753e-05	 1.0385e-04	 1.0536e-04
 9.2897e-01	 1.5563e+00	-1.3719e-05	 1.1283e-04	 1.1366e-04
 7.9980e-01	 1.6265e+00	-1.0266e-05	 1.2101e-04	 1.2145e-04
 6.6717e-01	 1.6852e+00	-7.4673e-06	 1.2809e-04	 1.2831e-04
 5.3253e-01	 1.7325e+00	-5.2801e-06	 1.3398e-04	 1.3408e-04
 3.9727e-01	 1.7684e+00	-3.5578e-06	 1.3863e-04	 1.3867e-04
 2.6267e-01	 1.7934e+00	-2.1708e-06	 1.4195e-04	 1.4196e-04
 1.2990e-01	 1.8078e+00	-1.0095e-06	 1.4393e-04	 1.4393e-04
 0.0000e+00	 1.8125e+00	 0.0000e+00	 1.4459e-04	 1.4459e-04
 1.8750e+00	 0.0000e+00	-6.4141e-05	 0.0000e+00	 6.4141e-05
 1.8702e+00	 1.3438e-01	-6.3807e-05	 6.9043e-06	 6.4180e-05
 1.8552e+00	 2.7172e-01	-6.2495e-05	 1.4055e-05	 6.4056e-05
 1.8294e+00	 4.1097e-01	-6.0263e-05	 2.1564e-05	 6.4005e-05
 1.7922e+00	 5.5090e-01	-5.7180e-05	 2.9476e-05	 6.4330e-05
 1.7434e+00	 6.9018e-01	-5.3353e-05	 3.7790e-05	 6.5381e-05
 1.6826e+00	 8.2738e-01	-4.8874e-05	 4.6595e-05	 6.7525e-05
 1.6100e+00	 9.6101e-01	-4.3871e-05	 5.5813e-05	 7.0992e-05
 1.5259e+00	 1.0896e+00	-3.8558e-05	 6.5414e-05	 7.5932e-05
 1.4309e+00	 1.2116e+00	-3.3155e-05	 7.5536e-05	 8.2492e-05
 1.3258e+00	 1.3258e+00	-2.7847e-05	 8.5733e-05	 9.0142e-05
 1.2116e+00	 1.4309e+00	-2.2805e-05	 9.5468e-05	 9.8154e-05
 1.0896e+00	 1.5259e+00	-1.8197e-05	 1.0481e-04	 1.0638e-04
 9.6101e-01	 1.6100e+00	-1.4127e-05	 1.1384e-04	 1.1471e-04
 8.2738e-01	 1.6826e+00	-1.0640e-05	 1.2209e-04	 1.2255e-04
 6.9018e-01	 1.7434e+00	-7.7994e-06	 1.2923e-04	 1.2946e-04
 5.5090e-01	 1.7922e+00	-5.5683e-06	 1.3518e-04	 1.3529e-04
 4.1097e-01	 1.8294e+00	-3.7793e-06	 1.3988e-04	 1.3993e-04
 2.7172e-01	 1.8552e+00	-2.3006e-06	 1.4325e-04	 1.4327e-04
 1.3438e-01	 1.8702e+00	-1.0557e-06	 1.4523e-04	 1.4523e-04
 0.0000e+00	 1.8750e+00	 0.0000e+00	 1.4580e-04	 1.4580e-04
 1.9375e+00	 0.0000e+00	-6.4782e-05	 0.0000e+00	 6.4782e-05
 1.9325e+00	 1.3886e-01	-6.4474e-05	 7.0248e-06	 6.4855e-05
 1.9170e+00	 2.8078e-01	-6.3176e-05	 1.4285e-05	 6.4771e-05
 1.8904e+00	 4.2467e-01	-6.0959e-05	 2.1900e-05	 6.4773e-05
 1.8520e+00	 5.6926e-01	-5.7889e-05	 2.9923e-05	 6.5165e-05
 1.8015e+00	 7.1318e-01	-5.4055e-05	 3.8361e-05	 6.6284e-05
 1.7387e+00	 8.5496e-01	-4.9547e-05	 4.7291e-05	 6.8494e-05
 1.6637e+00	 9.9304e-01	-4.4514e-05	 5.6567e-05	 7.1982e-05
 1.5768e+00	 1.1259e+00	-3.9182e-05	 6.6203e-05	 7.6929e-05
 1.4786e+00	 1.2520e+00	-3.3772e-05	 7.6420e-05	 8.3550e-05
 1.3700e+00	 1.3700e+00	-2.8426e-05	 8.6720e-05	 9.1260e-05
 1.2520e+00	 1.4786e+00	-2.3339e-05	 9.6479e-05	 9.9262e-05
 1.1259e+00	 1.5768e+00	-1.8688e-05	 1.0582e-04	 1.0746e-04
 9.9304e-01	 1.6637e+00	-1.4574e-05	 1.1492e-04	 1.1584e-04
 8.5496e-01	 1.7387e+00	-1.1049e-05	 1.2324e-04	 1.2374e-04
 7.1318e-01	 1.8015e+00	-8.1592e-06	 1.3041e-04	 1.3066e-04
 5.6926e-01	 1.8520e+00	-5.8699e-06	 1.3636e-04	 1.3649e-04
 4.2467e-01	 1.8904e+00	-4.0039e-06	 1.4106e-04	 1.4111e-04
 2.8078e-01	 1.9170e+00	-2.4380e-06	 1.4442e-04	 1.4444e-04
 1.3886e-01	 1.9325e+00	-1.1154e-06	 1.4639e-04	 1.4639e-04
 0.0000e+00	 1.9375e+00	 0.0000e+00	 1.4689e-04	 1.4689e-04
 2.0000e+00	 0.0000e+00	-6.5386e-05	 0.0000e+00	 6.5386e-05
 1.9949e+00	 1.4334e-01	-6.5072e-05	 7.1528e-06	 6.5464e-05
 1.9789e+00	 2.8984e-01	-6.3788e-05	 1.4537e-05	 6.5423e-05
 1.9514e+00	 4.3836e-01	-6.1594e-05	 2.2269e-05	 6.5496e-05
 1.9117e+00	 5.8762e-01	-5.8553e-05	 3.0403e-05	 6.5975e-05
 1.8596e+00	 7.3619e-01	-5.4743e-05	 3.8976e-05	 6.7201e-05
 1.7948e+00	 8.8253e-01	-5.0234e-05	 4.8048e-05	 6.9513e-05
 1.7173e+00	 1.0251e+00	-4.5181e-05	 5.7393e-05	 7.3043e-05
 1.6277e+00	 1.1622e+00	-3.9829e-05	 6.7054e-05	 7.7991e-05
 1.5263e+00	 1.2924e+00	-3.4397e-05	 7.7329e-05	 8.4634e-05
 1.4142e+00	 1.4142e+00	-2.9028e-05	 8.7724e-05	 9.2402e-05
 1.2924e+00	 1.5263e+00	-2.3913e-05	 9.7478e-05	 1.0037e-04
 1.1622e+00	 1.6277e+00	-1.9223e-05	 1.0687e-04	 1.0859e-04
 1.0251e+00	 1.7173e+00	-1.5061e-05	 1.1608e-04	 1.1705e-04
 8.8253e-01	 1.7948e+00	-1.1492e-05	 1.2445e-04	 1.2498e-04
 7.3619e-01	 1.8596e+00	-8.5452e-06	 1.3158e-04	 1.3186e-04
 5.8762e-01	 1.9117e+00	-6.1815e-06	 1.3749e-04	 1.3763e-04
 4.3836e-01	 1.9514e+00	-4.2330e-06	 1.4217e-04	 1.4223e-04
 2.8984e-01	 1.9789e+00	-2.5857e-06	 1.4552e-04	 1.4554e-04
 1.4334e-01	 1.9949e+00	-1.1891e-06	 1.4747e-04	 1.4747e-04
 0.0000e+00	 2.0000e+00	 0.0000e+00	 1.4796e-04	 1.4796e-04
 2.0625e+00	 0.0000e+00	-6.5995e-05	 0.0000e+00	 6.5995e-05
 2.0572e+00	 1.4782e-01	-6.5654e-05	 7.2869e-06	 6.6057e-05
 2.0407e+00	 2.9890e-01	-6.4381e-05	 1.4809e-05	 6.6063e-05
 2.0123e+00	 4.5206e-01	-6.2215e-05	 2.2669e-05	 6.6217e-05
 1.9715e+00	 6.0599e-01	-5.9204e-05	 3.0915e-05	 6.6789e-05
 1.9177e+00	 7.5920e-01	-5.5419e-05	 3.9616e-05	 6.8123e-05
 1.8508e+00	 9.1011e-01	-5.0934e-05	 4.8837e-05	 7.0564e-05
 1.7710e+00	 1.0571e+00	-4.5879e-05	 5.8277e-05	 7.4169e-05
 1.6785e+00	 1.1985e+00	-4.0509e-05	 6.7954e-05	 7.9112e-05
 1.5740e+00	 1.3328e+00	-3.5045e-05	 7.8256e-05	 8.5745e-05
 1.4584e+00	 1.4584e+00	-2.9660e-05	 8.8727e-05	 9.3553e-05
 1.3328e+00	 1.5740e+00	-2.4530e-05	 9.8482e-05	 1.0149e-04
 1.1985e+00	 1.6785e+00	-1.9802e-05	 1.0798e-04	 1.0978e-04
 1.0571e+00	 1.7710e+00	-1.5588e-05	 1.1731e-04	 1.1834e-04
 9.1011e-01	 1.8508e+00	-1.1973e-05	 1.2568e-04	 1.2625e-04
 7.5920e-01	 1.9177e+00	-8.9609e-06	 1.3273e-04	 1.3304e-04
 6.0599e-01	 1.9715e+00	-6.5135e-06	 1.3862e-04	 1.3877e-04
 4.5206e-01	 2.0123e+00	-4.4771e-06	 1.4330e-04	 1.4337e-04
 2.9890e-01	 2.0407e+00	-2.7485e-06	 1.4664e-04	 1.4666e-04
 1.4782e-01	 2.0572e+00	-1.2773e-06	 1.4857e-04	 1.4858e-04
 0.0000e+00	 2.0625e+00	 0.0000e+00	 1.4908e-04	 1.4908e-04
 2.1250e+00	 0.0000e+00	-6.6651e-05	 0.0000e+00	 6.6651e-05
 2.1195e+00	 1.5230e-01	-6.6271e-05	 7.4272e-06	 6.6686e-05
 2.1026e+00	 3.0795e-01	-6.5009e-05	 1.5101e-05	 6.6740e-05
 2.0733e+00	 4.6576e-01	-6.2869e-05	 2.3103e-05	 6.6979e-05
 2.0312e+00	 6.2435e-01	-5.9882e-05	 3.1470e-05	 6.7648e-05
 1.9758e+00	 7.8220e-01	-5.6117e-05	 4.0291e-05	 6.9083e-05
 1.9069e+00	 9.3769e-01	-5.1651e-05	 4.9643e-05	 7.1640e-05
 1.8247e+00	 1.0891e+00	-4.6614e-05	 5.9215e-05	 7.5361e-05
 1.7294e+00	 1.2349e+00	-4.1232e-05	 6.8920e-05	 8.0313e-05
 1.6217e+00	 1.3732e+00	-3.5731e-05	 7.9237e-05	 8.6921e-05
 1.5026e+00	 1.5026e+00	-3.0329e-05	 8.9741e-05	 9.4728e-05
 1.3732e+00	 1.6217e+00	-2.5192e-05	 9.9549e-05	 1.0269e-04
 1.2349e+00	 1.7294e+00	-2.0427e-05	 1.0919e-04	 1.1108e-04
 1.0891e+00	 1.8247e+00	-1.6161e-05	 1.1863e-04	 1.1973e-04
 9.3769e-01	 1.9069e+00	-1.2494e-05	 1.2694e-04	 1.2756e-04
 7.8220e-01	 1.9758e+00	-9.4166e-06	 1.3395e-04	 1.3428e-04
 6.2435e-01	 2.0312e+00	-6.8788e-06	 1.3984e-04	 1.4001e-04
 4.6576e-01	 2.0733e+00	-4.7474e-06	 1.4454e-04	 1.4461e-04
 3.0795e-01	 2.1026e+00	-2.9328e-06	 1.4787e-04	 1.4789e-04
 1.5230e-01	 2.1195e+00	-1.3809e-06	 1.4979e-04	 1.4979e-04
 0.0000e+00	 2.1250e+00	 0.0000e+00	 1.5034e-04	 1.5034e-04
 2.1875e+00	 0.0000e+00	-6.7398e-05	 0.0000e+00	 6.7398e-05
 2.1819e+00	 1.5678e-01	-6.6978e-05	 7.5751e-06	 6.7405e-05
 2.1644e+00	 3.1701e-01	-6.5724e-05	 1.5415e-05	 6.7508e-05
 2.1343e+00	 4.7946e-01	-6.3600e-05	 2.3576e-05	 6.7829e-05
 2.0910e+00	 6.4271e-01	-6.0626e-05	 3.2082e-05	 6.8591e-05
 2.0339e+00	 8.0521e-01	-5.6868e-05	 4.1027e-05	 7.0123e-05
 1.9630e+00	 9.6527e-01	-5.2409e-05	 5.0504e-05	 7.2783e-05
 1.8783e+00	 1.1212e+00	-4.7389e-05	 6.0225e-05	 7.6634e-05
 1.7802e+00	 1.2712e+00	-4.2006e-05	 7.0008e-05	 8.1643e-05
 1.6694e+00	 1.4136e+00	-3.6467e-05	 8.0349e-05	 8.8237e-05
 1.5468e+00	 1.5468e+00	-3.1043e-05	 9.0857e-05	 9.6013e-05
 1.4136e+00	 1.6694e+00	-2.5903e-05	 1.0077e-04	 1.0405e-04
 1.2712e+00	 1.7802e+00	-2.1102e-05	 1.1056e-04	 1.1256e-04
 1.1212e+00	 1.8783e+00	-1.6783e-05	 1.2006e-04	 1.2123e-04
 9.6527e-01	 1.9630e+00	-1.3066e-05	 1.2832e-04	 1.2898e-04
 8.0521e-01	 2.0339e+00	-9.9228e-06	 1.3533e-04	 1.3569e-04
 6.4271e-01	 2.0910e+00	-7.2891e-06	 1.4126e-04	 1.4144e-04
 4.7946e-01	 2.1343e+00	-5.0553e-06	 1.4597e-04	 1.4606e-04
 3.1701e-01	 2.1644e+00	-3.1459e-06	 1.4930e-04	 1.4933e-04
 1.5678e-01	 2.1819e+00	-1.5010e-06	 1.5121e-04	 1.5122e-04
 0.0000e+00	 2.1875e+00	 0.0000e+00	 1.5182e-04	 1.5182e-04
 2.2500e+00	 0.0000e+00	-6.8278e-05	 0.0000e+00	 6.8278e-05
 2.2442e+00	 1.6126e-01	-6.7835e-05	 7.7333e-06	 6.8275e-05
 2.2262e+00	 3.2607e-01	-6.6582e-05	 1.5753e-05	 6.8420e-05
 2.1953e+00	 4.9316e-01	-6.4454e-05	 2.4095e-05	 6.8811e-05
 2.1507e+00	 6.6108e-01	-6.1470e-05	 3.2768e-05	 6.9658e-05
 2.0920e+00	 8.2821e-01	-5.7699e-05	 4.1859e-05	 7.1284e-05
 2.0191e+00	 9.9285e-01	-5.3231e-05	 5.1481e-05	 7.4053e-05
 1.9320e+00	 1.1532e+00	-4.8216e-05	 6.1378e-05	 7.8052e-05
 1.8311e+00	 1.3075e+00	-4.2836e-05	 7.1307e-05	 8.3184e-05
 1.7171e+00	 1.4540e+00	-3.7264e-05	 8.1704e-05	 8.9801e-05
 1.5910e+00	 1.5910e+00	-3.1813e-05	 9.2235e-05	 9.7567e-05
 1.4540e+00	 1.7171e+00	-2.6669e-05	 1.0228e-04	 1.0570e-04
 1.3075e+00	 1.8311e+00	-2.1834e-05	 1.1220e-04	 1.1430e-04
 1.1532e+00	 1.9320e+00	-1.7464e-05	 1.2169e-04	 1.2294e-04
 9.9285e-01	 2.0191e+00	-1.3700e-05	 1.2992e-04	 1.3064e-04
 8.2821e-01	 2.0920e+00	-1.0490e-05	 1.3695e-04	 1.3735e-04
 6.6108e-01	 2.1507e+00	-7.7551e-06	 1.4294e-04	 1.4315e-04
 4.9316e-01	 2.1953e+00	-5.4118e-06	 1.4769e-04	 1.4779e-04
 3.2607e-01	 2.2262e+00	-3.3962e-06	 1.5103e-04	 1.5107e-04
 1.6126e-01	 2.2442e+00	-1.6391e-06	 1.5295e-04	 1.5296e-04
 0.0000e+00	 2.2500e+00	 0.0000e+00	 1.5361e-04	 1.5361e-04
-5.4129e-05	 1.3439e-04	 1.2613e-08	 9.6144e-01	 3.0835e+01	 9.9933e-04
-5.7494e-05	 1.3311e-04	-2.2150e-05	-1.2358e-01	 3.0080e+01	-1.7549e+00
-5.6252e-05	 1.2871e-04	-4.5941e-05	-3.0243e-01	 2.9007e+01	-3.6400e+00
-5.0818e-05	 1.2090e-04	-6.8854e-05	 2.7587e-01	 2.7486e+01	-5.4553e+00
-4.2026e-05	 1.0945e-04	-8.8398e-05	 1.3535e+00	 2.5357e+01	-7.0038e+00
-3.1114e-05	 9.4213e-05	-1.0231e-04	 2.5688e+00	 2.2428e+01	-8.1062e+00
-1.9624e-05	 7.6410e-05	-1.0802e-04	 3.6392e+00	 1.8857e+01	-8.5589e+00
-9.0352e-06	 5.8516e-05	-1.0471e-04	 4.4489e+00	 1.5153e+01	-8.2963e+00
-5.1288e-07	 4.2332e-05	-9.4080e-05	 4.8887e+00	 1.1678e+01	-7.4540e+00
 5.1814e-06	 2.9527e-05	-7.8626e-05	 4.9460e+00	 8.8039e+00	-6.2296e+00
 7.7464e-06	 2.1001e-05	-6.0623e-05	 4.6440e+00	 6.7442e+00	-4.8032e+00
-4.1332e-05	 1.1630e-04	-3.1009e-06	 2.3606e+00	 2.7340e+01	-2.4568e-01
-4.2118e-05	 1.1478e-04	-1.8737e-05	 1.9621e+00	 2.6825e+01	-1.4845e+00
-4.0607e-05	 1.1101e-04	-3.5634e-05	 1.9321e+00	 2.5957e+01	-2.8233e+00
-3.6784e-05	 1.0487e-04	-5.2276e-05	 2.2634e+00	 2.4711e+01	-4.1418e+00
-3.1053e-05	 9.6197e-05	-6.7014e-05	 2.8213e+00	 2.2986e+01	-5.3096e+00
-2.4201e-05	 8.4677e-05	-7.8083e-05	 3.3525e+00	 2.0605e+01	-6.1866e+00
-1.7290e-05	 7.1332e-05	-8.2685e-05	 3.6830e+00	 1.7726e+01	-6.5512e+00
-1.1292e-05	 5.7688e-05	-8.0816e-05	 3.7248e+00	 1.4655e+01	-6.4031e+00
-6.7733e-06	 4.5269e-05	-7.4285e-05	 3.5018e+00	 1.1748e+01	-5.8857e+00
-3.8496e-06	 3.5423e-05	-6.5470e-05	 3.1424e+00	 9.3656e+00	-5.1873e+00
-2.3039e-06	 2.8528e-05	-5.6506e-05	 2.7516e+00	 7.6373e+00	-4.4770e+00
-3.3698e-05	 1.0125e-04	-3.6646e-06	 2.6887e+00	 2.4073e+01	-2.9035e-01
-3.3316e-05	 9.9950e-05	-1.4153e-05	 2.6400e+00	 2.3758e+01	-1.1213e+00
-3.1973e-05	 9.7011e-05	-2.5615e-05	 2.6629e+00	 2.3102e+01	-2.0295e+00
-2.9225e-05	 9.2553e-05	-3.7517e-05	 2.8952e+00	 2.2192e+01	-2.9725e+00
-2.5335e-05	 8.6493e-05	-4.8898e-05	 3.2537e+00	 2.0974e+01	-3.8742e+00
-2.0897e-05	 7.8481e-05	-5.8071e-05	 3.5322e+00	 1.9280e+01	-4.6010e+00
-1.6818e-05	 6.8878e-05	-6.2170e-05	 3.5220e+00	 1.7102e+01	-4.9258e+00
-1.3825e-05	 5.8685e-05	-6.1559e-05	 3.1406e+00	 1.4631e+01	-4.8773e+00
-1.2060e-05	 4.9253e-05	-5.8042e-05	 2.5092e+00	 1.2225e+01	-4.5987e+00
-1.1102e-05	 4.1821e-05	-5.3952e-05	 1.8915e+00	 1.0278e+01	-4.2746e+00
-1.0277e-05	 3.5911e-05	-5.0905e-05	 1.4180e+00	 8.7370e+00	-4.0332e+00
-2.8161e-05	 8.9394e-05	-3.1415e-06	 2.8148e+00	 2.1443e+01	-2.4890e-01
-2.7472e-05	 8.8487e-05	-9.7135e-06	 2.8982e+00	 2.1273e+01	-7.6961e-01
-2.7081e-05	 8.6360e-05	-1.6778e-05	 2.7538e+00	 2.0730e+01	-1.3294e+00
-2.6233e-05	 8.3340e-05	-2.4560e-05	 2.6299e+00	 1.9993e+01	-1.9459e+00
-2.4335e-05	 7.9535e-05	-3.3107e-05	 2.7041e+00	 1.9163e+01	-2.6231e+00
-2.1139e-05	 7.4539e-05	-4.1102e-05	 2.9968e+00	 1.8158e+01	-3.2565e+00
-1.8223e-05	 6.8022e-05	-4.5434e-05	 3.0309e+00	 1.6697e+01	-3.5997e+00
-1.6746e-05	 6.0620e-05	-4.6107e-05	 2.5607e+00	 1.4820e+01	-3.6531e+00
-1.6563e-05	 5.3550e-05	-4.4842e-05	 1.7713e+00	 1.2882e+01	-3.5529e+00
-1.6792e-05	 4.7964e-05	-4.4071e-05	 1.0437e+00	 1.1305e+01	-3.4918e+00
-1.6499e-05	 4.2269e-05	-4.5178e-05	 4.4831e-01	 9.7606e+00	-3.5795e+00
-2.3342e-05	 8.0298e-05	-2.1349e-06	 3.0701e+00	 1.9493e+01	-1.6915e-01
-2.2595e-05	 7.9820e-05	-5.9755e-06	 3.2205e+00	 1.9449e+01	-4.7345e-01
-2.2961e-05	 7.8400e-05	-9.8271e-06	 2.9503e+00	 1.9012e+01	-7.7861e-01
-2.3621e-05	 7.6532e-05	-1.4456e-05	 2.5451e+00	 1.8416e+01	-1.1454e+00
-2.3791e-05	 7.4516e-05	-2.0543e-05	 2.2585e+00	 1.7836e+01	-1.6276e+00
-2.2952e-05	 7.1799e-05	-2.7009e-05	 2.1683e+00	 1.7183e+01	-2.1399e+00
-2.1363e-05	 6.7774e-05	-3.1754e-05	 2.1307e+00	 1.6255e+01	-2.5159e+00
-2.0083e-05	 6.2667e-05	-3.3886e-05	 1.8786e+00	 1.4991e+01	-2.6848e+00
-2.0413e-05	 5.7469e-05	-3.4327e-05	 1.1693e+00	 1.3511e+01	-2.7198e+00
-2.1160e-05	 5.2775e-05	-3.6023e-05	 4.0421e-01	 1.2120e+01	-2.8541e+00
-2.1220e-05	 4.7197e-05	-4.0013e-05	-2.7532e-01	 1.0566e+01	-3.1703e+00
-1.9241e-05	 7.3453e-05	-9.8929e-07	 3.3940e+00	 1.8082e+01	-7.8382e-02
-1.8579e-05	 7.3354e-05	-3.0070e-06	 3.5658e+00	 1.8134e+01	-2.3825e-01
-1.9482e-05	 7.2490e-05	-4.5702e-06	 3.2126e+00	 1.7787e+01	-3.6210e-01
-2.1170e-05	 7.1475e-05	-6.8290e-06	 2.6239e+00	 1.7305e+01	-5.4106e-01
-2.2746e-05	 7.0767e-05	-1.0949e-05	 2.1027e+00	 1.6921e+01	-8.6746e-01
-2.3570e-05	 6.9601e-05	-1.6180e-05	 1.7358e+00	 1.6500e+01	-1.2820e+00
-2.3819e-05	 6.7401e-05	-2.1068e-05	 1.4050e+00	 1.5860e+01	-1.6692e+00
-2.3720e-05	 6.4163e-05	-2.4483e-05	 1.0476e+00	 1.4974e+01	-1.9398e+00
-2.3737e-05	 6.0416e-05	-2.6266e-05	 5.9771e-01	 1.3933e+01	-2.0811e+00
-2.4469e-05	 5.6040e-05	-2.9893e-05	-1.2545e-01	 1.2632e+01	-2.3684e+00
-2.4683e-05	 5.0613e-05	-3.5744e-05	-8.2969e-01	 1.1102e+01	-2.8321e+00
-1.5857e-05	 6.8346e-05	 9.0789e-08	 3.7253e+00	 1.7068e+01	 7.1933e-03
-1.5324e-05	 6.8536e-05	-8.2406e-07	 3.8958e+00	 1.7184e+01	-6.5291e-02
-1.6526e-05	 6.8080e-05	-8.4738e-07	 3.5084e+00	 1.6915e+01	-6.7138e-02
-1.8828e-05	 6.7649e-05	-1.3433e-06	 2.8187e+00	 1.6522e+01	-1.0643e-01
-2.1301e-05	 6.7767e-05	-3.8061e-06	 2.1468e+00	 1.6261e+01	-3.0156e-01
-2.3263e-05	 6.7600e-05	-8.0519e-06	 1.5830e+00	 1.5981e+01	-6.3796e-01
-2.4798e-05	 6.6684e-05	-1.3014e-05	 1.0485e+00	 1.5545e+01	-1.0311e+00
-2.6027e-05	 6.4825e-05	-1.7319e-05	 4.8667e-01	 1.4883e+01	-1.3722e+00
-2.6693e-05	 6.2011e-05	-2.0646e-05	-3.2544e-02	 1.4024e+01	-1.6358e+00
-2.6973e-05	 5.7881e-05	-2.5546e-05	-6.0084e-01	 1.2845e+01	-2.0241e+00
-2.7123e-05	 5.2694e-05	-3.2425e-05	-1.2589e+00	 1.1389e+01	-2.5691e+00
-1.3191e-05	 6.4456e-05	 1.0099e-06	 4.0023e+00	 1.6306e+01	 8.0017e-02
-1.2737e-05	 6.4853e-05	 5.9388e-07	 4.1754e+00	 1.6470e+01	 4.7054e-02
-1.3984e-05	 6.4703e-05	 1.4677e-06	 3.8118e+00	 1.6281e+01	 1.1629e-01
-1.6562e-05	 6.4653e-05	 2.2394e-06	 3.0911e+00	 1.5960e+01	 1.7743e-01
-1.9593e-05	 6.5209e-05	 1.1896e-06	 2.3166e+00	 1.5754e+01	 9.4254e-02
-2.2362e-05	 6.5638e-05	-2.1902e-06	 1.5995e+00	 1.5544e+01	-1.7353e-01
-2.4806e-05	 6.5612e-05	-7.0829e-06	 9.1883e-01	 1.5247e+01	-5.6118e-01
-2.6970e-05	 6.4785e-05	-1.1857e-05	 2.2052e-01	 1.4760e+01	-9.3943e-01
-2.8576e-05	 6.2519e-05	-1.6686e-05	-4.9404e-01	 1.3941e+01	-1.3221e+00
-2.8915e-05	 5.8634e-05	-2.2674e-05	-1.0500e+00	 1.2823e+01	-1.7965e+00
-2.8768e-05	 5.3811e-05	-2.9900e-05	-1.5824e+00	 1.1503e+01	-2.3690e+00
-1.1274e-05	 6.1264e-05	 1.7575e-06	 4.1547e+00	 1.5649e+01	 1.3925e-01
-1.0771e-05	 6.1827e-05	 1.3194e-06	 4.3611e+00	 1.5865e+01	 1.0454e-01
-1.1764e-05	 6.1968e-05	 2.4668e-06	 4.1025e+00	 1.5786e+01	 1.9545e-01
-1.4362e-05	 6.2210e-05	 4.0688e-06	 3.4107e+00	 1.5544e+01	 3.2237e-01
-1.7787e-05	 6.2954e-05	 4.2351e-06	 2.5494e+00	 1.5344e+01	 3.3555e-01
-2.1217e-05	 6.3697e-05	 1.7251e-06	 1.6866e+00	 1.5142e+01	 1.3668e-01
-2.4350e-05	 6.4283e-05	-2.8897e-06	 8.8738e-01	 1.4932e+01	-2.2895e-01
-2.7173e-05	 6.4230e-05	-7.8556e-06	 9.8199e-02	 1.4582e+01	-6.2241e-01
-2.9397e-05	 6.2331e-05	-1.3810e-05	-7.4417e-01	 1.3791e+01	-1.0942e+00
-3.0315e-05	 5.8756e-05	-2.0716e-05	-1.4235e+00	 1.2691e+01	-1.6413e+00
-2.9837e-05	 5.4456e-05	-2.7872e-05	-1.8021e+00	 1.1555e+01	-2.2083e+00
-1.0609e-05	 5.8480e-05	 2.2503e-06	 4.0082e+00	 1.4956e+01	 1.7829e-01
-1.0334e-05	 5.9169e-05	 2.0012e-06	 4.1662e+00	 1.5180e+01	 1.5855e-01
-1.0928e-05	 5.9615e-05	 3.0853e-06	 4.0545e+00	 1.5233e+01	 2.4445e-01
-1.2867e-05	 6.0160e-05	 4.6927e-06	 3.5816e+00	 1.5154e+01	 3.7181e-01
-1.6129e-05	 6.1002e-05	 5.4764e-06	 2.7771e+00	 1.4999e+01	 4.3390e-01
-2.0192e-05	 6.1867e-05	 3.9270e-06	 1.7534e+00	 1.4757e+01	 3.1114e-01
-2.3924e-05	 6.2860e-05	-1.4176e-07	 8.3628e-01	 1.4588e+01	-1.1232e-02
-2.7201e-05	 6.3320e-05	-5.2124e-06	-1.7570e-02	 1.4326e+01	-4.1299e-01
-2.9715e-05	 6.1751e-05	-1.1784e-05	-9.0146e-01	 1.3592e+01	-9.3366e-01
-3.0909e-05	 5.8665e-05	-1.9022e-05	-1.5991e+00	 1.2595e+01	-1.5071e+00
-3.0531e-05	 5.5171e-05	-2.5976e-05	-1.9096e+00	 1.1671e+01	-2.0581e+00
-1.1373e-05	 5.6202e-05	 2.2184e-06	 3.5256e+00	 1.4234e+01	 1.7577e-01
-1.1847e-05	 5.6913e-05	 2.7216e-06	 3.4786e+00	 1.4374e+01	 2.1563e-01
-1.2471e-05	 5.7614e-05	 3.9542e-06	 3.3887e+00	 1.4495e+01	 3.1329e-01
-1.3937e-05	 5.8453e-05	 5.4216e-06	 3.0820e+00	 1.4553e+01	 4.2956e-01
-1.6468e-05	 5.9397e-05	 6.0625e-06	 2.4923e+00	 1.4514e+01	 4.8034e-01
-1.9926e-05	 6.0296e-05	 4.7181e-06	 1.6402e+00	 1.4352e+01	 3.7382e-01
-2.4003e-05	 6.1523e-05	 1.3822e-06	 6.5552e-01	 1.4208e+01	 1.0951e-01
-2.7544e-05	 6.2222e-05	-3.6648e-06	-2.4317e-01	 1.3981e+01	-2.9036e-01
-3.0011e-05	 6.0993e-05	-1.0433e-05	-1.0736e+00	 1.3347e+01	-8.2661e-01
-3.1104e-05	 5.8655e-05	-1.7517e-05	-1.6545e+00	 1.2569e+01	-1.3879e+00
-3.0855e-05	 5.6073e-05	-2.3885e-05	-1.8922e+00	 1.1882e+01	-1.8924e+00
 7.7464e-06	 2.1001e-05	-6.0623e-05	 4.6440e+00	 6.7442e+00	-4.8032e+00
 7.2487e-06	 1.6048e-05	-4.0114e-05	 3.9173e+00	 5.3116e+00	-3.1782e+00
 3.8634e-06	 1.3388e-05	-1.8286e-05	 2.6624e+00	 4.1716e+00	-1.4488e+00
-2.0453e-06	 1.3244e-05	 1.9286e-06	 1.0069e+00	 3.4297e+00	 1.5281e-01
-9.9065e-06	 1.5840e-05	 1.7428e-05	-8.6462e-01	 3.2152e+00	 1.3808e+00
-1.8991e-05	 2.0843e-05	 2.5880e-05	-2.7893e+00	 3.5229e+00	 2.0505e+00
-2.8133e-05	 2.7004e-05	 2.7090e-05	-4.5921e+00	 4.1450e+00	 2.1464e+00
-3.6118e-05	 3.1885e-05	 2.2600e-05	-6.2263e+00	 4.5495e+00	 1.7907e+00
-4.2208e-05	 3.3082e-05	 1.4053e-05	-7.7731e+00	 4.1575e+00	 1.1134e+00
-4.5924e-05	 2.8795e-05	 3.4946e-06	-9.3127e+00	 2.5274e+00	 2.7688e-01
-4.7023e-05	 1.7961e-05	-6.7886e-06	-1.0905e+01	-6.0769e-01	-5.3786e-01
-2.3039e-06	 2.8528e-05	-5.6506e-05	 2.7516e+00	 7.6373e+00	-4.4770e+00
-2.1415e-06	 2.2398e-05	-4.6249e-05	 2.0681e+00	 5.9566e+00	-3.6643e+00
-3.6562e-06	 1.6115e-05	-3.2909e-05	 9.0133e-01	 4.0343e+00	-2.6074e+00
-6.8763e-06	 1.0804e-05	-1.8827e-05	-6.2280e-01	 2.1789e+00	-1.4917e+00
-1.1585e-05	 7.7157e-06	-6.7742e-06	-2.2957e+00	 7.6275e-01	-5.3673e-01
-1.7364e-05	 7.4207e-06	 9.8123e-07	-3.9334e+00	-5.8761e-03	 7.7743e-02
-2.3424e-05	 9.3879e-06	 3.9577e-06	-5.3799e+00	-1.8048e-01	 3.1357e-01
-2.8495e-05	 1.1738e-05	 4.3831e-06	-6.5068e+00	-1.3146e-01	 3.4727e-01
-3.2026e-05	 1.2485e-05	 3.3808e-06	-7.3971e+00	-3.4385e-01	 2.6787e-01
-3.3701e-05	 1.0391e-05	 2.1824e-06	-8.1106e+00	-1.1237e+00	 1.7291e-01
-3.3367e-05	 5.0473e-06	 2.1328e-06	-8.6531e+00	-2.5659e+00	 1.6899e-01
-1.0277e-05	 3.5911e-05	-5.0905e-05	 1.4180e+00	 8.7370e+00	-4.0332e+00
-9.6756e-06	 2.8926e-05	-4.7395e-05	 7.5466e-01	 6.8716e+00	-3.7552e+00
-9.8147e-06	 2.0383e-05	-4.0334e-05	-2.9923e-01	 4.4860e+00	-3.1957e+00
-1.1019e-05	 1.2053e-05	-3.0809e-05	-1.6233e+00	 2.0328e+00	-2.4410e+00
-1.3338e-05	 6.0676e-06	-2.1497e-05	-2.9777e+00	 9.7404e-02	-1.7032e+00
-1.6569e-05	 3.5950e-06	-1.4644e-05	-4.1674e+00	-9.7220e-01	-1.1602e+00
-2.0227e-05	 4.2302e-06	-1.1144e-05	-5.1063e+00	-1.2308e+00	-8.8297e-01
-2.3068e-05	 6.0921e-06	-8.1823e-06	-5.6728e+00	-1.0521e+00	-6.4829e-01
-2.4669e-05	 7.2203e-06	-4.7593e-06	-5.9829e+00	-9.2961e-01	-3.7709e-01
-2.4903e-05	 6.4933e-06	-3.2245e-07	-6.1341e+00	-1.1590e+00	-2.5548e-02
-2.3686e-05	 4.4158e-06	 5.7370e-06	-6.0435e+00	-1.5905e+00	 4.5455e-01
-1.6499e-05	 4.2269e-05	-4.5178e-05	 4.4831e-01	 9.7606e+00	-3.5795e+00
-1.5701e-05	 3.4909e-05	-4.5855e-05	-2.0527e-01	 7.8144e+00	-3.6331e+00
-1.4833e-05	 2.5558e-05	-4.3071e-05	-1.0757e+00	 5.3246e+00	-3.4125e+00
-1.4530e-05	 1.6342e-05	-3.6748e-05	-2.0870e+00	 2.8050e+00	-2.9115e+00
-1.5045e-05	 1.0245e-05	-2.9538e-05	-2.9545e+00	 1.0530e+00	-2.3404e+00
-1.6294e-05	 8.8086e-06	-2.3614e-05	-3.4716e+00	 5.0619e-01	-1.8710e+00
-1.7980e-05	 1.0075e-05	-2.0145e-05	-3.7887e+00	 6.5693e-01	-1.5961e+00
-1.9077e-05	 1.0166e-05	-1.6237e-05	-4.0821e+00	 5.5173e-01	-1.2864e+00
-1.9278e-05	 9.0009e-06	-1.0440e-05	-4.2763e+00	 2.0487e-01	-8.2714e-01
-1.8641e-05	 7.5102e-06	-2.8490e-06	-4.2766e+00	-1.3271e-01	-2.2573e-01
-1.7130e-05	 6.9929e-06	 6.4254e-06	-3.9192e+00	-9.6653e-02	 5.0909e-01
-2.1220e-05	 4.7197e-05	-4.0013e-05	-2.7532e-01	 1.0566e+01	-3.1703e+00
-2.0384e-05	 3.9880e-05	-4.3526e-05	-9.1291e-01	 8.6366e+00	-3.4486e+00
-1.8915e-05	 3.1006e-05	-4.3293e-05	-1.5603e+00	 6.3502e+00	-3.4301e+00
-1.7492e-05	 2.2921e-05	-3.9041e-05	-2.1265e+00	 4.2773e+00	-3.0933e+00
-1.6660e-05	 1.9263e-05	-3.3472e-05	-2.3306e+00	 3.3618e+00	-2.6520e+00
-1.6355e-05	 1.7814e-05	-2.8842e-05	-2.4182e+00	 2.9963e+00	-2.2852e+00
-1.6377e-05	 1.6160e-05	-2.5633e-05	-2.6210e+00	 2.5350e+00	-2.0309e+00
-1.6105e-05	 1.3491e-05	-2.1326e-05	-2.8627e+00	 1.8271e+00	-1.6897e+00
-1.5332e-05	 1.0389e-05	-1.4200e-05	-3.0170e+00	 1.0587e+00	-1.1251e+00
-1.4276e-05	 8.2692e-06	-5.0478e-06	-2.9762e+00	 5.9641e-01	-3.9994e-01
-1.2946e-05	 8.6998e-06	 5.4177e-06	-2.5560e+00	 8.7398e-01	 4.2925e-01
-2.4683e-05	 5.0613e-05	-3.5744e-05	-8.2969e-01	 1.1102e+01	-2.8321e+00
-2.3887e-05	 4.3732e-05	-4.1094e-05	-1.4266e+00	 9.2883e+00	-3.2559e+00
-2.2211e-05	 3.6257e-05	-4.2651e-05	-1.8502e+00	 7.4146e+00	-3.3793e+00
-2.0006e-05	 3.0821e-05	-3.9702e-05	-1.8848e+00	 6.1693e+00	-3.1456e+00
-1.8179e-05	 2.6910e-05	-3.6011e-05	-1.8429e+00	 5.3020e+00	-2.8531e+00
-1.6668e-05	 2.3569e-05	-3.2548e-05	-1.8211e+00	 4.5550e+00	-2.5788e+00
-1.5332e-05	 2.0027e-05	-2.9163e-05	-1.8715e+00	 3.7316e+00	-2.3106e+00
-1.3933e-05	 1.5573e-05	-2.4401e-05	-2.0128e+00	 2.6626e+00	-1.9333e+00
-1.2485e-05	 1.1172e-05	-1.6509e-05	-2.1343e+00	 1.6143e+00	-1.3080e+00
-1.1327e-05	 8.6079e-06	-6.7999e-06	-2.1182e+00	 1.0408e+00	-5.3876e-01
-1.0499e-05	 9.5358e-06	 3.5229e-06	-1.7782e+00	 1.3966e+00	 2.7912e-01
-2.7123e-05	 5.2694e-05	-3.2425e-05	-1.2589e+00	 1.1389e+01	-2.5691e+00
-2.6386e-05	 4.6609e-05	-3.8844e-05	-1.7778e+00	 9.7890e+00	-3.0776e+00
-2.4722e-05	 4.1159e-05	-4.1785e-05	-1.9641e+00	 8.4755e+00	-3.3107e+00
-2.2144e-05	 3.6072e-05	-4.0511e-05	-1.8536e+00	 7.3714e+00	-3.2097e+00
-1.9572e-05	 3.1111e-05	-3.8157e-05	-1.7299e+00	 6.3014e+00	-3.0232e+00
-1.7153e-05	 2.6611e-05	-3.5401e-05	-1.5939e+00	 5.3409e+00	-2.8049e+00
-1.4767e-05	 2.1877e-05	-3.1678e-05	-1.4949e+00	 4.3118e+00	-2.5099e+00
-1.2415e-05	 1.6331e-05	-2.6201e-05	-1.5018e+00	 3.0532e+00	-2.0759e+00
-1.0496e-05	 1.1161e-05	-1.7801e-05	-1.5843e+00	 1.8476e+00	-1.4104e+00
-9.4247e-06	 8.3764e-06	-8.0974e-06	-1.6180e+00	 1.2027e+00	-6.4157e-01
-9.2548e-06	 9.5005e-06	 1.3077e-06	-1.4373e+00	 1.5347e+00	 1.0361e-01
-2.8768e-05	 5.3811e-05	-2.9900e-05	-1.5824e+00	 1.1503e+01	-2.3690e+00
-2.8062e-05	 4.8857e-05	-3.6796e-05	-1.9752e+00	 1.0213e+01	-2.9154e+00
-2.6531e-05	 4.4207e-05	-4.1099e-05	-2.1035e+00	 9.1058e+00	-3.2563e+00
-2.3896e-05	 3.8529e-05	-4.1597e-05	-2.0474e+00	 7.8446e+00	-3.2958e+00
-2.0774e-05	 3.2944e-05	-3.9955e-05	-1.8456e+00	 6.6667e+00	-3.1656e+00
-1.7703e-05	 2.7650e-05	-3.7629e-05	-1.6231e+00	 5.5636e+00	-2.9814e+00
-1.4558e-05	 2.2011e-05	-3.3574e-05	-1.4212e+00	 4.3736e+00	-2.6601e+00
-1.1450e-05	 1.5730e-05	-2.7256e-05	-1.3058e+00	 3.0012e+00	-2.1595e+00
-9.2066e-06	 1.0186e-05	-1.8458e-05	-1.3425e+00	 1.7306e+00	-1.4625e+00
-8.2914e-06	 7.4342e-06	-9.0143e-06	-1.4157e+00	 1.0762e+00	-7.1421e-01
-8.7552e-06	 8.5937e-06	-8.5073e-07	-1.4066e+00	 1.3426e+00	-6.7404e-02
-2.9837e-05	 5.4456e-05	-2.7872e-05	-1.8021e+00	 1.1555e+01	-2.2083e+00
-2.9084e-05	 5.0571e-05	-3.4862e-05	-2.0552e+00	 1.0567e+01	-2.7621e+00
-2.7675e-05	 4.5524e-05	-4.0257e-05	-2.2642e+00	 9.3351e+00	-3.1896e+00
-2.5157e-05	 3.9531e-05	-4.2295e-05	-2.2781e+00	 7.9725e+00	-3.3511e+00
-2.1698e-05	 3.3509e-05	-4.1143e-05	-2.0345e+00	 6.7137e+00	-3.2598e+00
-1.8194e-05	 2.7467e-05	-3.9121e-05	-1.7808e+00	 5.4547e+00	-3.0995e+00
-1.4568e-05	 2.0819e-05	-3.4892e-05	-1.5657e+00	 4.0418e+00	-2.7645e+00
-1.0961e-05	 1.3788e-05	-2.7884e-05	-1.4009e+00	 2.5209e+00	-2.2092e+00
-8.5177e-06	 8.1058e-06	-1.8800e-05	-1.3987e+00	 1.2355e+00	-1.4896e+00
-7.7271e-06	 5.7960e-06	-9.6835e-06	-1.4539e+00	 6.8894e-01	-7.6723e-01
-8.6045e-06	 7.0077e-06	-2.7234e-06	-1.5533e+00	 9.2069e-01	-2.1578e-01
-3.0531e-05	 5.5171e-05	-2.5976e-05	-1.9096e+00	 1.1671e+01	-2.0581e+00
-2.9566e-05	 5.1385e-05	-3.2836e-05	-2.0919e+00	 1.0736e+01	-2.6016e+00
-2.8182e-05	 4.6277e-05	-3.8727e-05	-2.3153e+00	 9.4835e+00	-3.0684e+00
-2.5796e-05	 4.0303e-05	-4.1771e-05	-2.3636e+00	 8.1105e+00	-3.3096e+00
-2.2241e-05	 3.3903e-05	-4.1268e-05	-2.1383e+00	 6.7584e+00	-3.2697e+00
-1.8485e-05	 2.6899e-05	-3.9511e-05	-1.9293e+00	 5.2623e+00	-3.1305e+00
-1.4643e-05	 1.8898e-05	-3.5367e-05	-1.8146e+00	 3.5003e+00	-2.8021e+00
-1.0858e-05	 1.2245e-05	-2.8002e-05	-1.5558e+00	 2.1052e+00	-2.2186e+00
-8.3364e-06	 8.1911e-06	-1.8840e-05	-1.3383e+00	 1.2807e+00	-1.4927e+00
-7.5649e-06	 6.9670e-06	-1.0131e-05	-1.2698e+00	 1.0329e+00	-8.0269e-01
-8.5199e-06	 7.8426e-06	-4.0443e-06	-1.4306e+00	 1.1623e+00	-3.2043e-01
-3.0855e-05	 5.6073e-05	-2.3885e-05	-1.8922e+00	 1.1882e+01	-1.8924e+00
-2.9584e-05	 5.2087e-05	-3.0261e-05	-2.0136e+00	 1.0928e+01	-2.3976e+00
-2.8084e-05	 4.7433e-05	-3.6121e-05	-2.1507e+00	 9.8158e+00	-2.8619e+00
-2.5789e-05	 4.1899e-05	-3.9630e-05	-2.1718e+00	 8.5542e+00	-3.1399e+00
-2.2301e-05	 3.5184e-05	-3.9784e-05	-2.0029e+00	 7.1063e+00	-3.1521e+00
-1.8433e-05	 2.7421e-05	-3.8180e-05	-1.8526e+00	 5.4134e+00	-3.0250e+00
-1.4608e-05	 2.0791e-05	-3.4078e-05	-1.5800e+00	 4.0295e+00	-2.7000e+00
-1.0942e-05	 1.5997e-05	-2.6918e-05	-1.1331e+00	 3.1357e+00	-2.1327e+00
-8.4532e-06	 1.3354e-05	-1.8165e-05	-7.5711e-01	 2.6984e+00	-1.4392e+00
-7.6175e-06	 1.2493e-05	-9.9995e-06	-6.2761e-01	 2.5592e+00	-7.9227e-01
-8.3676e-06	 1.2182e-05	-4.3751e-06	-8.7260e-01	 2.3837e+00	-3.4665e-01
-1.1373e-05	 5.6202e-05	 2.2184e-06	 3.5256e+00	 1.4234e+01	 1.7577e-01
-1.1847e-05	 5.6913e-05	 2.7216e-06	 3.4786e+00	 1.4374e+01	 2.1563e-01
-1.2471e-05	 5.7614e-05	 3.9542e-06	 3.3887e+00	 1.4495e+01	 3.1329e-01
-1.3937e-05	 5.8453e-05	 5.4216e-06	 3.0820e+00	 1.4553e+01	 4.2956e-01
-1.6468e-05	 5.9397e-05	 6.0625e-06	 2.4923e+00	 1.4514e+01	 4.8034e-01
-1.9926e-05	 6.0296e-05	 4.7181e-06	 1.6402e+00	 1.4352e+01	 3.7382e-01
-2.4003e-05	 6.1523e-05	 1.3822e-06	 6.5552e-01	 1.4208e+01	 1.0951e-01
-2.7544e-05	 6.2222e-05	-3.6648e-06	-2.4317e-01	 1.3981e+01	-2.9036e-01
-3.0011e-05	 6.0993e-05	-1.0433e-05	-1.0736e+00	 1.3347e+01	-8.2661e-01
-3.1104e-05	 5.8655e-05	-1.7517e-05	-1.6545e+00	 1.2569e+01	-1.3879e+00
-3.0855e-05	 5.6073e-05	-2.3885e-05	-1.8922e+00	 1.1882e+01	-1.8924e+00
-1.2437e-05	 5.4509e-05	 1.5227e-06	 3.0292e+00	 1.3638e+01	 1.2064e-01
-1.3690e-05	 5.5085e-05	 3.1909e-06	 2.7503e+00	 1.3648e+01	 2.5282e-01
-1.4548e-05	 5.5924e-05	 4.8457e-06	 2.6120e+00	 1.3779e+01	 3.8392e-01
-1.5817e-05	 5.6996e-05	 6.3018e-06	 2.3875e+00	 1.3926e+01	 4.9930e-01
-1.7867e-05	 5.8036e-05	 6.7800e-06	 1.9427e+00	 1.3970e+01	 5.3718e-01
-2.0613e-05	 5.9009e-05	 5.4663e-06	 1.2968e+00	 1.3914e+01	 4.3310e-01
-2.3962e-05	 6.0470e-05	 2.5517e-06	 5.4170e-01	 1.3921e+01	 2.0217e-01
-2.7697e-05	 6.1131e-05	-2.3595e-06	-4.1525e-01	 1.3661e+01	-1.8694e-01
-3.0155e-05	 6.0297e-05	-9.1584e-06	-1.1961e+00	 1.3137e+01	-7.2563e-01
-3.1090e-05	 5.8957e-05	-1.6035e-05	-1.6148e+00	 1.2654e+01	-1.2705e+00
-3.0831e-05	 5.6713e-05	-2.1778e-05	-1.8095e+00	 1.2063e+01	-1.7255e+00
-1.2676e-05	 5.3260e-05	 4.6627e-07	 2.8146e+00	 1.3263e+01	 3.6943e-02
-1.4265e-05	 5.3600e-05	 3.3858e-06	 2.4143e+00	 1.3168e+01	 2.6826e-01
-1.5332e-05	 5.4476e-05	 5.6454e-06	 2.2226e+00	 1.3285e+01	 4.4729e-01
-1.6640e-05	 5.5719e-05	 7.2766e-06	 2.0078e+00	 1.3474e+01	 5.7653e-01
-1.8548e-05	 5.6855e-05	 7.7496e-06	 1.6133e+00	 1.3562e+01	 6.1400e-01
-2.0951e-05	 5.7966e-05	 6.5895e-06	 1.0791e+00	 1.3584e+01	 5.2209e-01
-2.3801e-05	 5.9677e-05	 4.0093e-06	 4.9226e-01	 1.3720e+01	 3.1766e-01
-2.7056e-05	 6.0194e-05	-7.3340e-07	-3.4901e-01	 1.3477e+01	-5.8108e-02
-2.9815e-05	 5.9793e-05	-7.6011e-06	-1.1619e+00	 1.3038e+01	-6.0224e-01
-3.0851e-05	 5.9530e-05	-1.4547e-05	-1.4803e+00	 1.2842e+01	-1.1526e+00
-3.0665e-05	 5.7010e-05	-1.9943e-05	-1.7283e+00	 1.2165e+01	-1.5801e+00
-1.2087e-05	 5.2295e-05	-5.8619e-07	 2.8631e+00	 1.3065e+01	-4.6445e-02
-1.3616e-05	 5.2385e-05	 3.4392e-06	 2.4498e+00	 1.2908e+01	 2.7249e-01
-1.4923e-05	 5.3247e-05	 6.3095e-06	 2.1900e+00	 1.2992e+01	 4.9990e-01
-1.6527e-05	 5.4614e-05	 8.1698e-06	 1.9077e+00	 1.3181e+01	 6.4730e-01
-1.8611e-05	 5.5845e-05	 8.7242e-06	 1.4761e+00	 1.3275e+01	 6.9123e-01
-2.0996e-05	 5.7141e-05	 7.7805e-06	 9.6859e-01	 1.3350e+01	 6.1646e-01
-2.3649e-05	 5.8992e-05	 5.4583e-06	 4.5279e-01	 1.3548e+01	 4.3247e-01
-2.6476e-05	 5.9358e-05	 8.8989e-07	-2.8742e-01	 1.3314e+01	 7.0507e-02
-2.9104e-05	 5.9400e-05	-6.0054e-06	-1.0112e+00	 1.3013e+01	-4.7581e-01
-3.0453e-05	 5.9757e-05	-1.3205e-05	-1.3431e+00	 1.2952e+01	-1.0462e+00
-3.0410e-05	 5.6949e-05	-1.8434e-05	-1.6649e+00	 1.2178e+01	-1.4606e+00
-1.0775e-05	 5.1494e-05	-1.3196e-06	 3.1318e+00	 1.2999e+01	-1.0455e-01
-1.1866e-05	 5.1378e-05	 3.4380e-06	 2.8156e+00	 1.2837e+01	 2.7239e-01
-1.3421e-05	 5.2206e-05	 6.7672e-06	 2.4827e+00	 1.2882e+01	 5.3617e-01
-1.5591e-05	 5.3651e-05	 8.8232e-06	 2.0527e+00	 1.3025e+01	 6.9907e-01
-1.8140e-05	 5.4972e-05	 9.4824e-06	 1.5028e+00	 1.3088e+01	 7.5130e-01
-2.0791e-05	 5.6485e-05	 8.7729e-06	 9.4733e-01	 1.3193e+01	 6.9509e-01
-2.3498e-05	 5.8333e-05	 6.6750e-06	 4.1642e-01	 1.3383e+01	 5.2887e-01
-2.6111e-05	 5.8528e-05	 2.2981e-06	-2.8511e-01	 1.3127e+01	 1.8208e-01
-2.8347e-05	 5.8965e-05	-4.6773e-06	-8.5308e-01	 1.2982e+01	-3.7059e-01
-2.9949e-05	 5.9526e-05	-1.2175e-05	-1.2306e+00	 1.2948e+01	-9.6461e-01
-3.0111e-05	 5.6505e-05	-1.7319e-05	-1.6346e+00	 1.2091e+01	-1.3722e+00
-9.8425e-06	 5.0778e-05	-1.5891e-06	 3.3053e+00	 1.2911e+01	-1.2590e-01
-1.0383e-05	 5.0539e-05	 3.4362e-06	 3.1271e+00	 1.2781e+01	 2.7225e-01
-1.1871e-05	 5.1321e-05	 6.9905e-06	 2.8075e+00	 1.2821e+01	 5.5386e-01
-1.4211e-05	 5.2781e-05	 9.1389e-06	 2.3319e+00	 1.2948e+01	 7.2408e-01
-1.7211e-05	 5.4175e-05	 9.8270e-06	 1.6658e+00	 1.2978e+01	 7.7860e-01
-2.0370e-05	 5.5932e-05	 9.3394e-06	 9.9857e-01	 1.3089e+01	 7.3997e-01
-2.3333e-05	 5.7649e-05	 7.4860e-06	 3.8098e-01	 1.3213e+01	 5.9312e-01
-2.5917e-05	 5.7651e-05	 3.3817e-06	-3.3549e-01	 1.2907e+01	 2.6793e-01
-2.7915e-05	 5.8340e-05	-3.7793e-06	-8.0747e-01	 1.2861e+01	-2.9944e-01
-2.9380e-05	 5.8868e-05	-1.1613e-05	-1.1509e+00	 1.2833e+01	-9.2011e-01
-2.9802e-05	 5.5687e-05	-1.6624e-05	-1.6463e+00	 1.1900e+01	-1.3172e+00
-9.5879e-06	 5.0105e-05	-1.4673e-06	 3.2960e+00	 1.2755e+01	-1.1625e-01
-9.6816e-06	 4.9840e-05	 3.4347e-06	 3.2385e+00	 1.2670e+01	 2.7214e-01
-1.1100e-05	 5.0580e-05	 7.0241e-06	 2.9331e+00	 1.2707e+01	 5.5652e-01
-1.3462e-05	 5.1990e-05	 9.2418e-06	 2.4456e+00	 1.2817e+01	 7.3224e-01
-1.6418e-05	 5.3404e-05	 9.8643e-06	 1.7940e+00	 1.2858e+01	 7.8156e-01
-1.9760e-05	 5.5411e-05	 9.2970e-06	 1.1057e+00	 1.3017e+01	 7.3661e-01
-2.3136e-05	 5.6935e-05	 7.7708e-06	 3.5079e-01	 1.3039e+01	 6.1568e-01
-2.5848e-05	 5.6746e-05	 4.1128e-06	-4.2381e-01	 1.2664e+01	 3.2586e-01
-2.7743e-05	 5.7379e-05	-3.1267e-06	-8.7388e-01	 1.2615e+01	-2.4773e-01
-2.8932e-05	 5.7920e-05	-1.1387e-05	-1.1396e+00	 1.2623e+01	-9.0222e-01
-2.9509e-05	 5.4579e-05	-1.6292e-05	-1.6965e+00	 1.1628e+01	-1.2908e+00
-1.0011e-05	 4.9461e-05	-1.0687e-06	 3.1020e+00	 1.2526e+01	-8.4673e-02
-9.8071e-06	 4.9261e-05	 3.4221e-06	 3.1349e+00	 1.2495e+01	 2.7114e-01
-1.1146e-05	 4.9979e-05	 6.9086e-06	 2.8489e+00	 1.2535e+01	 5.4738e-01
-1.3448e-05	 5.1302e-05	 9.2021e-06	 2.3679e+00	 1.2628e+01	 7.2909e-01
-1.6287e-05	 5.2692e-05	 9.8652e-06	 1.7457e+00	 1.2676e+01	 7.8163e-01
-1.9459e-05	 5.4857e-05	 9.0685e-06	 1.1235e+00	 1.2900e+01	 7.1851e-01
-2.2887e-05	 5.6249e-05	 7.4649e-06	 3.3826e-01	 1.2878e+01	 5.9145e-01
-2.5858e-05	 5.5915e-05	 4.5509e-06	-5.2525e-01	 1.2433e+01	 3.6057e-01
-2.7767e-05	 5.6391e-05	-2.4352e-06	-9.9821e-01	 1.2338e+01	-1.9294e-01
-2.8770e-05	 5.7036e-05	-1.0954e-05	-1.1997e+00	 1.2397e+01	-8.6788e-01
-2.9242e-05	 5.3392e-05	-1.6131e-05	-1.7635e+00	 1.1331e+01	-1.2780e+00
-1.1113e-05	 4.8847e-05	-5.3188e-07	 2.7236e+00	 1.2225e+01	-4.2141e-02
-1.0801e-05	 4.8792e-05	 3.3861e-06	 2.8035e+00	 1.2247e+01	 2.6829e-01
-1.2038e-05	 4.9513e-05	 6.6946e-06	 2.5461e+00	 1.2300e+01	 5.3042e-01
-1.4168e-05	 5.0747e-05	 9.0893e-06	 2.1021e+00	 1.2389e+01	 7.2015e-01
-1.6785e-05	 5.2107e-05	 9.9140e-06	 1.5381e+00	 1.2455e+01	 7.8549e-01
-1.9710e-05	 5.4313e-05	 9.0700e-06	 9.8914e-01	 1.2719e+01	 7.1862e-01
-2.2840e-05	 5.5733e-05	 7.1415e-06	 2.8981e-01	 1.2741e+01	 5.6583e-01
-2.5902e-05	 5.5364e-05	 4.8485e-06	-6.0308e-01	 1.2275e+01	 3.8415e-01
-2.7933e-05	 5.5822e-05	-1.3619e-06	-1.1120e+00	 1.2160e+01	-1.0790e-01
-2.8837e-05	 5.6676e-05	-9.8685e-06	-1.2611e+00	 1.2290e+01	-7.8189e-01
-2.9024e-05	 5.2639e-05	-1.5672e-05	-1.7926e+00	 1.1148e+01	-1.2417e+00
-1.2893e-05	 4.8285e-05	-1.5869e-08	 2.1633e+00	 1.1858e+01	-1.2573e-03
-1.2703e-05	 4.8424e-05	 3.3162e-06	 2.2325e+00	 1.1919e+01	 2.6275e-01
-1.3801e-05	 4.9179e-05	 6.4419e-06	 2.0177e+00	 1.1998e+01	 5.1040e-01
-1.5619e-05	 5.0359e-05	 8.9841e-06	 1.6537e+00	 1.2109e+01	 7.1182e-01
-1.7872e-05	 5.1726e-05	 1.0112e-05	 1.1913e+00	 1.2220e+01	 8.0119e-01
-2.0445e-05	 5.3955e-05	 9.4554e-06	 7.4275e-01	 1.2532e+01	 7.4916e-01
-2.3228e-05	 5.5619e-05	 7.5452e-06	 1.6869e-01	 1.2663e+01	 5.9781e-01
-2.5989e-05	 5.5423e-05	 5.3735e-06	-6.2017e-01	 1.2280e+01	 4.2575e-01
-2.8197e-05	 5.6137e-05	 4.6438e-07	-1.1474e+00	 1.2216e+01	 3.6793e-02
-2.9089e-05	 5.7314e-05	-7.7163e-06	-1.2551e+00	 1.2436e+01	-6.1137e-01
-2.9003e-05	 5.3651e-05	-1.3833e-05	-1.6665e+00	 1.1431e+01	-1.0960e+00
-1.5463e-05	 4.7805e-05	 3.1059e-07	 1.3934e+00	 1.1419e+01	 2.4609e-02
-1.5555e-05	 4.8153e-05	 3.1848e-06	 1.4093e+00	 1.1505e+01	 2.5233e-01
-1.6452e-05	 4.8978e-05	 6.2180e-06	 1.2585e+00	 1.1627e+01	 4.9266e-01
-1.7791e-05	 5.0181e-05	 8.9781e-06	 1.0302e+00	 1.1801e+01	 7.1134e-01
-1.9507e-05	 5.1639e-05	 1.0577e-05	 7.2780e-01	 1.2002e+01	 8.3802e-01
-2.1596e-05	 5.3976e-05	 1.0389e-05	 4.2612e-01	 1.2401e+01	 8.2312e-01
-2.3968e-05	 5.6149e-05	 8.8355e-06	 2.6613e-02	 1.2722e+01	 7.0004e-01
-2.6368e-05	 5.6556e-05	 7.1016e-06	-5.9063e-01	 1.2550e+01	 5.6267e-01
-2.8522e-05	 5.7764e-05	 3.4000e-06	-1.0442e+00	 1.2629e+01	 2.6939e-01
-2.9495e-05	 5.9380e-05	-4.1623e-06	-1.1221e+00	 1.2961e+01	-3.2978e-01
-2.9203e-05	 5.6782e-05	-1.0294e-05	-1.3499e+00	 1.2276e+01	-8.1561e-01
-3.0855e-05	 5.6073e-05	-2.3885e-05	-1.8922e+00	 1.1882e+01	-1.8924e+00
-2.9584e-05	 5.2087e-05	-3.0261e-05	-2.0136e+00	 1.0928e+01	-2.3976e+00
-2.8084e-05	 4.7433e-05	-3.6121e-05	-2.1507e+00	 9.8158e+00	-2.8619e+00
-2.5789e-05	 4.1899e-05	-3.9630e-05	-2.1718e+00	 8.5542e+00	-3.1399e+00
-2.2301e-05	 3.5184e-05	-3.9784e-05	-2.0029e+00	 7.1063e+00	-3.1521e+00
-1.8433e-05	 2.7421e-05	-3.8180e-05	-1.8526e+00	 5.4134e+00	-3.0250e+00
-1.4608e-05	 2.0791e-05	-3.4078e-05	-1.5800e+00	 4.0295e+00	-2.7000e+00
-1.0942e-05	 1.5997e-05	-2.6918e-05	-1.1331e+00	 3.1357e+00	-2.1327e+00
-8.4532e-06	 1.3354e-05	-1.8165e-05	-7.5711e-01	 2.6984e+00	-1.4392e+00
-7.6175e-06	 1.2493e-05	-9.9995e-06	-6.2761e-01	 2.5592e+00	-7.9227e-01
-8.3676e-06	 1.2182e-05	-4.3751e-06	-8.7260e-01	 2.3837e+00	-3.4665e-01
-3.0831e-05	 5.6713e-05	-2.1778e-05	-1.8095e+00	 1.2063e+01	-1.7255e+00
-2.9475e-05	 5.2714e-05	-2.7594e-05	-1.9088e+00	 1.1115e+01	-2.1863e+00
-2.7762e-05	 4.8559e-05	-3.3459e-05	-1.9275e+00	 1.0166e+01	-2.6510e+00
-2.5487e-05	 4.3306e-05	-3.7249e-05	-1.9210e+00	 8.9801e+00	-2.9513e+00
-2.2121e-05	 3.6232e-05	-3.7921e-05	-1.8282e+00	 7.4185e+00	-3.0045e+00
-1.8187e-05	 2.9930e-05	-3.6110e-05	-1.4863e+00	 6.1383e+00	-2.8610e+00
-1.4489e-05	 2.4929e-05	-3.2226e-05	-1.0550e+00	 5.1912e+00	-2.5533e+00
-1.1101e-05	 2.1461e-05	-2.5601e-05	-5.2778e-01	 4.6320e+00	-2.0284e+00
-8.7176e-06	 1.9646e-05	-1.7327e-05	-8.2609e-02	 4.4120e+00	-1.3728e+00
-7.7475e-06	 1.8711e-05	-9.4152e-06	 7.5291e-02	 4.2680e+00	-7.4598e-01
-8.0869e-06	 1.7114e-05	-3.5019e-06	-2.0863e-01	 3.7847e+00	-2.7746e-01
-3.0665e-05	 5.7010e-05	-1.9943e-05	-1.7283e+00	 1.2165e+01	-1.5801e+00
-2.9454e-05	 5.2900e-05	-2.5326e-05	-1.8809e+00	 1.1169e+01	-2.0066e+00
-2.7541e-05	 4.8817e-05	-3.1630e-05	-1.8356e+00	 1.0264e+01	-2.5060e+00
-2.5224e-05	 4.3279e-05	-3.5775e-05	-1.8513e+00	 9.0039e+00	-2.8345e+00
-2.1948e-05	 3.7107e-05	-3.6541e-05	-1.6764e+00	 7.6817e+00	-2.8952e+00
-1.7979e-05	 3.1803e-05	-3.4769e-05	-1.2062e+00	 6.6823e+00	-2.7548e+00
-1.4411e-05	 2.7647e-05	-3.1138e-05	-7.1048e-01	 5.9541e+00	-2.4671e+00
-1.1331e-05	 2.4740e-05	-2.4989e-05	-2.0200e-01	 5.5138e+00	-1.9799e+00
-9.0904e-06	 2.3146e-05	-1.6996e-05	 2.3002e-01	 5.3383e+00	-1.3466e+00
-7.9371e-06	 2.1989e-05	-8.8751e-06	 4.1226e-01	 5.1543e+00	-7.0318e-01
-7.7569e-06	 1.9727e-05	-1.9124e-06	 1.9338e-01	 4.5485e+00	-1.5152e-01
-3.0410e-05	 5.6949e-05	-1.8434e-05	-1.6649e+00	 1.2178e+01	-1.4606e+00
-2.9354e-05	 5.2644e-05	-2.3573e-05	-1.8834e+00	 1.1110e+01	-1.8677e+00
-2.7384e-05	 4.8341e-05	-3.0311e-05	-1.8485e+00	 1.0151e+01	-2.4016e+00
-2.4984e-05	 4.3316e-05	-3.4590e-05	-1.7804e+00	 9.0425e+00	-2.7406e+00
-2.1770e-05	 3.7945e-05	-3.5362e-05	-1.5273e+00	 7.9351e+00	-2.8018e+00
-1.7813e-05	 3.3017e-05	-3.3805e-05	-1.0158e+00	 7.0388e+00	-2.6784e+00
-1.4362e-05	 2.9026e-05	-3.0425e-05	-5.3305e-01	 6.3423e+00	-2.4106e+00
-1.1571e-05	 2.5994e-05	-2.4662e-05	-1.1959e-01	 5.8330e+00	-1.9540e+00
-9.5022e-06	 2.4002e-05	-1.6911e-05	 2.1753e-01	 5.5267e+00	-1.3398e+00
-8.1706e-06	 2.2389e-05	-8.4659e-06	 3.9508e-01	 5.2376e+00	-6.7076e-01
-7.4870e-06	 2.0020e-05	-1.9656e-07	 3.0309e-01	 4.6619e+00	-1.5574e-02
-3.0111e-05	 5.6505e-05	-1.7319e-05	-1.6346e+00	 1.2091e+01	-1.3722e+00
-2.9195e-05	 5.1873e-05	-2.2385e-05	-1.9310e+00	 1.0915e+01	-1.7736e+00
-2.7272e-05	 4.7587e-05	-2.9278e-05	-1.9072e+00	 9.9552e+00	-2.3197e+00
-2.4779e-05	 4.3594e-05	-3.3570e-05	-1.6903e+00	 9.1441e+00	-2.6598e+00
-2.1605e-05	 3.8597e-05	-3.4299e-05	-1.4042e+00	 8.1356e+00	-2.7176e+00
-1.7706e-05	 3.3533e-05	-3.2970e-05	-9.2456e-01	 7.1949e+00	-2.6122e+00
-1.4350e-05	 2.9128e-05	-2.9791e-05	-5.1779e-01	 6.3718e+00	-2.3604e+00
-1.1796e-05	 2.5365e-05	-2.4284e-05	-2.5659e-01	 5.6320e+00	-1.9241e+00
-9.8791e-06	 2.2363e-05	-1.6790e-05	-8.1745e-02	 5.0274e+00	-1.3303e+00
-8.4177e-06	 2.0153e-05	-8.2055e-06	 6.0769e-02	 4.5881e+00	-6.5013e-01
-7.3832e-06	 1.8244e-05	 1.1295e-06	 1.2083e-01	 4.1818e+00	 8.9494e-02
-2.9802e-05	 5.5687e-05	-1.6624e-05	-1.6463e+00	 1.1900e+01	-1.3172e+00
-2.9019e-05	 5.0513e-05	-2.1738e-05	-2.0441e+00	 1.0559e+01	-1.7223e+00
-2.7206e-05	 4.7177e-05	-2.8419e-05	-1.9377e+00	 9.8491e+00	-2.2517e+00
-2.4622e-05	 4.3978e-05	-3.2683e-05	-1.6012e+00	 9.2692e+00	-2.5895e+00
-2.1476e-05	 3.8933e-05	-3.3293e-05	-1.3284e+00	 8.2441e+00	-2.6378e+00
-1.7681e-05	 3.3297e-05	-3.2098e-05	-9.4585e-01	 7.1322e+00	-2.5432e+00
-1.4401e-05	 2.7993e-05	-2.9026e-05	-6.6677e-01	 6.0511e+00	-2.2997e+00
-1.2004e-05	 2.3599e-05	-2.3668e-05	-5.2415e-01	 5.1175e+00	-1.8753e+00
-1.0170e-05	 2.0418e-05	-1.6493e-05	-3.9366e-01	 4.4534e+00	-1.3068e+00
-8.6566e-06	 1.8260e-05	-8.0270e-06	-2.3036e-01	 4.0349e+00	-6.3599e-01
-7.4962e-06	 1.7087e-05	 1.8058e-06	-4.8034e-02	 3.8475e+00	 1.4308e-01
-2.9509e-05	 5.4579e-05	-1.6292e-05	-1.6965e+00	 1.1628e+01	-1.2908e+00
-2.8859e-05	 4.9093e-05	-2.1423e-05	-2.1683e+00	 1.0184e+01	-1.6974e+00
-2.7153e-05	 4.7115e-05	-2.7862e-05	-1.9302e+00	 9.8384e+00	-2.2075e+00
-2.4528e-05	 4.4392e-05	-3.1866e-05	-1.5258e+00	 9.3953e+00	-2.5248e+00
-2.1401e-05	 3.8844e-05	-3.2282e-05	-1.3181e+00	 8.2283e+00	-2.5577e+00
-1.7766e-05	 3.2263e-05	-3.1096e-05	-1.0923e+00	 6.8353e+00	-2.4638e+00
-1.4546e-05	 2.7003e-05	-2.8162e-05	-8.2460e-01	 5.7593e+00	-2.2313e+00
-1.2224e-05	 2.3033e-05	-2.2977e-05	-6.5245e-01	 4.9344e+00	-1.8205e+00
-1.0404e-05	 1.9895e-05	-1.6057e-05	-5.2068e-01	 4.2806e+00	-1.2722e+00
-8.8998e-06	 1.7800e-05	-7.8821e-06	-3.5246e-01	 3.8785e+00	-6.2450e-01
-7.7989e-06	 1.7276e-05	 1.8996e-06	-1.0947e-01	 3.8640e+00	 1.5051e-01
-2.9242e-05	 5.3392e-05	-1.6131e-05	-1.7635e+00	 1.1331e+01	-1.2780e+00
-2.8736e-05	 4.8515e-05	-2.1035e-05	-2.2029e+00	 1.0038e+01	-1.6666e+00
-2.7131e-05	 4.7553e-05	-2.7356e-05	-1.8721e+00	 9.9624e+00	-2.1674e+00
-2.4507e-05	 4.4836e-05	-3.1000e-05	-1.4673e+00	 9.5208e+00	-2.4561e+00
-2.1397e-05	 3.8254e-05	-3.1178e-05	-1.3871e+00	 8.0652e+00	-2.4702e+00
-1.7958e-05	 3.1898e-05	-3.0038e-05	-1.1889e+00	 6.7113e+00	-2.3799e+00
-1.4793e-05	 2.7480e-05	-2.7292e-05	-8.3620e-01	 5.8623e+00	-2.1623e+00
-1.2489e-05	 2.3871e-05	-2.2229e-05	-6.2629e-01	 5.1354e+00	-1.7612e+00
-1.0625e-05	 2.0822e-05	-1.5504e-05	-4.7187e-01	 4.5113e+00	-1.2284e+00
-9.1676e-06	 1.8826e-05	-7.7404e-06	-3.0481e-01	 4.1312e+00	-6.1327e-01
-8.2572e-06	 1.8812e-05	 1.5407e-06	-5.4065e-02	 4.2353e+00	 1.2207e-01
-2.9024e-05	 5.2639e-05	-1.5672e-05	-1.7926e+00	 1.1148e+01	-1.2417e+00
-2.8667e-05	 4.9109e-05	-2.0175e-05	-2.1130e+00	 1.0211e+01	-1.5985e+00
-2.7164e-05	 4.8739e-05	-2.6499e-05	-1.7402e+00	 1.0287e+01	-2.0995e+00
-2.4565e-05	 4.5398e-05	-2.9873e-05	-1.4167e+00	 9.6696e+00	-2.3669e+00
-2.1475e-05	 3.8258e-05	-2.9890e-05	-1.4083e+00	 8.0570e+00	-2.3682e+00
-1.8220e-05	 3.3085e-05	-2.8945e-05	-1.1204e+00	 7.0094e+00	-2.2933e+00
-1.5135e-05	 2.9383e-05	-2.6363e-05	-7.0501e-01	 6.3494e+00	-2.0887e+00
-1.2818e-05	 2.6102e-05	-2.1424e-05	-4.5234e-01	 5.7149e+00	-1.6975e+00
-1.0876e-05	 2.3220e-05	-1.4875e-05	-2.5644e-01	 5.1465e+00	-1.1785e+00
-9.4841e-06	 2.1387e-05	-7.5772e-06	-8.8262e-02	 4.8036e+00	-6.0035e-01
-8.8361e-06	 2.1694e-05	 8.9478e-07	 1.2789e-01	 4.9657e+00	 7.0894e-02
-2.9003e-05	 5.3651e-05	-1.3833e-05	-1.6665e+00	 1.1431e+01	-1.0960e+00
-2.8665e-05	 5.1200e-05	-1.8423e-05	-1.8639e+00	 1.0792e+01	-1.4597e+00
-2.7272e-05	 5.0977e-05	-2.4861e-05	-1.5043e+00	 1.0895e+01	-1.9697e+00
-2.4700e-05	 4.6472e-05	-2.8167e-05	-1.3266e+00	 9.9516e+00	-2.2317e+00
-2.1638e-05	 4.0032e-05	-2.8307e-05	-1.2428e+00	 8.5297e+00	-2.2428e+00
-1.8549e-05	 3.5779e-05	-2.7725e-05	-8.9160e-01	 7.7173e+00	-2.1967e+00
-1.5564e-05	 3.2675e-05	-2.5329e-05	-4.3281e-01	 7.2112e+00	-2.0068e+00
-1.3217e-05	 2.9711e-05	-2.0569e-05	-1.3418e-01	 6.6683e+00	-1.6297e+00
-1.1195e-05	 2.7105e-05	-1.4222e-05	 1.1679e-01	 6.1859e+00	-1.1268e+00
-9.8770e-06	 2.5527e-05	-7.3756e-06	 2.9479e-01	 5.9050e+00	-5.8438e-01
-9.4999e-06	 2.5922e-05	 1.5769e-07	 4.4634e-01	 6.0593e+00	 1.2494e-02
-2.9203e-05	 5.6782e-05	-1.0294e-05	-1.3499e+00	 1.2276e+01	-8.1561e-01
-2.8749e-05	 5.5052e-05	-1.5405e-05	-1.4296e+00	 1.1850e+01	-1.2206e+00
-2.7480e-05	 5.4575e-05	-2.2046e-05	-1.1344e+00	 1.1868e+01	-1.7468e+00
-2.4908e-05	 4.9439e-05	-2.5564e-05	-1.0315e+00	 1.0750e+01	-2.0255e+00
-2.1899e-05	 4.3517e-05	-2.6291e-05	-9.0085e-01	 9.4650e+00	-2.0830e+00
-1.8954e-05	 3.9945e-05	-2.6284e-05	-5.0871e-01	 8.8244e+00	-2.0825e+00
-1.6069e-05	 3.7320e-05	-2.4150e-05	-2.0580e-02	 8.4395e+00	-1.9134e+00
-1.3685e-05	 3.4684e-05	-1.9671e-05	 3.2719e-01	 7.9918e+00	-1.5585e+00
-1.1615e-05	 3.2485e-05	-1.3609e-05	 6.3976e-01	 7.6280e+00	-1.0783e+00
-1.0377e-05	 3.1254e-05	-7.1317e-06	 8.3670e-01	 7.4337e+00	-5.6505e-01
-1.0213e-05	 3.1570e-05	-4.5891e-07	 9.1991e-01	 7.5409e+00	-3.6360e-02
