xi	eta	x	y	stress_r	stress_theta
 0.0000000000e+00	 0.0000000000e+00	 1.0000000000e+00	 0.0000000000e+00	 3.0834694555e+01	 9.6144137501e-01
 0.0000000000e+00	 5.0000000000e-02	 9.9742844691e-01	 7.1669333080e-02	 3.0182020268e+01	-2.2520153901e-01
 0.0000000000e+00	 1.0000000000e-01	 9.8944345048e-01	 1.4491948904e-01	 2.9452030420e+01	-7.4771884323e-01
 0.0000000000e+00	 1.5000000000e-01	 9.7568388346e-01	 2.1918248005e-01	 2.8539010471e+01	-7.7711221750e-01
 0.0000000000e+00	 2.0000000000e-01	 9.5586324611e-01	 2.9381193773e-01	 2.7250792077e+01	-5.4066926866e-01
 0.0000000000e+00	 2.5000000000e-01	 9.2978830106e-01	 3.6809470958e-01	 2.5316858229e+01	-3.1981164685e-01
 0.0000000000e+00	 3.0000000000e-01	 8.9737565000e-01	 4.4126742776e-01	 2.2700008977e+01	-2.0400027897e-01
 0.0000000000e+00	 3.5000000000e-01	 8.5866475921e-01	 5.1253763891e-01	 1.9673930469e+01	-7.1879485335e-02
 0.0000000000e+00	 4.0000000000e-01	 8.1382603605e-01	 5.8110858112e-01	 1.6473882864e+01	 9.2727476963e-02
 0.0000000000e+00	 4.5000000000e-01	 7.6316284108e-01	 6.4620621940e-01	 1.3396423181e+01	 3.5356560621e-01
 0.0000000000e+00	 5.0000000000e-01	 7.0710678119e-01	 7.0710678119e-01	 1.0610737646e+01	 7.7747405251e-01
 5.0000000000e-02	 0.0000000000e+00	 1.0625000000e+00	 0.0000000000e+00	 2.7342014120e+01	 2.3581403510e+00
 5.0000000000e-02	 5.0000000000e-02	 1.0597677248e+00	 7.6148666394e-02	 2.6913369898e+01	 1.8737937976e+00
 5.0000000000e-02	 1.0000000000e-01	 1.0512836661e+00	 1.5397695710e-01	 2.6284318434e+01	 1.6047486989e+00
 5.0000000000e-02	 1.5000000000e-01	 1.0366641262e+00	 2.3288138505e-01	 2.5450748042e+01	 1.5235360268e+00
 5.0000000000e-02	 2.0000000000e-01	 1.0156046990e+00	 3.1217518383e-01	 2.4298199103e+01	 1.5086948923e+00
 5.0000000000e-02	 2.5000000000e-01	 9.8790006987e-01	 3.9110062892e-01	 2.2594400236e+01	 1.3633911687e+00
 5.0000000000e-02	 3.0000000000e-01	 9.5346162812e-01	 4.6884664199e-01	 2.0307726009e+01	 1.1014732092e+00
 5.0000000000e-02	 3.5000000000e-01	 9.1233130666e-01	 5.4457124134e-01	 1.7608572405e+01	 7.7171598975e-01
 5.0000000000e-02	 4.0000000000e-01	 8.6469016330e-01	 6.1742786744e-01	 1.4811427033e+01	 4.3879832252e-01
 5.0000000000e-02	 4.5000000000e-01	 8.1086051865e-01	 6.8659410811e-01	 1.2302907525e+01	 2.0503032559e-01
 5.0000000000e-02	 5.0000000000e-01	 7.5130095501e-01	 7.5130095501e-01	 1.0294534007e+01	 9.4313987631e-02
 1.0000000000e-01	 0.0000000000e+00	 1.1250000000e+00	 0.0000000000e+00	 2.4076954401e+01	 2.6847167629e+00
 1.0000000000e-01	 5.0000000000e-02	 1.1221070028e+00	 8.0627999708e-02	 2.3816956611e+01	 2.5806246419e+00
 1.0000000000e-01	 1.0000000000e-01	 1.1131238818e+00	 1.6303442516e-01	 2.3301472803e+01	 2.4633542777e+00
 1.0000000000e-01	 1.5000000000e-01	 1.0976443689e+00	 2.4658029004e-01	 2.2639863062e+01	 2.4477122693e+00
 1.0000000000e-01	 2.0000000000e-01	 1.0753461519e+00	 3.3053842993e-01	 2.1784077619e+01	 2.4437511577e+00
 1.0000000000e-01	 2.5000000000e-01	 1.0460118387e+00	 4.1410654826e-01	 2.0525484770e+01	 2.2864634693e+00
 1.0000000000e-01	 3.0000000000e-01	 1.0095476062e+00	 4.9642585622e-01	 1.8700166309e+01	 1.9234632200e+00
 1.0000000000e-01	 3.5000000000e-01	 9.6599785411e-01	 5.7660484377e-01	 1.6421846675e+01	 1.3494953490e+00
 1.0000000000e-01	 4.0000000000e-01	 9.1555429056e-01	 6.5374715375e-01	 1.4056337609e+01	 6.7778295235e-01
 1.0000000000e-01	 4.5000000000e-01	 8.5855819622e-01	 7.2698199682e-01	 1.2072640627e+01	 9.6781981785e-02
 1.0000000000e-01	 5.0000000000e-01	 7.9549512884e-01	 7.9549512884e-01	 1.0523527740e+01	-3.6853194185e-01
 1.5000000000e-01	 0.0000000000e+00	 1.1875000000e+00	 0.0000000000e+00	 2.1446038184e+01	 2.8114818376e+00
 1.5000000000e-01	 5.0000000000e-02	 1.1844462807e+00	 8.5107333023e-02	 2.1305383943e+01	 2.8659840732e+00
 1.5000000000e-01	 1.0000000000e-01	 1.1749640974e+00	 1.7209189322e-01	 2.0827608160e+01	 2.6559940081e+00
 1.5000000000e-01	 1.5000000000e-01	 1.1586246116e+00	 2.6027919504e-01	 2.0208495947e+01	 2.4145356742e+00
 1.5000000000e-01	 2.0000000000e-01	 1.1350876047e+00	 3.4890167603e-01	 1.9571387858e+01	 2.2962071681e+00
 1.5000000000e-01	 2.5000000000e-01	 1.1041236075e+00	 4.3711246760e-01	 1.8827938080e+01	 2.3269134280e+00
 1.5000000000e-01	 3.0000000000e-01	 1.0656335844e+00	 5.2400507045e-01	 1.7587567472e+01	 2.1406695410e+00
 1.5000000000e-01	 3.5000000000e-01	 1.0196644016e+00	 6.0863844620e-01	 1.5826249602e+01	 1.5547440019e+00
 1.5000000000e-01	 4.0000000000e-01	 9.6641841781e-01	 6.9006644007e-01	 1.3920511517e+01	 7.3230250542e-01
 1.5000000000e-01	 4.5000000000e-01	 9.0625587379e-01	 7.6736988553e-01	 1.2380547641e+01	-3.1812394044e-02
 1.5000000000e-01	 5.0000000000e-01	 8.3968930266e-01	 8.3968930266e-01	 1.0977523513e+01	-7.6856523119e-01
 2.0000000000e-01	 0.0000000000e+00	 1.2500000000e+00	 0.0000000000e+00	 1.9494772688e+01	 3.0683657275e+00
 2.0000000000e-01	 5.0000000000e-02	 1.2467855586e+00	 8.9586666339e-02	 1.9463261170e+01	 3.2067428112e+00
 2.0000000000e-01	 1.0000000000e-01	 1.2368043131e+00	 1.8114936128e-01	 1.9049750752e+01	 2.9126213828e+00
 2.0000000000e-01	 1.5000000000e-01	 1.2196048543e+00	 2.7397810004e-01	 1.8497739101e+01	 2.4628715524e+00
 2.0000000000e-01	 2.0000000000e-01	 1.1948290576e+00	 3.6726492214e-01	 1.8004646914e+01	 2.0902426380e+00
 2.0000000000e-01	 2.5000000000e-01	 1.1622353763e+00	 4.6011838695e-01	 1.7481743653e+01	 1.8693084488e+00
 2.0000000000e-01	 3.0000000000e-01	 1.1217195625e+00	 5.5158428469e-01	 1.6690080001e+01	 1.6959064733e+00
 2.0000000000e-01	 3.5000000000e-01	 1.0733309490e+00	 6.4067204863e-01	 1.5519664874e+01	 1.3501422787e+00
 2.0000000000e-01	 4.0000000000e-01	 1.0172825451e+00	 7.2638572639e-01	 1.4083360616e+01	 5.9646889673e-01
 2.0000000000e-01	 4.5000000000e-01	 9.5395355136e-01	 8.0775777425e-01	 1.2778386774e+01	-2.5408214528e-01
 2.0000000000e-01	 5.0000000000e-01	 8.8388347648e-01	 8.8388347648e-01	 1.1425129997e+01	-1.1343092431e+00
 2.5000000000e-01	 0.0000000000e+00	 1.3125000000e+00	 0.0000000000e+00	 1.8082917671e+01	 3.3935773200e+00
 2.5000000000e-01	 5.0000000000e-02	 1.3091248365e+00	 9.4065999654e-02	 1.8137564095e+01	 3.5619223044e+00
 2.5000000000e-01	 1.0000000000e-01	 1.2986445287e+00	 1.9020682934e-01	 1.7795687170e+01	 3.2036333478e+00
 2.5000000000e-01	 1.5000000000e-01	 1.2805850970e+00	 2.8767700504e-01	 1.7324548261e+01	 2.6039617569e+00
 2.5000000000e-01	 2.0000000000e-01	 1.2545705105e+00	 3.8562816824e-01	 1.6971567458e+01	 2.0521058589e+00
 2.5000000000e-01	 2.5000000000e-01	 1.2203471451e+00	 4.8312430629e-01	 1.6610278490e+01	 1.6253297946e+00
 2.5000000000e-01	 3.0000000000e-01	 1.1778055406e+00	 5.7916349892e-01	 1.6050174962e+01	 1.2147736082e+00
 2.5000000000e-01	 3.5000000000e-01	 1.1269974965e+00	 6.7270565106e-01	 1.5238857833e+01	 7.8247284166e-01
 2.5000000000e-01	 4.0000000000e-01	 1.0681466723e+00	 7.6270501271e-01	 1.4250026550e+01	 2.8048552585e-01
 2.5000000000e-01	 4.5000000000e-01	 1.0016512289e+00	 8.4814566296e-01	 1.3057672316e+01	-5.5094480569e-01
 2.5000000000e-01	 5.0000000000e-01	 9.2807765031e-01	 9.2807765031e-01	 1.1739950046e+01	-1.4677755538e+00
 3.0000000000e-01	 0.0000000000e+00	 1.3750000000e+00	 0.0000000000e+00	 1.7068275101e+01	 3.7252855895e+00
 3.0000000000e-01	 5.0000000000e-02	 1.3714641145e+00	 9.8545332971e-02	 1.7184720011e+01	 3.8955085438e+00
 3.0000000000e-01	 1.0000000000e-01	 1.3604847444e+00	 1.9926429740e-01	 1.6915508548e+01	 3.5080673361e+00
 3.0000000000e-01	 1.5000000000e-01	 1.3415653397e+00	 3.0137591004e-01	 1.6522676268e+01	 2.8178566187e+00
 3.0000000000e-01	 2.0000000000e-01	 1.3143119634e+00	 4.0399141435e-01	 1.6267134552e+01	 2.1403429270e+00
 3.0000000000e-01	 2.5000000000e-01	 1.2784589140e+00	 5.0613022564e-01	 1.6009609605e+01	 1.5547937235e+00
 3.0000000000e-01	 3.0000000000e-01	 1.2338915187e+00	 6.0674271315e-01	 1.5617920724e+01	 9.7557282039e-01
 3.0000000000e-01	 3.5000000000e-01	 1.1806640439e+00	 7.0473925349e-01	 1.5012834621e+01	 3.5704420433e-01
 3.0000000000e-01	 4.0000000000e-01	 1.1190107996e+00	 7.9902429903e-01	 1.4211456263e+01	-2.2039703007e-01
 3.0000000000e-01	 4.5000000000e-01	 1.0493489065e+00	 8.8853355167e-01	 1.3143320344e+01	-8.9891180312e-01
 3.0000000000e-01	 5.0000000000e-01	 9.7227182413e-01	 9.7227182413e-01	 1.1890934848e+01	-1.7608443197e+00
 3.5000000000e-01	 0.0000000000e+00	 1.4375000000e+00	 0.0000000000e+00	 1.6306940330e+01	 4.0018023023e+00
 3.5000000000e-01	 5.0000000000e-02	 1.4338033924e+00	 1.0302466629e-01	 1.6470522189e+01	 4.1751699853e+00
 3.5000000000e-01	 1.0000000000e-01	 1.4223249601e+00	 2.0832176547e-01	 1.6281707594e+01	 3.8107182146e+00
 3.5000000000e-01	 1.5000000000e-01	 1.4025455825e+00	 3.1507481504e-01	 1.5962889004e+01	 3.0886493338e+00
 3.5000000000e-01	 2.0000000000e-01	 1.3740534163e+00	 4.2235466045e-01	 1.5754967082e+01	 2.3159211511e+00
 3.5000000000e-01	 2.5000000000e-01	 1.3365706828e+00	 5.2913614499e-01	 1.5546301759e+01	 1.5973702174e+00
 3.5000000000e-01	 3.0000000000e-01	 1.2899774969e+00	 6.3432192739e-01	 1.5268550077e+01	 8.9687992018e-01
 3.5000000000e-01	 3.5000000000e-01	 1.2343305914e+00	 7.3677285592e-01	 1.4820553158e+01	 1.6007260100e-01
 3.5000000000e-01	 4.0000000000e-01	 1.1698749268e+00	 8.3534358535e-01	 1.4061112854e+01	-6.1412326028e-01
 3.5000000000e-01	 4.5000000000e-01	 1.0970465841e+00	 9.2892144038e-01	 1.3051923996e+01	-1.2788936891e+00
 3.5000000000e-01	 5.0000000000e-01	 1.0164659980e+00	 1.0164659980e+00	 1.1918827788e+01	-1.9980594839e+00
 4.0000000000e-01	 0.0000000000e+00	 1.5000000000e+00	 0.0000000000e+00	 1.5650950323e+01	 4.1530482798e+00
 4.0000000000e-01	 5.0000000000e-02	 1.4961426704e+00	 1.0750399960e-01	 1.5866069461e+01	 4.3601622800e+00
 4.0000000000e-01	 1.0000000000e-01	 1.4841651757e+00	 2.1737923353e-01	 1.5789429098e+01	 4.0992388296e+00
 4.0000000000e-01	 1.5000000000e-01	 1.4635258252e+00	 3.2877372005e-01	 1.5552899555e+01	 3.4021582995e+00
 4.0000000000e-01	 2.0000000000e-01	 1.4337948692e+00	 4.4071790656e-01	 1.5352436785e+01	 2.5406393947e+00
 4.0000000000e-01	 2.5000000000e-01	 1.3946824516e+00	 5.5214206433e-01	 1.5143521027e+01	 1.6851707888e+00
 4.0000000000e-01	 3.0000000000e-01	 1.3460634750e+00	 6.6190114162e-01	 1.4935953672e+01	 8.8364688632e-01
 4.0000000000e-01	 3.5000000000e-01	 1.2879971388e+00	 7.6880645835e-01	 1.4608796237e+01	 7.1502280703e-02
 4.0000000000e-01	 4.0000000000e-01	 1.2207390541e+00	 8.7166287167e-01	 1.3872965819e+01	-8.2608432008e-01
 4.0000000000e-01	 4.5000000000e-01	 1.1447442616e+00	 9.6930932910e-01	 1.2879202593e+01	-1.6118282379e+00
 4.0000000000e-01	 5.0000000000e-01	 1.0606601718e+00	 1.0606601718e+00	 1.1910652713e+01	-2.1576999249e+00
 4.5000000000e-01	 0.0000000000e+00	 1.5625000000e+00	 0.0000000000e+00	 1.4958949889e+01	 4.0052582787e+00
 4.5000000000e-01	 5.0000000000e-02	 1.5584819483e+00	 1.1198333292e-01	 1.5182188504e+01	 4.1639470419e+00
 4.5000000000e-01	 1.0000000000e-01	 1.5460053914e+00	 2.2643670160e-01	 1.5238171792e+01	 4.0491879530e+00
 4.5000000000e-01	 1.5000000000e-01	 1.5245060679e+00	 3.4247262505e-01	 1.5165586374e+01	 3.5696562033e+00
 4.5000000000e-01	 2.0000000000e-01	 1.4935363220e+00	 4.5908115267e-01	 1.5014736549e+01	 2.7616697600e+00
 4.5000000000e-01	 2.5000000000e-01	 1.4527942204e+00	 5.7514798368e-01	 1.4763989246e+01	 1.7459677378e+00
 4.5000000000e-01	 3.0000000000e-01	 1.4021494531e+00	 6.8948035585e-01	 1.4588176949e+01	 8.3627229245e-01
 4.5000000000e-01	 3.5000000000e-01	 1.3416636863e+00	 8.0084006078e-01	 1.4338355052e+01	-2.9450211454e-02
 4.5000000000e-01	 4.0000000000e-01	 1.2716031813e+00	 9.0798215799e-01	 1.3652241049e+01	-9.6135923175e-01
 4.5000000000e-01	 4.5000000000e-01	 1.1924419392e+00	 1.0096972178e+00	 1.2753263072e+01	-1.7573192910e+00
 4.5000000000e-01	 5.0000000000e-01	 1.1048543456e+00	 1.1048543456e+00	 1.1975823483e+01	-2.2146403616e+00
 5.0000000000e-01	 0.0000000000e+00	 1.6250000000e+00	 0.0000000000e+00	 1.4236462521e+01	 3.5227534019e+00
 5.0000000000e-01	 5.0000000000e-02	 1.6208212262e+00	 1.1646266624e-01	 1.4378728357e+01	 3.4743391705e+00
 5.0000000000e-01	 1.0000000000e-01	 1.6078456070e+00	 2.3549416966e-01	 1.4503344313e+01	 3.3799037781e+00
 5.0000000000e-01	 1.5000000000e-01	 1.5854863106e+00	 3.5617153005e-01	 1.4569139082e+01	 3.0659161742e+00
 5.0000000000e-01	 2.0000000000e-01	 1.5532777749e+00	 4.7744439877e-01	 1.4533287731e+01	 2.4731760033e+00
 5.0000000000e-01	 2.5000000000e-01	 1.5109059892e+00	 5.9815390303e-01	 1.4363365657e+01	 1.6292484721e+00
 5.0000000000e-01	 3.0000000000e-01	 1.4582354313e+00	 7.1705957009e-01	 1.4208999301e+01	 6.5463359923e-01
 5.0000000000e-01	 3.5000000000e-01	 1.3953302337e+00	 8.3287366321e-01	 1.3987231288e+01	-2.4909747777e-01
 5.0000000000e-01	 4.0000000000e-01	 1.3224673086e+00	 9.4430144431e-01	 1.3394221650e+01	-1.1208676721e+00
 5.0000000000e-01	 4.5000000000e-01	 1.2401396168e+00	 1.0500851065e+00	 1.2703100526e+01	-1.7886903007e+00
 5.0000000000e-01	 5.0000000000e-01	 1.1490485194e+00	 1.1490485194e+00	 1.2137678243e+01	-2.1474954311e+00
 0.0000000000e+00	 5.0000000000e-01	 7.0710678119e-01	 7.0710678119e-01	 1.0610737646e+01	 7.7747405251e-01
 0.0000000000e+00	 5.5000000000e-01	 6.4620621940e-01	 7.6316284108e-01	 7.8682613759e+00	 1.3606499545e+00
 0.0000000000e+00	 6.0000000000e-01	 5.8110858112e-01	 8.1382603605e-01	 5.0505516239e+00	 1.7834947515e+00
 0.0000000000e+00	 6.5000000000e-01	 5.1253763891e-01	 8.5866475921e-01	 3.4392851107e+00	 9.9726413350e-01
 0.0000000000e+00	 7.0000000000e-01	 4.4126742776e-01	 8.9737565000e-01	 3.6386305904e+00	-1.2880312422e+00
 0.0000000000e+00	 7.5000000000e-01	 3.6809470958e-01	 9.2978830106e-01	 4.1305291033e+00	-3.3969341749e+00
 0.0000000000e+00	 8.0000000000e-01	 2.9381193773e-01	 9.5586324611e-01	 4.6437756683e+00	-5.0909212985e+00
 0.0000000000e+00	 8.5000000000e-01	 2.1918248005e-01	 9.7568388346e-01	 4.8392831076e+00	-6.5160910825e+00
 0.0000000000e+00	 9.0000000000e-01	 1.4491948904e-01	 9.8944345048e-01	 4.2604815280e+00	-7.8761440127e+00
 0.0000000000e+00	 9.5000000000e-01	 7.1669333080e-02	 9.9742844691e-01	 2.5338377879e+00	-9.3192046433e+00
 0.0000000000e+00	 1.0000000000e+00	 0.0000000000e+00	 1.0000000000e+00	-5.7967159082e-01	-1.0933194315e+01
 5.0000000000e-02	 5.0000000000e-01	 7.5130095501e-01	 7.5130095501e-01	 1.0294534007e+01	 9.4313987631e-02
 5.0000000000e-02	 5.5000000000e-01	 6.8659410811e-01	 8.1086051865e-01	 8.1605111448e+00	-1.3584053305e-01
 5.0000000000e-02	 6.0000000000e-01	 6.1742786744e-01	 8.6469016330e-01	 5.5096121048e+00	-5.7396010526e-01
 5.0000000000e-02	 6.5000000000e-01	 5.4457124134e-01	 9.1233130666e-01	 2.8243819326e+00	-1.2682757740e+00
 5.0000000000e-02	 7.0000000000e-01	 4.6884664199e-01	 9.5346162812e-01	 8.5420117041e-01	-2.3871761110e+00
 5.0000000000e-02	 7.5000000000e-01	 3.9110062892e-01	 9.8790006987e-01	-4.3377674940e-03	-3.9349021713e+00
 5.0000000000e-02	 8.0000000000e-01	 3.1217518383e-01	 1.0156046990e+00	-1.6163339298e-01	-5.3987072176e+00
 5.0000000000e-02	 8.5000000000e-01	 2.3288138505e-01	 1.0366641262e+00	-1.1260176554e-01	-6.5256732815e+00
 5.0000000000e-02	 9.0000000000e-01	 1.5397695710e-01	 1.0512836661e+00	-3.3369184355e-01	-7.4072792078e+00
 5.0000000000e-02	 9.5000000000e-01	 7.6148666394e-02	 1.0597677248e+00	-1.1193898058e+00	-8.1149261739e+00
 5.0000000000e-02	 1.0000000000e+00	 0.0000000000e+00	 1.0625000000e+00	-2.5612126401e+00	-8.6578088759e+00
 1.0000000000e-01	 5.0000000000e-01	 7.9549512884e-01	 7.9549512884e-01	 1.0523527740e+01	-3.6853194185e-01
 1.0000000000e-01	 5.5000000000e-01	 7.2698199682e-01	 8.5855819622e-01	 8.6562126947e+00	-1.0299774607e+00
 1.0000000000e-01	 6.0000000000e-01	 6.5374715375e-01	 9.1555429056e-01	 6.0855104349e+00	-1.8987568975e+00
 1.0000000000e-01	 6.5000000000e-01	 5.7660484377e-01	 9.6599785411e-01	 3.2543372593e+00	-2.8448857087e+00
 1.0000000000e-01	 7.0000000000e-01	 4.9642585622e-01	 1.0095476062e+00	 8.5442183460e-01	-3.7346922271e+00
 1.0000000000e-01	 7.5000000000e-01	 4.1410654826e-01	 1.0460118387e+00	-5.9533589025e-01	-4.5442260231e+00
 1.0000000000e-01	 8.0000000000e-01	 3.3053842993e-01	 1.0753461519e+00	-1.0391164838e+00	-5.2979709592e+00
 1.0000000000e-01	 8.5000000000e-01	 2.4658029004e-01	 1.0976443689e+00	-9.6286879247e-01	-5.7620267716e+00
 1.0000000000e-01	 9.0000000000e-01	 1.6303442516e-01	 1.1131238818e+00	-9.0162952786e-01	-6.0108618759e+00
 1.0000000000e-01	 9.5000000000e-01	 8.0627999708e-02	 1.1221070028e+00	-1.1588642817e+00	-6.1342256983e+00
 1.0000000000e-01	 1.0000000000e+00	 0.0000000000e+00	 1.1250000000e+00	-1.5445474349e+00	-6.0894565005e+00
 1.5000000000e-01	 5.0000000000e-01	 8.3968930266e-01	 8.3968930266e-01	 1.0977523513e+01	-7.6856523119e-01
 1.5000000000e-01	 5.5000000000e-01	 7.6736988553e-01	 9.0625587379e-01	 9.2155188069e+00	-1.6063659155e+00
 1.5000000000e-01	 6.0000000000e-01	 6.9006644007e-01	 9.6641841781e-01	 6.8027649592e+00	-2.5538401966e+00
 1.5000000000e-01	 6.5000000000e-01	 6.0863844620e-01	 1.0196644016e+00	 4.1616114028e+00	-3.4436602570e+00
 1.5000000000e-01	 7.0000000000e-01	 5.2400507045e-01	 1.0656335844e+00	 2.1301963449e+00	-4.0317368512e+00
 1.5000000000e-01	 7.5000000000e-01	 4.3711246760e-01	 1.1041236075e+00	 1.2478986015e+00	-4.2133488145e+00
 1.5000000000e-01	 8.0000000000e-01	 3.4890167603e-01	 1.1350876047e+00	 1.1706329173e+00	-4.3023983458e+00
 1.5000000000e-01	 8.5000000000e-01	 2.6027919504e-01	 1.1586246116e+00	 8.8491238767e-01	-4.4153303016e+00
 1.5000000000e-01	 9.0000000000e-01	 1.7209189322e-01	 1.1749640974e+00	 3.5266768209e-01	-4.4240890019e+00
 1.5000000000e-01	 9.5000000000e-01	 8.5107333023e-02	 1.1844462807e+00	-1.2045128173e-01	-4.2888577614e+00
 1.5000000000e-01	 1.0000000000e+00	 0.0000000000e+00	 1.1875000000e+00	-3.0013456121e-02	-3.9858323164e+00
 2.0000000000e-01	 5.0000000000e-01	 8.8388347648e-01	 8.8388347648e-01	 1.1425129997e+01	-1.1343092431e+00
 2.0000000000e-01	 5.5000000000e-01	 8.0775777425e-01	 9.5395355136e-01	 9.7517049473e+00	-2.0280527856e+00
 2.0000000000e-01	 6.0000000000e-01	 7.2638572639e-01	 1.0172825451e+00	 7.6303705887e+00	-2.8404579981e+00
 2.0000000000e-01	 6.5000000000e-01	 6.4067204863e-01	 1.0733309490e+00	 5.5274357867e+00	-3.3766159437e+00
 2.0000000000e-01	 7.0000000000e-01	 5.5158428469e-01	 1.1217195625e+00	 4.4058379146e+00	-3.3746719223e+00
 2.0000000000e-01	 7.5000000000e-01	 4.6011838695e-01	 1.1622353763e+00	 3.8318201875e+00	-3.2537217966e+00
 2.0000000000e-01	 8.0000000000e-01	 3.6726492214e-01	 1.1948290576e+00	 3.2388559109e+00	-3.3249019586e+00
 2.0000000000e-01	 8.5000000000e-01	 2.7397810004e-01	 1.2196048543e+00	 2.3724566349e+00	-3.4080606400e+00
 2.0000000000e-01	 9.0000000000e-01	 1.8114936128e-01	 1.2368043131e+00	 1.3486482506e+00	-3.3069123820e+00
 2.0000000000e-01	 9.5000000000e-01	 8.9586666339e-02	 1.2467855586e+00	 6.4063387172e-01	-3.0204134260e+00
 2.0000000000e-01	 1.0000000000e+00	 0.0000000000e+00	 1.2500000000e+00	 9.2688167712e-01	-2.6088969467e+00
 2.5000000000e-01	 5.0000000000e-01	 9.2807765031e-01	 9.2807765031e-01	 1.1739950046e+01	-1.4677755538e+00
 2.5000000000e-01	 5.5000000000e-01	 8.4814566296e-01	 1.0016512289e+00	 1.0200075169e+01	-2.3383563196e+00
 2.5000000000e-01	 6.0000000000e-01	 7.6270501271e-01	 1.0681466723e+00	 8.5162380154e+00	-2.9518295271e+00
 2.5000000000e-01	 6.5000000000e-01	 6.7270565106e-01	 1.1269974965e+00	 7.2522446253e+00	-2.9677402459e+00
 2.5000000000e-01	 7.0000000000e-01	 5.7916349892e-01	 1.1778055406e+00	 6.3015030858e+00	-2.8423774607e+00
 2.5000000000e-01	 7.5000000000e-01	 4.8312430629e-01	 1.2203471451e+00	 5.4674735538e+00	-2.7335008058e+00
 2.5000000000e-01	 8.0000000000e-01	 3.8562816824e-01	 1.2545705105e+00	 4.5615229268e+00	-2.7013991953e+00
 2.5000000000e-01	 8.5000000000e-01	 2.8767700504e-01	 1.2805850970e+00	 3.3585229914e+00	-2.7087211986e+00
 2.5000000000e-01	 9.0000000000e-01	 1.9020682934e-01	 1.2986445287e+00	 2.0256168391e+00	-2.5456280718e+00
 2.5000000000e-01	 9.5000000000e-01	 9.4065999654e-02	 1.3091248365e+00	 1.1301794664e+00	-2.2075243836e+00
 2.5000000000e-01	 1.0000000000e+00	 0.0000000000e+00	 1.3125000000e+00	 1.4209349604e+00	-1.8025201543e+00
 3.0000000000e-01	 5.0000000000e-01	 9.7227182413e-01	 9.7227182413e-01	 1.1890934848e+01	-1.7608443197e+00
 3.0000000000e-01	 5.5000000000e-01	 8.8853355167e-01	 1.0493489065e+00	 1.0556952411e+01	-2.5456924594e+00
 3.0000000000e-01	 6.0000000000e-01	 7.9902429903e-01	 1.1190107996e+00	 9.4369125072e+00	-2.9254423068e+00
 3.0000000000e-01	 6.5000000000e-01	 7.0473925349e-01	 1.1806640439e+00	 8.3782661875e+00	-2.8604677365e+00
 3.0000000000e-01	 7.0000000000e-01	 6.0674271315e-01	 1.2338915187e+00	 7.3122569675e+00	-2.7406704770e+00
 3.0000000000e-01	 7.5000000000e-01	 5.0613022564e-01	 1.2784589140e+00	 6.3333537636e+00	-2.5863701397e+00
 3.0000000000e-01	 8.0000000000e-01	 4.0399141435e-01	 1.3143119634e+00	 5.2463092182e+00	-2.4293467915e+00
 3.0000000000e-01	 8.5000000000e-01	 3.0137591004e-01	 1.3415653397e+00	 3.8573271971e+00	-2.3059235594e+00
 3.0000000000e-01	 9.0000000000e-01	 1.9926429740e-01	 1.3604847444e+00	 2.3528312153e+00	-2.0894810367e+00
 3.0000000000e-01	 9.5000000000e-01	 9.8545332971e-02	 1.3714641145e+00	 1.3418089702e+00	-1.7570943670e+00
 3.0000000000e-01	 1.0000000000e+00	 0.0000000000e+00	 1.3750000000e+00	 1.5382593171e+00	-1.4409437377e+00
 3.5000000000e-01	 5.0000000000e-01	 1.0164659980e+00	 1.0164659980e+00	 1.1918827788e+01	-1.9980594839e+00
 3.5000000000e-01	 5.5000000000e-01	 9.2892144038e-01	 1.0970465841e+00	 1.0874920815e+01	-2.6366344681e+00
 3.5000000000e-01	 6.0000000000e-01	 8.3534358535e-01	 1.1698749268e+00	 9.9831168185e+00	-2.9807576136e+00
 3.5000000000e-01	 6.5000000000e-01	 7.3677285592e-01	 1.2343305914e+00	 8.8420700937e+00	-3.0448630755e+00
 3.5000000000e-01	 7.0000000000e-01	 6.3432192739e-01	 1.2899774969e+00	 7.7148509155e+00	-2.8937778794e+00
 3.5000000000e-01	 7.5000000000e-01	 5.2913614499e-01	 1.3365706828e+00	 6.6393561092e+00	-2.6988704726e+00
 3.5000000000e-01	 8.0000000000e-01	 4.2235466045e-01	 1.3740534163e+00	 5.4095092985e+00	-2.4571723452e+00
 3.5000000000e-01	 8.5000000000e-01	 3.1507481504e-01	 1.4025455825e+00	 3.8974901203e+00	-2.2021057603e+00
 3.5000000000e-01	 9.0000000000e-01	 2.0832176547e-01	 1.4223249601e+00	 2.3153017987e+00	-1.9271815101e+00
 3.5000000000e-01	 9.5000000000e-01	 1.0302466629e-01	 1.4338033924e+00	 1.2663442732e+00	-1.6059339255e+00
 3.5000000000e-01	 1.0000000000e+00	 0.0000000000e+00	 1.4375000000e+00	 1.3442288271e+00	-1.4082085357e+00
 4.0000000000e-01	 5.0000000000e-01	 1.0606601718e+00	 1.0606601718e+00	 1.1910652713e+01	-2.1576999249e+00
 4.0000000000e-01	 5.5000000000e-01	 9.6930932910e-01	 1.1447442616e+00	 1.1145106022e+01	-2.6331249252e+00
 4.0000000000e-01	 6.0000000000e-01	 8.7166287167e-01	 1.2207390541e+00	 1.0154381132e+01	-3.0833946445e+00
 4.0000000000e-01	 6.5000000000e-01	 7.6880645835e-01	 1.2879971388e+00	 8.9707944918e+00	-3.2763771366e+00
 4.0000000000e-01	 7.0000000000e-01	 6.6190114162e-01	 1.3460634750e+00	 7.7947357946e+00	-3.1155674820e+00
 4.0000000000e-01	 7.5000000000e-01	 5.5214206433e-01	 1.3946824516e+00	 6.6008863916e+00	-2.9270333101e+00
 4.0000000000e-01	 8.0000000000e-01	 4.4071790656e-01	 1.4337948692e+00	 5.1755081484e+00	-2.6994016524e+00
 4.0000000000e-01	 8.5000000000e-01	 3.2877372005e-01	 1.4635258252e+00	 3.5139946025e+00	-2.3939812481e+00
 4.0000000000e-01	 9.0000000000e-01	 2.1737923353e-01	 1.4841651757e+00	 1.9067718759e+00	-2.0699364127e+00
 4.0000000000e-01	 9.5000000000e-01	 1.0750399960e-01	 1.4961426704e+00	 9.3530864317e-01	-1.7003150905e+00
 4.0000000000e-01	 1.0000000000e+00	 0.0000000000e+00	 1.5000000000e+00	 9.3936509653e-01	-1.5719347072e+00
 4.5000000000e-01	 5.0000000000e-01	 1.1048543456e+00	 1.1048543456e+00	 1.1975823483e+01	-2.2146403616e+00
 4.5000000000e-01	 5.5000000000e-01	 1.0096972178e+00	 1.1924419392e+00	 1.1243327136e+01	-2.5994903032e+00
 4.5000000000e-01	 6.0000000000e-01	 9.0798215799e-01	 1.2716031813e+00	 1.0233781841e+01	-3.0655735573e+00
 4.5000000000e-01	 6.5000000000e-01	 8.0084006078e-01	 1.3416636863e+00	 9.0685751693e+00	-3.3216605955e+00
 4.5000000000e-01	 7.0000000000e-01	 6.8948035585e-01	 1.4021494531e+00	 7.8307807652e+00	-3.2106644872e+00
 4.5000000000e-01	 7.5000000000e-01	 5.7514798368e-01	 1.4527942204e+00	 6.4341056830e+00	-3.1010808325e+00
 4.5000000000e-01	 8.0000000000e-01	 4.5908115267e-01	 1.4935363220e+00	 4.7047023853e+00	-3.0190313597e+00
 4.5000000000e-01	 8.5000000000e-01	 3.4247262505e-01	 1.5245060679e+00	 3.1509676327e+00	-2.6016183290e+00
 4.5000000000e-01	 9.0000000000e-01	 2.2643670160e-01	 1.5460053914e+00	 1.9569308543e+00	-2.0144717320e+00
 4.5000000000e-01	 9.5000000000e-01	 1.1198333292e-01	 1.5584819483e+00	 1.2851104622e+00	-1.5220005569e+00
 4.5000000000e-01	 1.0000000000e+00	 0.0000000000e+00	 1.5625000000e+00	 1.2012661244e+00	-1.4695905064e+00
 5.0000000000e-01	 5.0000000000e-01	 1.1490485194e+00	 1.1490485194e+00	 1.2137678243e+01	-2.1474954311e+00
 5.0000000000e-01	 5.5000000000e-01	 1.0500851065e+00	 1.2401396168e+00	 1.1358041963e+01	-2.4435027287e+00
 5.0000000000e-01	 6.0000000000e-01	 9.4430144431e-01	 1.3224673086e+00	 1.0464991082e+01	-2.7998924398e+00
 5.0000000000e-01	 6.5000000000e-01	 8.3287366321e-01	 1.3953302337e+00	 9.4057255999e+00	-3.0233283594e+00
 5.0000000000e-01	 7.0000000000e-01	 7.1705957009e-01	 1.4582354313e+00	 8.0906506466e+00	-2.9872746116e+00
 5.0000000000e-01	 7.5000000000e-01	 5.9815390303e-01	 1.5109059892e+00	 6.5078995156e+00	-2.9471651171e+00
 5.0000000000e-01	 8.0000000000e-01	 4.7744439877e-01	 1.5532777749e+00	 5.1179140981e+00	-2.6684087301e+00
 5.0000000000e-01	 8.5000000000e-01	 3.5617153005e-01	 1.5854863106e+00	 4.0185878693e+00	-2.0160067400e+00
 5.0000000000e-01	 9.0000000000e-01	 2.3549416966e-01	 1.6078456070e+00	 3.2193385083e+00	-1.2780190988e+00
 5.0000000000e-01	 9.5000000000e-01	 1.1646266624e-01	 1.6208212262e+00	 2.7452697592e+00	-8.1370769345e-01
 5.0000000000e-01	 1.0000000000e+00	 0.0000000000e+00	 1.6250000000e+00	 2.4202017995e+00	-9.0909616399e-01
 5.0000000000e-01	 0.0000000000e+00	 1.6250000000e+00	 0.0000000000e+00	 1.4236462521e+01	 3.5227534019e+00
 5.0000000000e-01	 5.0000000000e-02	 1.6208212262e+00	 1.1646266624e-01	 1.4378728357e+01	 3.4743391705e+00
 5.0000000000e-01	 1.0000000000e-01	 1.6078456070e+00	 2.3549416966e-01	 1.4503344313e+01	 3.3799037781e+00
 5.0000000000e-01	 1.5000000000e-01	 1.5854863106e+00	 3.5617153005e-01	 1.4569139082e+01	 3.0659161742e+00
 5.0000000000e-01	 2.0000000000e-01	 1.5532777749e+00	 4.7744439877e-01	 1.4533287731e+01	 2.4731760033e+00
 5.0000000000e-01	 2.5000000000e-01	 1.5109059892e+00	 5.9815390303e-01	 1.4363365657e+01	 1.6292484721e+00
 5.0000000000e-01	 3.0000000000e-01	 1.4582354313e+00	 7.1705957009e-01	 1.4208999301e+01	 6.5463359923e-01
 5.0000000000e-01	 3.5000000000e-01	 1.3953302337e+00	 8.3287366321e-01	 1.3987231288e+01	-2.4909747777e-01
 5.0000000000e-01	 4.0000000000e-01	 1.3224673086e+00	 9.4430144431e-01	 1.3394221650e+01	-1.1208676721e+00
 5.0000000000e-01	 4.5000000000e-01	 1.2401396168e+00	 1.0500851065e+00	 1.2703100526e+01	-1.7886903007e+00
 5.0000000000e-01	 5.0000000000e-01	 1.1490485194e+00	 1.1490485194e+00	 1.2137678243e+01	-2.1474954311e+00
 5.5000000000e-01	 0.0000000000e+00	 1.6875000000e+00	 0.0000000000e+00	 1.3638947978e+01	 3.0277909492e+00
 5.5000000000e-01	 5.0000000000e-02	 1.6831605042e+00	 1.2094199955e-01	 1.3654247663e+01	 2.7443956803e+00
 5.5000000000e-01	 1.0000000000e-01	 1.6696858227e+00	 2.4455163772e-01	 1.3792233584e+01	 2.5988435037e+00
 5.5000000000e-01	 1.5000000000e-01	 1.6464665533e+00	 3.6987043505e-01	 1.3947122295e+01	 2.3659124792e+00
 5.5000000000e-01	 2.0000000000e-01	 1.6130192278e+00	 4.9580764488e-01	 1.3994337734e+01	 1.9187556527e+00
 5.5000000000e-01	 2.5000000000e-01	 1.5690177581e+00	 6.2115982237e-01	 1.3928632671e+01	 1.2819388936e+00
 5.5000000000e-01	 3.0000000000e-01	 1.5143214094e+00	 7.4463878432e-01	 1.3924084321e+01	 5.3864455065e-01
 5.5000000000e-01	 3.5000000000e-01	 1.4489967812e+00	 8.6490726564e-01	 1.3663072080e+01	-4.1773560435e-01
 5.5000000000e-01	 4.0000000000e-01	 1.3733314358e+00	 9.8062073063e-01	 1.3173564027e+01	-1.2327852133e+00
 5.5000000000e-01	 4.5000000000e-01	 1.2878372943e+00	 1.0904729952e+00	 1.2766457934e+01	-1.7270357544e+00
 5.5000000000e-01	 5.0000000000e-01	 1.1932426933e+00	 1.1932426933e+00	 1.2274167067e+01	-2.0209157836e+00
 6.0000000000e-01	 0.0000000000e+00	 1.7500000000e+00	 0.0000000000e+00	 1.3262964828e+01	 2.8145001989e+00
 6.0000000000e-01	 5.0000000000e-02	 1.7454997821e+00	 1.2542133287e-01	 1.3175094403e+01	 2.4076510119e+00
 6.0000000000e-01	 1.0000000000e-01	 1.7315260384e+00	 2.5360910579e-01	 1.3302655000e+01	 2.2045913815e+00
 6.0000000000e-01	 1.5000000000e-01	 1.7074467961e+00	 3.8356934005e-01	 1.3502789956e+01	 1.9788354967e+00
 6.0000000000e-01	 2.0000000000e-01	 1.6727606807e+00	 5.1417089099e-01	 1.3593302070e+01	 1.5818726994e+00
 6.0000000000e-01	 2.5000000000e-01	 1.6271295269e+00	 6.4416574172e-01	 1.3606095976e+01	 1.0573128656e+00
 6.0000000000e-01	 3.0000000000e-01	 1.5704073875e+00	 7.7221799856e-01	 1.3727876937e+01	 4.8464008031e-01
 6.0000000000e-01	 3.5000000000e-01	 1.5026633286e+00	 8.9694086807e-01	 1.3476965341e+01	-3.4925550553e-01
 6.0000000000e-01	 4.0000000000e-01	 1.4241955631e+00	 1.0169400169e+00	 1.3063074922e+01	-1.1873738276e+00
 6.0000000000e-01	 4.5000000000e-01	 1.3355349719e+00	 1.1308608839e+00	 1.2933710757e+01	-1.5724617325e+00
 6.0000000000e-01	 5.0000000000e-01	 1.2374368671e+00	 1.2374368671e+00	 1.2342258918e+01	-1.9057471329e+00
 6.5000000000e-01	 0.0000000000e+00	 1.8125000000e+00	 0.0000000000e+00	 1.3065456354e+01	 2.8629261751e+00
 6.5000000000e-01	 5.0000000000e-02	 1.8078390600e+00	 1.2990066619e-01	 1.2915503335e+01	 2.4427334402e+00
 6.5000000000e-01	 1.0000000000e-01	 1.7933662540e+00	 2.6266657385e-01	 1.3015418715e+01	 2.1668849645e+00
 6.5000000000e-01	 1.5000000000e-01	 1.7684270388e+00	 3.9726824506e-01	 1.3217840527e+01	 1.8706285406e+00
 6.5000000000e-01	 2.0000000000e-01	 1.7325021336e+00	 5.3253413709e-01	 1.3314915121e+01	 1.4357327707e+00
 6.5000000000e-01	 2.5000000000e-01	 1.6852412957e+00	 6.6717166107e-01	 1.3380901727e+01	 9.3797406116e-01
 6.5000000000e-01	 3.0000000000e-01	 1.6264933656e+00	 7.9979721279e-01	 1.3562485055e+01	 4.3852774308e-01
 6.5000000000e-01	 3.5000000000e-01	 1.5563298761e+00	 9.2897447050e-01	 1.3314303297e+01	-2.8778819311e-01
 6.5000000000e-01	 4.0000000000e-01	 1.4750596904e+00	 1.0532593033e+00	 1.3029274733e+01	-1.0273579893e+00
 6.5000000000e-01	 4.5000000000e-01	 1.3832326495e+00	 1.1712487727e+00	 1.3027879825e+01	-1.4192920579e+00
 6.5000000000e-01	 5.0000000000e-01	 1.2816310409e+00	 1.2816310409e+00	 1.2330694832e+01	-1.8172863909e+00
 7.0000000000e-01	 0.0000000000e+00	 1.8750000000e+00	 0.0000000000e+00	 1.3000238833e+01	 3.1307104747e+00
 7.0000000000e-01	 5.0000000000e-02	 1.8701783380e+00	 1.3437999951e-01	 1.2844821321e+01	 2.8082161265e+00
 7.0000000000e-01	 1.0000000000e-01	 1.8552064697e+00	 2.7172404192e-01	 1.2909541388e+01	 2.4551262920e+00
 7.0000000000e-01	 1.5000000000e-01	 1.8294072815e+00	 4.1096715006e-01	 1.3069244235e+01	 2.0083438299e+00
 7.0000000000e-01	 2.0000000000e-01	 1.7922435865e+00	 5.5089738320e-01	 1.3136781160e+01	 1.4542730699e+00
 7.0000000000e-01	 2.5000000000e-01	 1.7433530645e+00	 6.9017758042e-01	 1.3231946702e+01	 9.0800344048e-01
 7.0000000000e-01	 3.0000000000e-01	 1.6825793438e+00	 8.2737642702e-01	 1.3404966575e+01	 3.9488145738e-01
 7.0000000000e-01	 3.5000000000e-01	 1.6099964235e+00	 9.6100807293e-01	 1.3129367810e+01	-2.8757858994e-01
 7.0000000000e-01	 4.0000000000e-01	 1.5259238176e+00	 1.0895785896e+00	 1.2992343615e+01	-8.6300064550e-01
 7.0000000000e-01	 4.5000000000e-01	 1.4309303270e+00	 1.2116366614e+00	 1.3013174827e+01	-1.2958798098e+00
 7.0000000000e-01	 5.0000000000e-01	 1.3258252147e+00	 1.3258252147e+00	 1.2226610072e+01	-1.7704313389e+00
 7.5000000000e-01	 0.0000000000e+00	 1.9375000000e+00	 0.0000000000e+00	 1.2912950067e+01	 3.3036718555e+00
 7.5000000000e-01	 5.0000000000e-02	 1.9325176159e+00	 1.3885933282e-01	 1.2788608637e+01	 3.1194718505e+00
 7.5000000000e-01	 1.0000000000e-01	 1.9170466853e+00	 2.8078150998e-01	 1.2851353715e+01	 2.7769189971e+00
 7.5000000000e-01	 1.5000000000e-01	 1.8903875242e+00	 4.2466605506e-01	 1.2996697956e+01	 2.2827785266e+00
 7.5000000000e-01	 2.0000000000e-01	 1.8519850394e+00	 5.6926062931e-01	 1.3031152981e+01	 1.6124666225e+00
 7.5000000000e-01	 2.5000000000e-01	 1.8014648333e+00	 7.1318349976e-01	 1.3134547504e+01	 9.5345534971e-01
 7.5000000000e-01	 3.0000000000e-01	 1.7386653219e+00	 8.5495564126e-01	 1.3240786688e+01	 3.5362472131e-01
 7.5000000000e-01	 3.5000000000e-01	 1.6636629710e+00	 9.9304167537e-01	 1.2912345113e+01	-3.4090710670e-01
 7.5000000000e-01	 4.0000000000e-01	 1.5767879449e+00	 1.1258978759e+00	 1.2867065584e+01	-8.1402707754e-01
 7.5000000000e-01	 4.5000000000e-01	 1.4786280046e+00	 1.2520245501e+00	 1.2893297366e+01	-1.2111682017e+00
 7.5000000000e-01	 5.0000000000e-01	 1.3700193886e+00	 1.3700193886e+00	 1.2027286686e+01	-1.7731978340e+00
 8.0000000000e-01	 0.0000000000e+00	 2.0000000000e+00	 0.0000000000e+00	 1.2756528790e+01	 3.2945932425e+00
 8.0000000000e-01	 5.0000000000e-02	 1.9948568938e+00	 1.4333866614e-01	 1.2678135988e+01	 3.2306193201e+00
 8.0000000000e-01	 1.0000000000e-01	 1.9788869010e+00	 2.8983897805e-01	 1.2738681542e+01	 2.9014756373e+00
 8.0000000000e-01	 1.5000000000e-01	 1.9513677669e+00	 4.3836496007e-01	 1.2868710546e+01	 2.3941393791e+00
 8.0000000000e-01	 2.0000000000e-01	 1.9117264922e+00	 5.8762387542e-01	 1.2913050446e+01	 1.7391016753e+00
 8.0000000000e-01	 2.5000000000e-01	 1.8595766021e+00	 7.3618941911e-01	 1.3062783205e+01	 1.0602777085e+00
 8.0000000000e-01	 3.0000000000e-01	 1.7947513000e+00	 8.8253485549e-01	 1.3068807735e+01	 3.2098410293e-01
 8.0000000000e-01	 3.5000000000e-01	 1.7173295184e+00	 1.0250752778e+00	 1.2672336690e+01	-4.3192050909e-01
 8.0000000000e-01	 4.0000000000e-01	 1.6276520721e+00	 1.1622171622e+00	 1.2619228019e+01	-8.7843236951e-01
 8.0000000000e-01	 4.5000000000e-01	 1.5263256822e+00	 1.2924124388e+00	 1.2682093205e+01	-1.1984711269e+00
 8.0000000000e-01	 5.0000000000e-01	 1.4142135624e+00	 1.4142135624e+00	 1.1752130524e+01	-1.8204050577e+00
 8.5000000000e-01	 0.0000000000e+00	 2.0625000000e+00	 0.0000000000e+00	 1.2526776238e+01	 3.1012220531e+00
 8.5000000000e-01	 5.0000000000e-02	 2.0571961718e+00	 1.4781799946e-01	 1.2502876354e+01	 3.1270928756e+00
 8.5000000000e-01	 1.0000000000e-01	 2.0407271166e+00	 2.9889644611e-01	 1.2565764603e+01	 2.8180331049e+00
 8.5000000000e-01	 1.5000000000e-01	 2.0123480097e+00	 4.5206386507e-01	 1.2679874473e+01	 2.3163471682e+00
 8.5000000000e-01	 2.0000000000e-01	 1.9714679451e+00	 6.0598712153e-01	 1.2731953932e+01	 1.6900811385e+00
 8.5000000000e-01	 2.5000000000e-01	 1.9176883710e+00	 7.5919533846e-01	 1.2943242047e+01	 1.0797738625e+00
 8.5000000000e-01	 3.0000000000e-01	 1.8508372781e+00	 9.1011406973e-01	 1.2906178671e+01	 3.1042600601e-01
 8.5000000000e-01	 3.5000000000e-01	 1.7709960659e+00	 1.0571088802e+00	 1.2442693854e+01	-5.3528029257e-01
 8.5000000000e-01	 4.0000000000e-01	 1.6785161994e+00	 1.1985364485e+00	 1.2340356162e+01	-1.0010013866e+00
 8.5000000000e-01	 4.5000000000e-01	 1.5740233597e+00	 1.3328003275e+00	 1.2452525759e+01	-1.2548630244e+00
 8.5000000000e-01	 5.0000000000e-01	 1.4584077362e+00	 1.4584077362e+00	 1.1454413071e+01	-1.8870840137e+00
 9.0000000000e-01	 0.0000000000e+00	 2.1250000000e+00	 0.0000000000e+00	 1.2225149350e+01	 2.7234106540e+00
 9.0000000000e-01	 5.0000000000e-02	 2.1195354497e+00	 1.5229733278e-01	 1.2254379075e+01	 2.7958971101e+00
 9.0000000000e-01	 1.0000000000e-01	 2.1025673323e+00	 3.0795391418e-01	 1.2328353794e+01	 2.5173354029e+00
 9.0000000000e-01	 1.5000000000e-01	 2.0733282524e+00	 4.6576277008e-01	 1.2438858654e+01	 2.0519523937e+00
 9.0000000000e-01	 2.0000000000e-01	 2.0312093980e+00	 6.2435036764e-01	 1.2511126604e+01	 1.4819213371e+00
 9.0000000000e-01	 2.5000000000e-01	 1.9758001398e+00	 7.8220125781e-01	 1.2762774761e+01	 9.4527650752e-01
 9.0000000000e-01	 3.0000000000e-01	 1.9069232563e+00	 9.3769328397e-01	 1.2766235203e+01	 2.6415026809e-01
 9.0000000000e-01	 3.5000000000e-01	 1.8246626133e+00	 1.0891424827e+00	 1.2285976872e+01	-6.1452924267e-01
 9.0000000000e-01	 4.0000000000e-01	 1.7293803266e+00	 1.2348557349e+00	 1.2160825733e+01	-1.1128740402e+00
 9.0000000000e-01	 4.5000000000e-01	 1.6217210373e+00	 1.3731882162e+00	 1.2334502482e+01	-1.3060176751e+00
 9.0000000000e-01	 5.0000000000e-01	 1.5026019100e+00	 1.5026019100e+00	 1.1265833024e+01	-1.9106501694e+00
 9.5000000000e-01	 0.0000000000e+00	 2.1875000000e+00	 0.0000000000e+00	 1.1857514103e+01	 2.1632543646e+00
 9.5000000000e-01	 5.0000000000e-02	 2.1818747276e+00	 1.5677666610e-01	 1.1925865112e+01	 2.2253534348e+00
 9.5000000000e-01	 1.0000000000e-01	 2.1644075479e+00	 3.1701138225e-01	 1.2023594395e+01	 1.9916558222e+00
 9.5000000000e-01	 1.5000000000e-01	 2.1343084951e+00	 4.7946167508e-01	 1.2156901382e+01	 1.6054502712e+00
 9.5000000000e-01	 2.0000000000e-01	 2.0909508509e+00	 6.4271361375e-01	 1.2277797167e+01	 1.1334439604e+00
 9.5000000000e-01	 2.5000000000e-01	 2.0339119086e+00	 8.0520717716e-01	 1.2579632888e+01	 6.9533175871e-01
 9.5000000000e-01	 3.0000000000e-01	 1.9630092344e+00	 9.6527249820e-01	 1.2691547943e+01	 1.4015506240e-01
 9.5000000000e-01	 3.5000000000e-01	 1.8783291608e+00	 1.1211760851e+00	 1.2294497750e+01	-6.3420855992e-01
 9.5000000000e-01	 4.0000000000e-01	 1.7802444539e+00	 1.2711750212e+00	 1.2216378638e+01	-1.1475059104e+00
 9.5000000000e-01	 4.5000000000e-01	 1.6694187149e+00	 1.4135761049e+00	 1.2463725936e+01	-1.2823011510e+00
 9.5000000000e-01	 5.0000000000e-01	 1.5467960838e+00	 1.5467960838e+00	 1.1522131411e+01	-1.7576020127e+00
 1.0000000000e+00	 0.0000000000e+00	 2.2500000000e+00	 0.0000000000e+00	 1.1419040409e+01	 1.3932923873e+00
 1.0000000000e+00	 5.0000000000e-02	 2.2442140055e+00	 1.6125599942e-01	 1.1510846217e+01	 1.4030183617e+00
 1.0000000000e+00	 1.0000000000e-01	 2.2262477636e+00	 3.2606885032e-01	 1.1650009364e+01	 1.2351037603e+00
 1.0000000000e+00	 1.5000000000e-01	 2.1952887378e+00	 4.9316058009e-01	 1.1847877691e+01	 9.8343351451e-01
 1.0000000000e+00	 2.0000000000e-01	 2.1506923037e+00	 6.6107685986e-01	 1.2063653674e+01	 6.6585287626e-01
 1.0000000000e+00	 2.5000000000e-01	 2.0920236774e+00	 8.2821309652e-01	 1.2457601794e+01	 3.6981254620e-01
 1.0000000000e+00	 3.0000000000e-01	 2.0190952125e+00	 9.9285171244e-01	 1.2760593130e+01	-1.1871877758e-02
 1.0000000000e+00	 3.5000000000e-01	 1.9319957082e+00	 1.1532096875e+00	 1.2573631269e+01	-6.1467455184e-01
 1.0000000000e+00	 4.0000000000e-01	 1.8311085811e+00	 1.3074943075e+00	 1.2634165246e+01	-1.0494656100e+00
 1.0000000000e+00	 4.5000000000e-01	 1.7171163924e+00	 1.4539639936e+00	 1.2968980857e+01	-1.1297920732e+00
 1.0000000000e+00	 5.0000000000e-01	 1.5909902577e+00	 1.5909902577e+00	 1.2324170386e+01	-1.3985373295e+00
 5.0000000000e-01	 5.0000000000e-01	 1.1490485194e+00	 1.1490485194e+00	 1.2137678243e+01	-2.1474954311e+00
 5.0000000000e-01	 5.5000000000e-01	 1.0500851065e+00	 1.2401396168e+00	 1.1358041963e+01	-2.4435027287e+00
 5.0000000000e-01	 6.0000000000e-01	 9.4430144431e-01	 1.3224673086e+00	 1.0464991082e+01	-2.7998924398e+00
 5.0000000000e-01	 6.5000000000e-01	 8.3287366321e-01	 1.3953302337e+00	 9.4057255999e+00	-3.0233283594e+00
 5.0000000000e-01	 7.0000000000e-01	 7.1705957009e-01	 1.4582354313e+00	 8.0906506466e+00	-2.9872746116e+00
 5.0000000000e-01	 7.5000000000e-01	 5.9815390303e-01	 1.5109059892e+00	 6.5078995156e+00	-2.9471651171e+00
 5.0000000000e-01	 8.0000000000e-01	 4.7744439877e-01	 1.5532777749e+00	 5.1179140981e+00	-2.6684087301e+00
 5.0000000000e-01	 8.5000000000e-01	 3.5617153005e-01	 1.5854863106e+00	 4.0185878693e+00	-2.0160067400e+00
 5.0000000000e-01	 9.0000000000e-01	 2.3549416966e-01	 1.6078456070e+00	 3.2193385083e+00	-1.2780190988e+00
 5.0000000000e-01	 9.5000000000e-01	 1.1646266624e-01	 1.6208212262e+00	 2.7452697592e+00	-8.1370769345e-01
 5.0000000000e-01	 1.0000000000e+00	 0.0000000000e+00	 1.6250000000e+00	 2.4202017995e+00	-9.0909616399e-01
 5.5000000000e-01	 5.0000000000e-01	 1.1932426933e+00	 1.1932426933e+00	 1.2274167067e+01	-2.0209157836e+00
 5.5000000000e-01	 5.5000000000e-01	 1.0904729952e+00	 1.2878372943e+00	 1.1472255999e+01	-2.2659971784e+00
 5.5000000000e-01	 6.0000000000e-01	 9.8062073063e-01	 1.3733314358e+00	 1.0722001541e+01	-2.4831048671e+00
 5.5000000000e-01	 6.5000000000e-01	 8.6490726564e-01	 1.4489967812e+00	 9.7277799497e+00	-2.6687017253e+00
 5.5000000000e-01	 7.0000000000e-01	 7.4463878432e-01	 1.5143214094e+00	 8.3089856239e+00	-2.7187079219e+00
 5.5000000000e-01	 7.5000000000e-01	 6.2115982237e-01	 1.5690177581e+00	 7.0924989891e+00	-2.4404143340e+00
 5.5000000000e-01	 8.0000000000e-01	 4.9580764488e-01	 1.6130192278e+00	 6.1021267170e+00	-1.9659287859e+00
 5.5000000000e-01	 8.5000000000e-01	 3.6987043505e-01	 1.6464665533e+00	 5.3339241554e+00	-1.2296719592e+00
 5.5000000000e-01	 9.0000000000e-01	 2.4455163772e-01	 1.6696858227e+00	 4.7980977671e+00	-4.6875612783e-01
 5.5000000000e-01	 9.5000000000e-01	 1.2094199955e-01	 1.6831605042e+00	 4.3967368849e+00	-5.3480468211e-02
 5.5000000000e-01	 1.0000000000e+00	 0.0000000000e+00	 1.6875000000e+00	 3.8039290761e+00	-2.2781809588e-01
 6.0000000000e-01	 5.0000000000e-01	 1.2374368671e+00	 1.2374368671e+00	 1.2342258918e+01	-1.9057471329e+00
 6.0000000000e-01	 5.5000000000e-01	 1.1308608839e+00	 1.3355349719e+00	 1.1470579146e+01	-2.1824973079e+00
 6.0000000000e-01	 6.0000000000e-01	 1.0169400169e+00	 1.4241955631e+00	 1.0762761015e+01	-2.3340582713e+00
 6.0000000000e-01	 6.5000000000e-01	 8.9694086807e-01	 1.5026633286e+00	 9.6994838442e+00	-2.5468357517e+00
 6.0000000000e-01	 7.0000000000e-01	 7.7221799856e-01	 1.5704073875e+00	 8.5049771736e+00	-2.4996399396e+00
 6.0000000000e-01	 7.5000000000e-01	 6.4416574172e-01	 1.6271295269e+00	 7.5490838296e+00	-2.0729574623e+00
 6.0000000000e-01	 8.0000000000e-01	 5.1417089099e-01	 1.6727606807e+00	 6.7680108543e+00	-1.5243785544e+00
 6.0000000000e-01	 8.5000000000e-01	 3.8356934005e-01	 1.7074467961e+00	 6.1326619390e+00	-8.2082213355e-01
 6.0000000000e-01	 9.0000000000e-01	 2.5360910579e-01	 1.7315260384e+00	 5.6715641955e+00	-1.0321627966e-01
 6.0000000000e-01	 9.5000000000e-01	 1.2542133287e-01	 1.7454997821e+00	 5.2564171234e+00	 3.1018282447e-01
 6.0000000000e-01	 1.0000000000e+00	 0.0000000000e+00	 1.7500000000e+00	 4.5537286001e+00	 1.8811102260e-01
 6.5000000000e-01	 5.0000000000e-01	 1.2816310409e+00	 1.2816310409e+00	 1.2330694832e+01	-1.8172863909e+00
 6.5000000000e-01	 5.5000000000e-01	 1.1712487727e+00	 1.3832326495e+00	 1.1373255791e+01	-2.1465320556e+00
 6.5000000000e-01	 6.0000000000e-01	 1.0532593033e+00	 1.4750596904e+00	 1.0613709017e+01	-2.3113428256e+00
 6.5000000000e-01	 6.5000000000e-01	 9.2897447050e-01	 1.5563298761e+00	 9.6969285804e+00	-2.4348394297e+00
 6.5000000000e-01	 7.0000000000e-01	 7.9979721279e-01	 1.6264933656e+00	 8.7024804163e+00	-2.2947039998e+00
 6.5000000000e-01	 7.5000000000e-01	 6.6717166107e-01	 1.6852412957e+00	 7.8481657865e+00	-1.8251380187e+00
 6.5000000000e-01	 8.0000000000e-01	 5.3253413709e-01	 1.7325021336e+00	 7.1032883772e+00	-1.2940030582e+00
 6.5000000000e-01	 8.5000000000e-01	 3.9726824506e-01	 1.7684270388e+00	 6.4171343323e+00	-7.0369431629e-01
 6.5000000000e-01	 9.0000000000e-01	 2.6266657385e-01	 1.7933662540e+00	 5.8456208582e+00	-1.0143768844e-01
 6.5000000000e-01	 9.5000000000e-01	 1.2990066619e-01	 1.8078390600e+00	 5.3288261742e+00	 3.0389120084e-01
 6.5000000000e-01	 1.0000000000e+00	 0.0000000000e+00	 1.8125000000e+00	 4.6619105737e+00	 3.0303370887e-01
 7.0000000000e-01	 5.0000000000e-01	 1.3258252147e+00	 1.3258252147e+00	 1.2226610072e+01	-1.7704313389e+00
 7.0000000000e-01	 5.5000000000e-01	 1.2116366614e+00	 1.4309303270e+00	 1.1155537809e+01	-2.1713295022e+00
 7.0000000000e-01	 6.0000000000e-01	 1.0895785896e+00	 1.5259238176e+00	 1.0392672875e+01	-2.3446888938e+00
 7.0000000000e-01	 6.5000000000e-01	 9.6100807293e-01	 1.6099964235e+00	 9.7618640788e+00	-2.3080822171e+00
 7.0000000000e-01	 7.0000000000e-01	 8.2737642702e-01	 1.6825793438e+00	 8.8554414518e+00	-2.1240210670e+00
 7.0000000000e-01	 7.5000000000e-01	 6.9017758042e-01	 1.7433530645e+00	 7.9626563977e+00	-1.6923576162e+00
 7.0000000000e-01	 8.0000000000e-01	 5.5089738320e-01	 1.7922435865e+00	 7.1028871134e+00	-1.2488683624e+00
 7.0000000000e-01	 8.5000000000e-01	 4.1096715006e-01	 1.8294072815e+00	 6.2049759835e+00	-8.2952688513e-01
 7.0000000000e-01	 9.0000000000e-01	 2.7172404192e-01	 1.8552064697e+00	 5.3530733143e+00	-4.0737500285e-01
 7.0000000000e-01	 9.5000000000e-01	 1.3437999951e-01	 1.8701783380e+00	 4.6795810828e+00	-3.0741739109e-02
 7.0000000000e-01	 1.0000000000e+00	 0.0000000000e+00	 1.8750000000e+00	 4.1837581440e+00	 1.1885426369e-01
 7.5000000000e-01	 5.0000000000e-01	 1.3700193886e+00	 1.3700193886e+00	 1.2027286686e+01	-1.7731978340e+00
 7.5000000000e-01	 5.5000000000e-01	 1.2520245501e+00	 1.4786280046e+00	 1.0789842053e+01	-2.2752142985e+00
 7.5000000000e-01	 6.0000000000e-01	 1.1258978759e+00	 1.5767879449e+00	 1.0264644213e+01	-2.3531832515e+00
 7.5000000000e-01	 6.5000000000e-01	 9.9304167537e-01	 1.6636629710e+00	 9.8545302787e+00	-2.1865536516e+00
 7.5000000000e-01	 7.0000000000e-01	 8.5495564126e-01	 1.7386653219e+00	 8.9228773055e+00	-2.0071189171e+00
 7.5000000000e-01	 7.5000000000e-01	 7.1318349976e-01	 1.8014648333e+00	 7.8661705099e+00	-1.6798106292e+00
 7.5000000000e-01	 8.0000000000e-01	 5.6926062931e-01	 1.8519850394e+00	 6.7629900839e+00	-1.3786134313e+00
 7.5000000000e-01	 8.5000000000e-01	 4.2466605506e-01	 1.8903875242e+00	 5.6839241164e+00	-1.0906006958e+00
 7.5000000000e-01	 9.0000000000e-01	 2.8078150998e-01	 1.9170466853e+00	 4.7832901437e+00	-7.2351873097e-01
 7.5000000000e-01	 9.5000000000e-01	 1.3885933282e-01	 1.9325176159e+00	 4.1277432295e+00	-3.2316967597e-01
 7.5000000000e-01	 1.0000000000e+00	 0.0000000000e+00	 1.9375000000e+00	 3.8527161589e+00	-5.3282322252e-02
 8.0000000000e-01	 5.0000000000e-01	 1.4142135624e+00	 1.4142135624e+00	 1.1752130524e+01	-1.8204050577e+00
 8.0000000000e-01	 5.5000000000e-01	 1.2924124388e+00	 1.5263256822e+00	 1.0413158239e+01	-2.3972554844e+00
 8.0000000000e-01	 6.0000000000e-01	 1.1622171622e+00	 1.6276520721e+00	 1.0238900002e+01	-2.3306478321e+00
 8.0000000000e-01	 6.5000000000e-01	 1.0250752778e+00	 1.7173295184e+00	 9.9506959311e+00	-2.0812867164e+00
 8.0000000000e-01	 7.0000000000e-01	 8.8253485549e-01	 1.7947513000e+00	 8.8703764635e+00	-1.9602364989e+00
 8.0000000000e-01	 7.5000000000e-01	 7.3618941911e-01	 1.8595766021e+00	 7.5385795516e+00	-1.7956325213e+00
 8.0000000000e-01	 8.0000000000e-01	 5.8762387542e-01	 1.9117264922e+00	 6.4442402593e+00	-1.5095184173e+00
 8.0000000000e-01	 8.5000000000e-01	 4.3836496007e-01	 1.9513677669e+00	 5.4752084965e+00	-1.1932995570e+00
 8.0000000000e-01	 9.0000000000e-01	 2.8983897805e-01	 1.9788869010e+00	 4.5968348279e+00	-8.3695620752e-01
 8.0000000000e-01	 9.5000000000e-01	 1.4333866614e-01	 1.9948568938e+00	 3.9687533448e+00	-4.4271675862e-01
 8.0000000000e-01	 1.0000000000e+00	 0.0000000000e+00	 2.0000000000e+00	 3.8696589985e+00	-1.1516527062e-01
 8.5000000000e-01	 5.0000000000e-01	 1.4584077362e+00	 1.4584077362e+00	 1.1454413071e+01	-1.8870840137e+00
 8.5000000000e-01	 5.5000000000e-01	 1.3328003275e+00	 1.5740233597e+00	 1.0261209513e+01	-2.4257702525e+00
 8.5000000000e-01	 6.0000000000e-01	 1.1985364485e+00	 1.6785161994e+00	 1.0346835003e+01	-2.2565339080e+00
 8.5000000000e-01	 6.5000000000e-01	 1.0571088802e+00	 1.7709960659e+00	 1.0044855175e+01	-1.9913108027e+00
 8.5000000000e-01	 7.0000000000e-01	 9.1011406973e-01	 1.8508372781e+00	 8.6718699765e+00	-1.9937614600e+00
 8.5000000000e-01	 7.5000000000e-01	 7.5919533846e-01	 1.9176883710e+00	 7.3728723124e+00	-1.8504500200e+00
 8.5000000000e-01	 8.0000000000e-01	 6.0598712153e-01	 1.9714679451e+00	 6.4997106859e+00	-1.4735647452e+00
 8.5000000000e-01	 8.5000000000e-01	 4.5206386507e-01	 2.0123480097e+00	 5.6310697976e+00	-1.1219944936e+00
 8.5000000000e-01	 9.0000000000e-01	 2.9889644611e-01	 2.0407271166e+00	 4.7976611614e+00	-7.5823519234e-01
 8.5000000000e-01	 9.5000000000e-01	 1.4781799946e-01	 2.0571961718e+00	 4.2143776910e+00	-3.8802928948e-01
 8.5000000000e-01	 1.0000000000e+00	 0.0000000000e+00	 2.0625000000e+00	 4.2387916475e+00	-5.7535898941e-02
 9.0000000000e-01	 5.0000000000e-01	 1.5026019100e+00	 1.5026019100e+00	 1.1265833024e+01	-1.9106501694e+00
 9.0000000000e-01	 5.5000000000e-01	 1.3731882162e+00	 1.6217210373e+00	 1.0415393018e+01	-2.3169731608e+00
 9.0000000000e-01	 6.0000000000e-01	 1.2348557349e+00	 1.7293803266e+00	 1.0643421531e+01	-2.0961643580e+00
 9.0000000000e-01	 6.5000000000e-01	 1.0891424827e+00	 1.8246626133e+00	 1.0153809051e+01	-1.9008631708e+00
 9.0000000000e-01	 7.0000000000e-01	 9.3769328397e-01	 1.9069232563e+00	 8.6164508275e+00	-1.9677388095e+00
 9.0000000000e-01	 7.5000000000e-01	 7.8220125781e-01	 1.9758001398e+00	 7.6117029873e+00	-1.7227100693e+00
 9.0000000000e-01	 8.0000000000e-01	 6.2435036764e-01	 2.0312093980e+00	 6.9214630744e+00	-1.2770647899e+00
 9.0000000000e-01	 8.5000000000e-01	 4.6576277008e-01	 2.0733282524e+00	 6.1512371584e+00	-8.8868259327e-01
 9.0000000000e-01	 9.0000000000e-01	 3.0795391418e-01	 2.1025673323e+00	 5.3923888793e+00	-5.0232678213e-01
 9.0000000000e-01	 9.5000000000e-01	 1.5229733278e-01	 2.1195354497e+00	 4.8761911922e+00	-1.6086106076e-01
 9.0000000000e-01	 1.0000000000e+00	 0.0000000000e+00	 2.1250000000e+00	 4.9667271322e+00	 1.2685407474e-01
 9.5000000000e-01	 5.0000000000e-01	 1.5467960838e+00	 1.5467960838e+00	 1.1522131411e+01	-1.7576020127e+00
 9.5000000000e-01	 5.5000000000e-01	 1.4135761049e+00	 1.6694187149e+00	 1.0957783519e+01	-2.0301141390e+00
 9.5000000000e-01	 6.0000000000e-01	 1.2711750212e+00	 1.7802444539e+00	 1.1200533546e+01	-1.8097216674e+00
 9.5000000000e-01	 6.5000000000e-01	 1.1211760851e+00	 1.8783291608e+00	 1.0377106558e+01	-1.7520881873e+00
 9.5000000000e-01	 7.0000000000e-01	 9.6527249820e-01	 1.9630092344e+00	 9.0198114071e+00	-1.7328906584e+00
 9.5000000000e-01	 7.5000000000e-01	 8.0520717716e-01	 2.0339119086e+00	 8.2454159714e+00	-1.4197223098e+00
 9.5000000000e-01	 8.0000000000e-01	 6.4271361375e-01	 2.0909508509e+00	 7.7060009861e+00	-9.2764792914e-01
 9.5000000000e-01	 8.5000000000e-01	 4.7946167508e-01	 2.1343084951e+00	 7.0385935069e+00	-5.0446304834e-01
 9.5000000000e-01	 9.0000000000e-01	 3.1701138225e-01	 2.1644075479e+00	 6.3883867604e+00	-8.5668613192e-02
 9.5000000000e-01	 9.5000000000e-01	 1.5677666610e-01	 2.1818747276e+00	 5.9651764454e+00	 2.3456843782e-01
 9.5000000000e-01	 1.0000000000e+00	 0.0000000000e+00	 2.1875000000e+00	 6.0593592866e+00	 4.4631296032e-01
 1.0000000000e+00	 5.0000000000e-01	 1.5909902577e+00	 1.5909902577e+00	 1.2324170386e+01	-1.3985373295e+00
 1.0000000000e+00	 5.5000000000e-01	 1.4539639936e+00	 1.7171163924e+00	 1.1960802179e+01	-1.5409017315e+00
 1.0000000000e+00	 6.0000000000e-01	 1.3074943075e+00	 1.8311085811e+00	 1.2098764673e+01	-1.3649950349e+00
 1.0000000000e+00	 6.5000000000e-01	 1.1532096875e+00	 1.9319957082e+00	 1.1088119886e+01	-1.3700307251e+00
 1.0000000000e+00	 7.0000000000e-01	 9.9285171244e-01	 2.0190952125e+00	 9.8679477271e+00	-1.3037815503e+00
 1.0000000000e+00	 7.5000000000e-01	 8.2821309652e-01	 2.0920236774e+00	 9.2680106076e+00	-9.5229754547e-01
 1.0000000000e+00	 8.0000000000e-01	 6.6107685986e-01	 2.1506923037e+00	 8.8520950514e+00	-4.3321483132e-01
 1.0000000000e+00	 8.5000000000e-01	 4.9316058009e-01	 2.1952887378e+00	 8.2965529472e+00	 2.2389505939e-02
 1.0000000000e+00	 9.0000000000e-01	 3.2606885032e-01	 2.2262477636e+00	 7.7906060828e+00	 4.7716851509e-01
 1.0000000000e+00	 9.5000000000e-01	 1.6125599942e-01	 2.2442140055e+00	 7.4817450296e+00	 7.8865558185e-01
 1.0000000000e+00	 1.0000000000e+00	 0.0000000000e+00	 2.2500000000e+00	 7.5411317797e+00	 9.1971301193e-01
