1	10	10
21	21	2	2
 1.0000e+00	 0.0000e+00	-4.6858e-05	 0.0000e+00	 4.6858e-05
 9.9743e-01	 7.1669e-02	-4.6681e-05	 9.6423e-06	 4.7666e-05
 9.8944e-01	 1.4492e-01	-4.6190e-05	 1.9537e-05	 5.0152e-05
 9.7568e-01	 2.1918e-01	-4.5436e-05	 2.9634e-05	 5.4245e-05
 9.5586e-01	 2.9381e-01	-4.4461e-05	 3.9843e-05	 5.9701e-05
 9.2979e-01	 3.6809e-01	-4.3304e-05	 5.0014e-05	 6.6156e-05
 8.9738e-01	 4.4127e-01	-4.1969e-05	 5.9936e-05	 7.3169e-05
 8.5866e-01	 5.1254e-01	-4.0344e-05	 6.9478e-05	 8.0343e-05
 8.1383e-01	 5.8111e-01	-3.8329e-05	 7.8595e-05	 8.7443e-05
 7.6316e-01	 6.4621e-01	-3.5888e-05	 8.7312e-05	 9.4400e-05
 7.0711e-01	 7.0711e-01	-3.3078e-05	 9.5682e-05	 1.0124e-04
 6.4621e-01	 7.6316e-01	-3.0039e-05	 1.0360e-04	 1.0787e-04
 5.8111e-01	 8.1383e-01	-2.6900e-05	 1.1075e-04	 1.1397e-04
 5.1254e-01	 8.5866e-01	-2.3712e-05	 1.1687e-04	 1.1925e-04
 4.4127e-01	 8.9738e-01	-2.0479e-05	 1.2187e-04	 1.2358e-04
 3.6809e-01	 9.2979e-01	-1.7176e-05	 1.2590e-04	 1.2706e-04
 2.9381e-01	 9.5586e-01	-1.3782e-05	 1.2917e-04	 1.2990e-04
 2.1918e-01	 9.7568e-01	-1.0318e-05	 1.3183e-04	 1.3223e-04
 1.4492e-01	 9.8944e-01	-6.8317e-06	 1.3391e-04	 1.3408e-04
 7.1669e-02	 9.9743e-01	-3.3768e-06	 1.3539e-04	 1.3543e-04
 0.0000e+00	 1.0000e+00	 0.0000e+00	 1.3622e-04	 1.3622e-04
 1.0625e+00	 0.0000e+00	-4.9814e-05	 0.0000e+00	 4.9814e-05
 1.0598e+00	 7.6149e-02	-4.9746e-05	 8.8494e-06	 5.0527e-05
 1.0513e+00	 1.5398e-01	-4.9122e-05	 1.7920e-05	 5.2289e-05
 1.0367e+00	 2.3288e-01	-4.8010e-05	 2.7209e-05	 5.5184e-05
 1.0156e+00	 3.1218e-01	-4.6489e-05	 3.6683e-05	 5.9219e-05
 9.8790e-01	 3.9110e-01	-4.4656e-05	 4.6245e-05	 6.4287e-05
 9.5346e-01	 4.6885e-01	-4.2547e-05	 5.5733e-05	 7.0117e-05
 9.1233e-01	 5.4457e-01	-4.0083e-05	 6.5028e-05	 7.6389e-05
 8.6469e-01	 6.1743e-01	-3.7210e-05	 7.4084e-05	 8.2904e-05
 8.1086e-01	 6.8659e-01	-3.3960e-05	 8.2943e-05	 8.9626e-05
 7.5130e-01	 7.5130e-01	-3.0471e-05	 9.1681e-05	 9.6612e-05
 6.8659e-01	 8.1086e-01	-2.6954e-05	 1.0022e-04	 1.0378e-04
 6.1743e-01	 8.6469e-01	-2.3543e-05	 1.0814e-04	 1.1068e-04
 5.4457e-01	 9.1233e-01	-2.0286e-05	 1.1507e-04	 1.1684e-04
 4.6885e-01	 9.5346e-01	-1.7167e-05	 1.2085e-04	 1.2206e-04
 3.9110e-01	 9.8790e-01	-1.4139e-05	 1.2559e-04	 1.2639e-04
 3.1218e-01	 1.0156e+00	-1.1150e-05	 1.2951e-04	 1.2999e-04
 2.3288e-01	 1.0367e+00	-8.2024e-06	 1.3269e-04	 1.3294e-04
 1.5398e-01	 1.0513e+00	-5.3361e-06	 1.3505e-04	 1.3515e-04
 7.6149e-02	 1.0598e+00	-2.5915e-06	 1.3648e-04	 1.3650e-04
 0.0000e+00	 1.0625e+00	 0.0000e+00	 1.3687e-04	 1.3687e-04
 1.1250e+00	 0.0000e+00	-5.2134e-05	 0.0000e+00	 5.2134e-05
 1.1221e+00	 8.0628e-02	-5.2055e-05	 8.1559e-06	 5.2690e-05
 1.1131e+00	 1.6303e-01	-5.1265e-05	 1.6523e-05	 5.3862e-05
 1.0976e+00	 2.4658e-01	-4.9832e-05	 2.5127e-05	 5.5809e-05
 1.0753e+00	 3.3054e-01	-4.7866e-05	 3.3991e-05	 5.8707e-05
 1.0460e+00	 4.1411e-01	-4.5512e-05	 4.3074e-05	 6.2664e-05
 1.0095e+00	 4.9643e-01	-4.2823e-05	 5.2252e-05	 6.7558e-05
 9.6600e-01	 5.7660e-01	-3.9745e-05	 6.1393e-05	 7.3135e-05
 9.1555e-01	 6.5375e-01	-3.6256e-05	 7.0435e-05	 7.9219e-05
 8.5856e-01	 7.2698e-01	-3.2425e-05	 7.9419e-05	 8.5784e-05
 7.9550e-01	 7.9550e-01	-2.8450e-05	 8.8426e-05	 9.2890e-05
 7.2698e-01	 8.5856e-01	-2.4582e-05	 9.7327e-05	 1.0038e-04
 6.5375e-01	 9.1555e-01	-2.0970e-05	 1.0570e-04	 1.0776e-04
 5.7660e-01	 9.6600e-01	-1.7661e-05	 1.1311e-04	 1.1448e-04
 4.9643e-01	 1.0095e+00	-1.4625e-05	 1.1938e-04	 1.2027e-04
 4.1411e-01	 1.0460e+00	-1.1800e-05	 1.2461e-04	 1.2517e-04
 3.3054e-01	 1.0753e+00	-9.1180e-06	 1.2903e-04	 1.2935e-04
 2.4658e-01	 1.0976e+00	-6.5661e-06	 1.3268e-04	 1.3284e-04
 1.6303e-01	 1.1131e+00	-4.1812e-06	 1.3536e-04	 1.3543e-04
 8.0628e-02	 1.1221e+00	-1.9887e-06	 1.3689e-04	 1.3690e-04
 0.0000e+00	 1.1250e+00	 0.0000e+00	 1.3711e-04	 1.3711e-04
 1.1875e+00	 0.0000e+00	-5.4063e-05	 0.0000e+00	 5.4063e-05
 1.1844e+00	 8.5107e-02	-5.3928e-05	 7.6079e-06	 5.4462e-05
 1.1750e+00	 1.7209e-01	-5.2995e-05	 1.5426e-05	 5.5195e-05
 1.1586e+00	 2.6028e-01	-5.1303e-05	 2.3492e-05	 5.6425e-05
 1.1351e+00	 3.4890e-01	-4.8962e-05	 3.1864e-05	 5.8417e-05
 1.1041e+00	 4.3711e-01	-4.6165e-05	 4.0569e-05	 6.1458e-05
 1.0656e+00	 5.2401e-01	-4.3005e-05	 4.9524e-05	 6.5590e-05
 1.0197e+00	 6.0864e-01	-3.9461e-05	 5.8584e-05	 7.0635e-05
 9.6642e-01	 6.9007e-01	-3.5526e-05	 6.7651e-05	 7.6412e-05
 9.0626e-01	 7.6737e-01	-3.1280e-05	 7.6760e-05	 8.2889e-05
 8.3969e-01	 8.3969e-01	-2.6959e-05	 8.5948e-05	 9.0077e-05
 7.6737e-01	 9.0626e-01	-2.2838e-05	 9.5050e-05	 9.7756e-05
 6.9007e-01	 9.6642e-01	-1.9073e-05	 1.0367e-04	 1.0541e-04
 6.0864e-01	 1.0197e+00	-1.5714e-05	 1.1136e-04	 1.1246e-04
 5.2401e-01	 1.0656e+00	-1.2722e-05	 1.1797e-04	 1.1865e-04
 4.3711e-01	 1.1041e+00	-1.0026e-05	 1.2363e-04	 1.2404e-04
 3.4890e-01	 1.1351e+00	-7.5617e-06	 1.2854e-04	 1.2877e-04
 2.6028e-01	 1.1586e+00	-5.3139e-06	 1.3265e-04	 1.3276e-04
 1.7209e-01	 1.1750e+00	-3.3089e-06	 1.3564e-04	 1.3568e-04
 8.5107e-02	 1.1844e+00	-1.5439e-06	 1.3728e-04	 1.3729e-04
 0.0000e+00	 1.1875e+00	 0.0000e+00	 1.3747e-04	 1.3747e-04
 1.2500e+00	 0.0000e+00	-5.5669e-05	 0.0000e+00	 5.5669e-05
 1.2468e+00	 8.9587e-02	-5.5463e-05	 7.2051e-06	 5.5929e-05
 1.2368e+00	 1.8115e-01	-5.4432e-05	 1.4626e-05	 5.6363e-05
 1.2196e+00	 2.7398e-01	-5.2573e-05	 2.2303e-05	 5.7108e-05
 1.1948e+00	 3.6726e-01	-4.9980e-05	 3.0318e-05	 5.8457e-05
 1.1622e+00	 4.6012e-01	-4.6839e-05	 3.8742e-05	 6.0785e-05
 1.1217e+00	 5.5158e-01	-4.3262e-05	 4.7525e-05	 6.4267e-05
 1.0733e+00	 6.4067e-01	-3.9325e-05	 5.6544e-05	 6.8874e-05
 1.0173e+00	 7.2639e-01	-3.5042e-05	 6.5668e-05	 7.4433e-05
 9.5395e-01	 8.0776e-01	-3.0491e-05	 7.4891e-05	 8.0860e-05
 8.8388e-01	 8.8388e-01	-2.5933e-05	 8.4186e-05	 8.8089e-05
 8.0776e-01	 9.5395e-01	-2.1635e-05	 9.3393e-05	 9.5866e-05
 7.2639e-01	 1.0173e+00	-1.7746e-05	 1.0215e-04	 1.0368e-04
 6.4067e-01	 1.0733e+00	-1.4324e-05	 1.1005e-04	 1.1097e-04
 5.5158e-01	 1.1217e+00	-1.1326e-05	 1.1700e-04	 1.1755e-04
 4.6012e-01	 1.1622e+00	-8.6898e-06	 1.2314e-04	 1.2344e-04
 3.6726e-01	 1.1948e+00	-6.3809e-06	 1.2846e-04	 1.2861e-04
 2.7398e-01	 1.2196e+00	-4.3757e-06	 1.3285e-04	 1.3293e-04
 1.8115e-01	 1.2368e+00	-2.6727e-06	 1.3601e-04	 1.3604e-04
 8.9587e-02	 1.2468e+00	-1.2328e-06	 1.3773e-04	 1.3773e-04
 0.0000e+00	 1.2500e+00	 0.0000e+00	 1.3797e-04	 1.3797e-04
 1.3125e+00	 0.0000e+00	-5.6996e-05	 0.0000e+00	 5.6996e-05
 1.3091e+00	 9.4066e-02	-5.6718e-05	 6.9329e-06	 5.7140e-05
 1.2986e+00	 1.9021e-01	-5.5627e-05	 1.4089e-05	 5.7384e-05
 1.2806e+00	 2.8768e-01	-5.3675e-05	 2.1505e-05	 5.7822e-05
 1.2546e+00	 3.8563e-01	-5.0928e-05	 2.9277e-05	 5.8744e-05
 1.2203e+00	 4.8312e-01	-4.7554e-05	 3.7504e-05	 6.0563e-05
 1.1778e+00	 5.7916e-01	-4.3673e-05	 4.6165e-05	 6.3549e-05
 1.1270e+00	 6.7271e-01	-3.9391e-05	 5.5165e-05	 6.7785e-05
 1.0681e+00	 7.6271e-01	-3.4798e-05	 6.4366e-05	 7.3170e-05
 1.0017e+00	 8.4815e-01	-3.0016e-05	 7.3677e-05	 7.9557e-05
 9.2808e-01	 9.2808e-01	-2.5299e-05	 8.3030e-05	 8.6798e-05
 8.4815e-01	 1.0017e+00	-2.0881e-05	 9.2284e-05	 9.4617e-05
 7.6271e-01	 1.0681e+00	-1.6888e-05	 1.0115e-04	 1.0255e-04
 6.7271e-01	 1.1270e+00	-1.3376e-05	 1.0930e-04	 1.1012e-04
 5.7916e-01	 1.1778e+00	-1.0329e-05	 1.1663e-04	 1.1709e-04
 4.8312e-01	 1.2203e+00	-7.7185e-06	 1.2311e-04	 1.2335e-04
 3.8563e-01	 1.2546e+00	-5.5183e-06	 1.2869e-04	 1.2881e-04
 2.8768e-01	 1.2806e+00	-3.7007e-06	 1.3323e-04	 1.3329e-04
 1.9021e-01	 1.2986e+00	-2.2325e-06	 1.3646e-04	 1.3648e-04
 9.4066e-02	 1.3091e+00	-1.0318e-06	 1.3821e-04	 1.3821e-04
 0.0000e+00	 1.3125e+00	 0.0000e+00	 1.3854e-04	 1.3854e-04
 1.3750e+00	 0.0000e+00	-5.8089e-05	 0.0000e+00	 5.8089e-05
 1.3715e+00	 9.8545e-02	-5.7744e-05	 6.7688e-06	 5.8140e-05
 1.3605e+00	 1.9926e-01	-5.6621e-05	 1.3768e-05	 5.8271e-05
 1.3416e+00	 3.0138e-01	-5.4626e-05	 2.1026e-05	 5.8533e-05
 1.3143e+00	 4.0399e-01	-5.1793e-05	 2.8647e-05	 5.9187e-05
 1.2785e+00	 5.0613e-01	-4.8264e-05	 3.6737e-05	 6.0655e-05
 1.2339e+00	 6.0674e-01	-4.4177e-05	 4.5310e-05	 6.3282e-05
 1.1807e+00	 7.0474e-01	-3.9649e-05	 5.4303e-05	 6.7238e-05
 1.1190e+00	 7.9902e-01	-3.4779e-05	 6.3584e-05	 7.2474e-05
 1.0493e+00	 8.8853e-01	-2.9810e-05	 7.2971e-05	 7.8825e-05
 9.7227e-01	 9.7227e-01	-2.4987e-05	 8.2354e-05	 8.6062e-05
 8.8853e-01	 1.0493e+00	-2.0488e-05	 9.1634e-05	 9.3896e-05
 7.9902e-01	 1.1190e+00	-1.6401e-05	 1.0063e-04	 1.0196e-04
 7.0474e-01	 1.1807e+00	-1.2780e-05	 1.0907e-04	 1.0981e-04
 6.0674e-01	 1.2339e+00	-9.6741e-06	 1.1667e-04	 1.1707e-04
 5.0613e-01	 1.2785e+00	-7.0635e-06	 1.2338e-04	 1.2358e-04
 4.0399e-01	 1.3143e+00	-4.9290e-06	 1.2912e-04	 1.2922e-04
 3.0138e-01	 1.3416e+00	-3.2464e-06	 1.3372e-04	 1.3376e-04
 1.9926e-01	 1.3605e+00	-1.9522e-06	 1.3694e-04	 1.3696e-04
 9.8545e-02	 1.3715e+00	-9.1777e-07	 1.3870e-04	 1.3870e-04
 0.0000e+00	 1.3750e+00	 0.0000e+00	 1.3914e-04	 1.3914e-04
 1.4375e+00	 0.0000e+00	-5.8993e-05	 0.0000e+00	 5.8993e-05
 1.4338e+00	 1.0302e-01	-5.8588e-05	 6.6823e-06	 5.8968e-05
 1.4223e+00	 2.0832e-01	-5.7447e-05	 1.3605e-05	 5.9036e-05
 1.4025e+00	 3.1507e-01	-5.5440e-05	 2.0788e-05	 5.9209e-05
 1.3741e+00	 4.2235e-01	-5.2563e-05	 2.8327e-05	 5.9710e-05
 1.3366e+00	 5.2914e-01	-4.8937e-05	 3.6329e-05	 6.0948e-05
 1.2900e+00	 6.3432e-01	-4.4715e-05	 4.4838e-05	 6.3323e-05
 1.2343e+00	 7.3677e-01	-4.0017e-05	 5.3830e-05	 6.7075e-05
 1.1699e+00	 8.3534e-01	-3.4954e-05	 6.3173e-05	 7.2199e-05
 1.0970e+00	 9.2892e-01	-2.9833e-05	 7.2633e-05	 7.8521e-05
 1.0165e+00	 1.0165e+00	-2.4933e-05	 8.2044e-05	 8.5749e-05
 9.2892e-01	 1.0970e+00	-2.0374e-05	 9.1355e-05	 9.3600e-05
 8.3534e-01	 1.1699e+00	-1.6199e-05	 1.0049e-04	 1.0179e-04
 7.3677e-01	 1.2343e+00	-1.2483e-05	 1.0915e-04	 1.0986e-04
 6.3432e-01	 1.2900e+00	-9.3099e-06	 1.1694e-04	 1.1731e-04
 5.2914e-01	 1.3366e+00	-6.6788e-06	 1.2381e-04	 1.2399e-04
 4.2235e-01	 1.3741e+00	-4.5749e-06	 1.2965e-04	 1.2973e-04
 3.1507e-01	 1.4025e+00	-2.9778e-06	 1.3424e-04	 1.3428e-04
 2.0832e-01	 1.4223e+00	-1.8005e-06	 1.3741e-04	 1.3742e-04
 1.0302e-01	 1.4338e+00	-8.6876e-07	 1.3915e-04	 1.3915e-04
 0.0000e+00	 1.4375e+00	 0.0000e+00	 1.3971e-04	 1.3971e-04
 1.5000e+00	 0.0000e+00	-5.9753e-05	 0.0000e+00	 5.9753e-05
 1.4961e+00	 1.0750e-01	-5.9289e-05	 6.6355e-06	 5.9659e-05
 1.4842e+00	 2.1738e-01	-5.8128e-05	 1.3532e-05	 5.9683e-05
 1.4635e+00	 3.2877e-01	-5.6123e-05	 2.0701e-05	 5.9819e-05
 1.4338e+00	 4.4072e-01	-5.3233e-05	 2.8220e-05	 6.0250e-05
 1.3947e+00	 5.5214e-01	-4.9557e-05	 3.6177e-05	 6.1357e-05
 1.3461e+00	 6.6190e-01	-4.5253e-05	 4.4646e-05	 6.3570e-05
 1.2880e+00	 7.6881e-01	-4.0439e-05	 5.3645e-05	 6.7179e-05
 1.2207e+00	 8.7166e-01	-3.5262e-05	 6.3032e-05	 7.2226e-05
 1.1447e+00	 9.6931e-01	-3.0047e-05	 7.2552e-05	 7.8528e-05
 1.0607e+00	 1.0607e+00	-2.5078e-05	 8.2010e-05	 8.5759e-05
 9.6931e-01	 1.1447e+00	-2.0465e-05	 9.1382e-05	 9.3646e-05
 8.7166e-01	 1.2207e+00	-1.6222e-05	 1.0061e-04	 1.0191e-04
 7.6881e-01	 1.2880e+00	-1.2426e-05	 1.0939e-04	 1.1010e-04
 6.6190e-01	 1.3461e+00	-9.1827e-06	 1.1734e-04	 1.1770e-04
 5.5214e-01	 1.3947e+00	-6.5194e-06	 1.2431e-04	 1.2448e-04
 4.4072e-01	 1.4338e+00	-4.4219e-06	 1.3018e-04	 1.3025e-04
 3.2877e-01	 1.4635e+00	-2.8674e-06	 1.3471e-04	 1.3474e-04
 2.1738e-01	 1.4842e+00	-1.7513e-06	 1.3779e-04	 1.3780e-04
 1.0750e-01	 1.4961e+00	-8.6385e-07	 1.3952e-04	 1.3952e-04
 0.0000e+00	 1.5000e+00	 0.0000e+00	 1.4020e-04	 1.4020e-04
 1.5625e+00	 0.0000e+00	-6.0430e-05	 0.0000e+00	 6.0430e-05
 1.5585e+00	 1.1198e-01	-5.9908e-05	 6.6034e-06	 6.0270e-05
 1.5460e+00	 2.2644e-01	-5.8706e-05	 1.3491e-05	 6.0236e-05
 1.5245e+00	 3.4247e-01	-5.6690e-05	 2.0683e-05	 6.0345e-05
 1.4935e+00	 4.5908e-01	-5.3807e-05	 2.8236e-05	 6.0765e-05
 1.4528e+00	 5.7515e-01	-5.0127e-05	 3.6199e-05	 6.1831e-05
 1.4021e+00	 6.8948e-01	-4.5786e-05	 4.4656e-05	 6.3957e-05
 1.3417e+00	 8.0084e-01	-4.0899e-05	 5.3670e-05	 6.7477e-05
 1.2716e+00	 9.0798e-01	-3.5664e-05	 6.3094e-05	 7.2476e-05
 1.1924e+00	 1.0097e+00	-3.0402e-05	 7.2669e-05	 7.8772e-05
 1.1049e+00	 1.1049e+00	-2.5373e-05	 8.2201e-05	 8.6028e-05
 1.0097e+00	 1.1924e+00	-2.0703e-05	 9.1646e-05	 9.3955e-05
 9.0798e-01	 1.2716e+00	-1.6405e-05	 1.0092e-04	 1.0224e-04
 8.0084e-01	 1.3417e+00	-1.2545e-05	 1.0977e-04	 1.1048e-04
 6.8948e-01	 1.4021e+00	-9.2354e-06	 1.1781e-04	 1.1818e-04
 5.7515e-01	 1.4528e+00	-6.5390e-06	 1.2482e-04	 1.2499e-04
 4.5908e-01	 1.4935e+00	-4.4381e-06	 1.3064e-04	 1.3071e-04
 3.4247e-01	 1.5245e+00	-2.8914e-06	 1.3508e-04	 1.3511e-04
 2.2644e-01	 1.5460e+00	-1.7802e-06	 1.3809e-04	 1.3810e-04
 1.1198e-01	 1.5585e+00	-8.8458e-07	 1.3985e-04	 1.3985e-04
 0.0000e+00	 1.5625e+00	 0.0000e+00	 1.4064e-04	 1.4064e-04
 1.6250e+00	 0.0000e+00	-6.1109e-05	 0.0000e+00	 6.1109e-05
 1.6208e+00	 1.1646e-01	-6.0559e-05	 6.5980e-06	 6.0918e-05
 1.6078e+00	 2.3549e-01	-5.9308e-05	 1.3493e-05	 6.0824e-05
 1.5855e+00	 3.5617e-01	-5.7250e-05	 2.0719e-05	 6.0884e-05
 1.5533e+00	 4.7744e-01	-5.4347e-05	 2.8322e-05	 6.1284e-05
 1.5109e+00	 5.9815e-01	-5.0679e-05	 3.6330e-05	 6.2355e-05
 1.4582e+00	 7.1706e-01	-4.6341e-05	 4.4812e-05	 6.4464e-05
 1.3953e+00	 8.3287e-01	-4.1414e-05	 5.3854e-05	 6.7937e-05
 1.3225e+00	 9.4430e-01	-3.6148e-05	 6.3312e-05	 7.2905e-05
 1.2401e+00	 1.0501e+00	-3.0855e-05	 7.2954e-05	 7.9211e-05
 1.1490e+00	 1.1490e+00	-2.5776e-05	 8.2601e-05	 8.6530e-05
 1.0501e+00	 1.2401e+00	-2.1037e-05	 9.2106e-05	 9.4478e-05
 9.4430e-01	 1.3225e+00	-1.6684e-05	 1.0140e-04	 1.0277e-04
 8.3287e-01	 1.3953e+00	-1.2769e-05	 1.1030e-04	 1.1103e-04
 7.1706e-01	 1.4582e+00	-9.4057e-06	 1.1840e-04	 1.1878e-04
 5.9815e-01	 1.5109e+00	-6.6872e-06	 1.2538e-04	 1.2555e-04
 4.7744e-01	 1.5533e+00	-4.5782e-06	 1.3111e-04	 1.3119e-04
 3.5617e-01	 1.5855e+00	-3.0067e-06	 1.3552e-04	 1.3556e-04
 2.3549e-01	 1.6078e+00	-1.8553e-06	 1.3856e-04	 1.3858e-04
 1.1646e-01	 1.6208e+00	-9.1536e-07	 1.4038e-04	 1.4039e-04
 0.0000e+00	 1.6250e+00	 0.0000e+00	 1.4125e-04	 1.4125e-04
 1.6875e+00	 0.0000e+00	-6.1858e-05	 0.0000e+00	 6.1858e-05
 1.6832e+00	 1.2094e-01	-6.1333e-05	 6.6327e-06	 6.1691e-05
 1.6697e+00	 2.4455e-01	-6.0045e-05	 1.3560e-05	 6.1557e-05
 1.6465e+00	 3.6987e-01	-5.7930e-05	 2.0832e-05	 6.1562e-05
 1.6130e+00	 4.9581e-01	-5.4980e-05	 2.8492e-05	 6.1924e-05
 1.5690e+00	 6.2116e-01	-5.1288e-05	 3.6553e-05	 6.2980e-05
 1.5143e+00	 7.4464e-01	-4.6943e-05	 4.5086e-05	 6.5088e-05
 1.4490e+00	 8.6491e-01	-4.2005e-05	 5.4165e-05	 6.8544e-05
 1.3733e+00	 9.8062e-01	-3.6711e-05	 6.3657e-05	 7.3484e-05
 1.2878e+00	 1.0905e+00	-3.1380e-05	 7.3394e-05	 7.9821e-05
 1.1932e+00	 1.1932e+00	-2.6243e-05	 8.3191e-05	 8.7232e-05
 1.0905e+00	 1.2878e+00	-2.1421e-05	 9.2756e-05	 9.5198e-05
 9.8062e-01	 1.3733e+00	-1.7003e-05	 1.0209e-04	 1.0350e-04
 8.6491e-01	 1.4490e+00	-1.3039e-05	 1.1104e-04	 1.1180e-04
 7.4464e-01	 1.5143e+00	-9.6412e-06	 1.1916e-04	 1.1955e-04
 6.2116e-01	 1.5690e+00	-6.9041e-06	 1.2611e-04	 1.2630e-04
 4.9581e-01	 1.6130e+00	-4.7766e-06	 1.3186e-04	 1.3194e-04
 3.6987e-01	 1.6465e+00	-3.1637e-06	 1.3632e-04	 1.3636e-04
 2.4455e-01	 1.6697e+00	-1.9471e-06	 1.3944e-04	 1.3945e-04
 1.2094e-01	 1.6832e+00	-9.4437e-07	 1.4133e-04	 1.4133e-04
 0.0000e+00	 1.6875e+00	 0.0000e+00	 1.4218e-04	 1.4218e-04
 1.7500e+00	 0.0000e+00	-6.2647e-05	 0.0000e+00	 6.2647e-05
 1.7455e+00	 1.2542e-01	-6.2183e-05	 6.7014e-06	 6.2544e-05
 1.7315e+00	 2.5361e-01	-6.0873e-05	 1.3683e-05	 6.2392e-05
 1.7074e+00	 3.8357e-01	-5.8700e-05	 2.1017e-05	 6.2349e-05
 1.6728e+00	 5.1417e-01	-5.5692e-05	 2.8747e-05	 6.2674e-05
 1.6271e+00	 6.4417e-01	-5.1953e-05	 3.6873e-05	 6.3708e-05
 1.5704e+00	 7.7222e-01	-4.7570e-05	 4.5476e-05	 6.5810e-05
 1.5027e+00	 8.9694e-01	-4.2624e-05	 5.4597e-05	 6.9265e-05
 1.4242e+00	 1.0169e+00	-3.7320e-05	 6.4124e-05	 7.4194e-05
 1.3355e+00	 1.1309e+00	-3.1950e-05	 7.3986e-05	 8.0589e-05
 1.2374e+00	 1.2374e+00	-2.6752e-05	 8.3933e-05	 8.8093e-05
 1.1309e+00	 1.3355e+00	-2.1846e-05	 9.3561e-05	 9.6078e-05
 1.0169e+00	 1.4242e+00	-1.7357e-05	 1.0293e-04	 1.0438e-04
 8.9694e-01	 1.5027e+00	-1.3355e-05	 1.1190e-04	 1.1269e-04
 7.7222e-01	 1.5704e+00	-9.9309e-06	 1.2003e-04	 1.2044e-04
 6.4417e-01	 1.6271e+00	-7.1668e-06	 1.2703e-04	 1.2724e-04
 5.1417e-01	 1.6728e+00	-5.0134e-06	 1.3285e-04	 1.3294e-04
 3.8357e-01	 1.7074e+00	-3.3495e-06	 1.3740e-04	 1.3744e-04
 2.5361e-01	 1.7315e+00	-2.0521e-06	 1.4063e-04	 1.4064e-04
 1.2542e-01	 1.7455e+00	-9.7393e-07	 1.4257e-04	 1.4257e-04
 0.0000e+00	 1.7500e+00	 0.0000e+00	 1.4334e-04	 1.4334e-04
 1.8125e+00	 0.0000e+00	-6.3425e-05	 0.0000e+00	 6.3425e-05
 1.8078e+00	 1.2990e-01	-6.3033e-05	 6.7946e-06	 6.3398e-05
 1.7934e+00	 2.6267e-01	-6.1713e-05	 1.3852e-05	 6.3249e-05
 1.7684e+00	 3.9727e-01	-5.9496e-05	 2.1265e-05	 6.3182e-05
 1.7325e+00	 5.3253e-01	-5.6437e-05	 2.9079e-05	 6.3488e-05
 1.6852e+00	 6.6717e-01	-5.2648e-05	 3.7288e-05	 6.4515e-05
 1.6265e+00	 7.9980e-01	-4.8214e-05	 4.5983e-05	 6.6626e-05
 1.5563e+00	 9.2897e-01	-4.3244e-05	 5.5151e-05	 7.0083e-05
 1.4751e+00	 1.0533e+00	-3.7941e-05	 6.4713e-05	 7.5015e-05
 1.3832e+00	 1.1712e+00	-3.2545e-05	 7.4711e-05	 8.1492e-05
 1.2816e+00	 1.2816e+00	-2.7288e-05	 8.4793e-05	 8.9076e-05
 1.1712e+00	 1.3832e+00	-2.2308e-05	 9.4480e-05	 9.7078e-05
 1.0533e+00	 1.4751e+00	-1.7753e-05	 1.0385e-04	 1.0536e-04
 9.2897e-01	 1.5563e+00	-1.3719e-05	 1.1283e-04	 1.1366e-04
 7.9980e-01	 1.6265e+00	-1.0266e-05	 1.2101e-04	 1.2145e-04
 6.6717e-01	 1.6852e+00	-7.4673e-06	 1.2809e-04	 1.2831e-04
 5.3253e-01	 1.7325e+00	-5.2801e-06	 1.3398e-04	 1.3408e-04
 3.9727e-01	 1.7684e+00	-3.5578e-06	 1.3863e-04	 1.3867e-04
 2.6267e-01	 1.7934e+00	-2.1708e-06	 1.4195e-04	 1.4196e-04
 1.2990e-01	 1.8078e+00	-1.0095e-06	 1.4393e-04	 1.4393e-04
 0.0000e+00	 1.8125e+00	 0.0000e+00	 1.4459e-04	 1.4459e-04
 1.8750e+00	 0.0000e+00	-6.4141e-05	 0.0000e+00	 6.4141e-05
 1.8702e+00	 1.3438e-01	-6.3807e-05	 6.9043e-06	 6.4180e-05
 1.8552e+00	 2.7172e-01	-6.2495e-05	 1.4055e-05	 6.4056e-05
 1.8294e+00	 4.1097e-01	-6.0263e-05	 2.1564e-05	 6.4005e-05
 1.7922e+00	 5.5090e-01	-5.7180e-05	 2.9476e-05	 6.4330e-05
 1.7434e+00	 6.9018e-01	-5.3353e-05	 3.7790e-05	 6.5381e-05
 1.6826e+00	 8.2738e-01	-4.8874e-05	 4.6595e-05	 6.7525e-05
 1.6100e+00	 9.6101e-01	-4.3871e-05	 5.5813e-05	 7.0992e-05
 1.5259e+00	 1.0896e+00	-3.8558e-05	 6.5414e-05	 7.5932e-05
 1.4309e+00	 1.2116e+00	-3.3155e-05	 7.5536e-05	 8.2492e-05
 1.3258e+00	 1.3258e+00	-2.7847e-05	 8.5733e-05	 9.0142e-05
 1.2116e+00	 1.4309e+00	-2.2805e-05	 9.5468e-05	 9.8154e-05
 1.0896e+00	 1.5259e+00	-1.8197e-05	 1.0481e-04	 1.0638e-04
 9.6101e-01	 1.6100e+00	-1.4127e-05	 1.1384e-04	 1.1471e-04
 8.2738e-01	 1.6826e+00	-1.0640e-05	 1.2209e-04	 1.2255e-04
 6.9018e-01	 1.7434e+00	-7.7994e-06	 1.2923e-04	 1.2946e-04
 5.5090e-01	 1.7922e+00	-5.5683e-06	 1.3518e-04	 1.3529e-04
 4.1097e-01	 1.8294e+00	-3.7793e-06	 1.3988e-04	 1.3993e-04
 2.7172e-01	 1.8552e+00	-2.3006e-06	 1.4325e-04	 1.4327e-04
 1.3438e-01	 1.8702e+00	-1.0557e-06	 1.4523e-04	 1.4523e-04
 0.0000e+00	 1.8750e+00	 0.0000e+00	 1.4580e-04	 1.4580e-04
 1.9375e+00	 0.0000e+00	-6.4782e-05	 0.0000e+00	 6.4782e-05
 1.9325e+00	 1.3886e-01	-6.4474e-05	 7.0248e-06	 6.4855e-05
 1.9170e+00	 2.8078e-01	-6.3176e-05	 1.4285e-05	 6.4771e-05
 1.8904e+00	 4.2467e-01	-6.0959e-05	 2.1900e-05	 6.4773e-05
 1.8520e+00	 5.6926e-01	-5.7889e-05	 2.9923e-05	 6.5165e-05
 1.8015e+00	 7.1318e-01	-5.4055e-05	 3.8361e-05	 6.6284e-05
 1.7387e+00	 8.5496e-01	-4.9547e-05	 4.7291e-05	 6.8494e-05
 1.6637e+00	 9.9304e-01	-4.4514e-05	 5.6567e-05	 7.1982e-05
 1.5768e+00	 1.1259e+00	-3.9182e-05	 6.6203e-05	 7.6929e-05
 1.4786e+00	 1.2520e+00	-3.3772e-05	 7.6420e-05	 8.3550e-05
 1.3700e+00	 1.3700e+00	-2.8426e-05	 8.6720e-05	 9.1260e-05
 1.2520e+00	 1.4786e+00	-2.3339e-05	 9.6479e-05	 9.9262e-05
 1.1259e+00	 1.5768e+00	-1.8688e-05	 1.0582e-04	 1.0746e-04
 9.9304e-01	 1.6637e+00	-1.4574e-05	 1.1492e-04	 1.1584e-04
 8.5496e-01	 1.7387e+00	-1.1049e-05	 1.2324e-04	 1.2374e-04
 7.1318e-01	 1.8015e+00	-8.1592e-06	 1.3041e-04	 1.3066e-04
 5.6926e-01	 1.8520e+00	-5.8699e-06	 1.3636e-04	 1.3649e-04
 4.2467e-01	 1.8904e+00	-4.0039e-06	 1.4106e-04	 1.4111e-04
 2.8078e-01	 1.9170e+00	-2.4380e-06	 1.4442e-04	 1.4444e-04
 1.3886e-01	 1.9325e+00	-1.1154e-06	 1.4639e-04	 1.4639e-04
 0.0000e+00	 1.9375e+00	 0.0000e+00	 1.4689e-04	 1.4689e-04
 2.0000e+00	 0.0000e+00	-6.5386e-05	 0.0000e+00	 6.5386e-05
 1.9949e+00	 1.4334e-01	-6.5072e-05	 7.1528e-06	 6.5464e-05
 1.9789e+00	 2.8984e-01	-6.3788e-05	 1.4537e-05	 6.5423e-05
 1.9514e+00	 4.3836e-01	-6.1594e-05	 2.2269e-05	 6.5496e-05
 1.9117e+00	 5.8762e-01	-5.8553e-05	 3.0403e-05	 6.5975e-05
 1.8596e+00	 7.3619e-01	-5.4743e-05	 3.8976e-05	 6.7201e-05
 1.7948e+00	 8.8253e-01	-5.0234e-05	 4.8048e-05	 6.9513e-05
 1.7173e+00	 1.0251e+00	-4.5181e-05	 5.7393e-05	 7.3043e-05
 1.6277e+00	 1.1622e+00	-3.9829e-05	 6.7054e-05	 7.7991e-05
 1.5263e+00	 1.2924e+00	-3.4397e-05	 7.7329e-05	 8.4634e-05
 1.4142e+00	 1.4142e+00	-2.9028e-05	 8.7724e-05	 9.2402e-05
 1.2924e+00	 1.5263e+00	-2.3913e-05	 9.7478e-05	 1.0037e-04
 1.1622e+00	 1.6277e+00	-1.9223e-05	 1.0687e-04	 1.0859e-04
 1.0251e+00	 1.7173e+00	-1.5061e-05	 1.1608e-04	 1.1705e-04
 8.8253e-01	 1.7948e+00	-1.1492e-05	 1.2445e-04	 1.2498e-04
 7.3619e-01	 1.8596e+00	-8.5452e-06	 1.3158e-04	 1.3186e-04
 5.8762e-01	 1.9117e+00	-6.1815e-06	 1.3749e-04	 1.3763e-04
 4.3836e-01	 1.9514e+00	-4.2330e-06	 1.4217e-04	 1.4223e-04
 2.8984e-01	 1.9789e+00	-2.5857e-06	 1.4552e-04	 1.4554e-04
 1.4334e-01	 1.9949e+00	-1.1891e-06	 1.4747e-04	 1.4747e-04
 0.0000e+00	 2.0000e+00	 0.0000e+00	 1.4796e-04	 1.4796e-04
 2.0625e+00	 0.0000e+00	-6.5995e-05	 0.0000e+00	 6.5995e-05
 2.0572e+00	 1.4782e-01	-6.5654e-05	 7.2869e-06	 6.6057e-05
 2.0407e+00	 2.9890e-01	-6.4381e-05	 1.4809e-05	 6.6063e-05
 2.0123e+00	 4.5206e-01	-6.2215e-05	 2.2669e-05	 6.6217e-05
 1.9715e+00	 6.0599e-01	-5.9204e-05	 3.0915e-05	 6.6789e-05
 1.9177e+00	 7.5920e-01	-5.5419e-05	 3.9616e-05	 6.8123e-05
 1.8508e+00	 9.1011e-01	-5.0934e-05	 4.8837e-05	 7.0564e-05
 1.7710e+00	 1.0571e+00	-4.5879e-05	 5.8277e-05	 7.4169e-05
 1.6785e+00	 1.1985e+00	-4.0509e-05	 6.7954e-05	 7.9112e-05
 1.5740e+00	 1.3328e+00	-3.5045e-05	 7.8256e-05	 8.5745e-05
 1.4584e+00	 1.4584e+00	-2.9660e-05	 8.8727e-05	 9.3553e-05
 1.3328e+00	 1.5740e+00	-2.4530e-05	 9.8482e-05	 1.0149e-04
 1.1985e+00	 1.6785e+00	-1.9802e-05	 1.0798e-04	 1.0978e-04
 1.0571e+00	 1.7710e+00	-1.5588e-05	 1.1731e-04	 1.1834e-04
 9.1011e-01	 1.8508e+00	-1.1973e-05	 1.2568e-04	 1.2625e-04
 7.5920e-01	 1.9177e+00	-8.9609e-06	 1.3273e-04	 1.3304e-04
 6.0599e-01	 1.9715e+00	-6.5135e-06	 1.3862e-04	 1.3877e-04
 4.5206e-01	 2.0123e+00	-4.4771e-06	 1.4330e-04	 1.4337e-04
 2.9890e-01	 2.0407e+00	-2.7485e-06	 1.4664e-04	 1.4666e-04
 1.4782e-01	 2.0572e+00	-1.2773e-06	 1.4857e-04	 1.4858e-04
 0.0000e+00	 2.0625e+00	 0.0000e+00	 1.4908e-04	 1.4908e-04
 2.1250e+00	 0.0000e+00	-6.6651e-05	 0.0000e+00	 6.6651e-05
 2.1195e+00	 1.5230e-01	-6.6271e-05	 7.4272e-06	 6.6686e-05
 2.1026e+00	 3.0795e-01	-6.5009e-05	 1.5101e-05	 6.6740e-05
 2.0733e+00	 4.6576e-01	-6.2869e-05	 2.3103e-05	 6.6979e-05
 2.0312e+00	 6.2435e-01	-5.9882e-05	 3.1470e-05	 6.7648e-05
 1.9758e+00	 7.8220e-01	-5.6117e-05	 4.0291e-05	 6.9083e-05
 1.9069e+00	 9.3769e-01	-5.1651e-05	 4.9643e-05	 7.1640e-05
 1.8247e+00	 1.0891e+00	-4.6614e-05	 5.9215e-05	 7.5361e-05
 1.7294e+00	 1.2349e+00	-4.1232e-05	 6.8920e-05	 8.0313e-05
 1.6217e+00	 1.3732e+00	-3.5731e-05	 7.9237e-05	 8.6921e-05
 1.5026e+00	 1.5026e+00	-3.0329e-05	 8.9741e-05	 9.4728e-05
 1.3732e+00	 1.6217e+00	-2.5192e-05	 9.9549e-05	 1.0269e-04
 1.2349e+00	 1.7294e+00	-2.0427e-05	 1.0919e-04	 1.1108e-04
 1.0891e+00	 1.8247e+00	-1.6161e-05	 1.1863e-04	 1.1973e-04
 9.3769e-01	 1.9069e+00	-1.2494e-05	 1.2694e-04	 1.2756e-04
 7.8220e-01	 1.9758e+00	-9.4166e-06	 1.3395e-04	 1.3428e-04
 6.2435e-01	 2.0312e+00	-6.8788e-06	 1.3984e-04	 1.4001e-04
 4.6576e-01	 2.0733e+00	-4.7474e-06	 1.4454e-04	 1.4461e-04
 3.0795e-01	 2.1026e+00	-2.9328e-06	 1.4787e-04	 1.4789e-04
 1.5230e-01	 2.1195e+00	-1.3809e-06	 1.4979e-04	 1.4979e-04
 0.0000e+00	 2.1250e+00	 0.0000e+00	 1.5034e-04	 1.5034e-04
 2.1875e+00	 0.0000e+00	-6.7398e-05	 0.0000e+00	 6.7398e-05
 2.1819e+00	 1.5678e-01	-6.6978e-05	 7.5751e-06	 6.7405e-05
 2.1644e+00	 3.1701e-01	-6.5724e-05	 1.5415e-05	 6.7508e-05
 2.1343e+00	 4.7946e-01	-6.3600e-05	 2.3576e-05	 6.7829e-05
 2.0910e+00	 6.4271e-01	-6.0626e-05	 3.2082e-05	 6.8591e-05
 2.0339e+00	 8.0521e-01	-5.6868e-05	 4.1027e-05	 7.0123e-05
 1.9630e+00	 9.6527e-01	-5.2409e-05	 5.0504e-05	 7.2783e-05
 1.8783e+00	 1.1212e+00	-4.7389e-05	 6.0225e-05	 7.6634e-05
 1.7802e+00	 1.2712e+00	-4.2006e-05	 7.0008e-05	 8.1643e-05
 1.6694e+00	 1.4136e+00	-3.6467e-05	 8.0349e-05	 8.8237e-05
 1.5468e+00	 1.5468e+00	-3.1043e-05	 9.0857e-05	 9.6013e-05
 1.4136e+00	 1.6694e+00	-2.5903e-05	 1.0077e-04	 1.0405e-04
 1.2712e+00	 1.7802e+00	-2.1102e-05	 1.1056e-04	 1.1256e-04
 1.1212e+00	 1.8783e+00	-1.6783e-05	 1.2006e-04	 1.2123e-04
 9.6527e-01	 1.9630e+00	-1.3066e-05	 1.2832e-04	 1.2898e-04
 8.0521e-01	 2.0339e+00	-9.9228e-06	 1.3533e-04	 1.3569e-04
 6.4271e-01	 2.0910e+00	-7.2891e-06	 1.4126e-04	 1.4144e-04
 4.7946e-01	 2.1343e+00	-5.0553e-06	 1.4597e-04	 1.4606e-04
 3.1701e-01	 2.1644e+00	-3.1459e-06	 1.4930e-04	 1.4933e-04
 1.5678e-01	 2.1819e+00	-1.5010e-06	 1.5121e-04	 1.5122e-04
 0.0000e+00	 2.1875e+00	 0.0000e+00	 1.5182e-04	 1.5182e-04
 2.2500e+00	 0.0000e+00	-6.8278e-05	 0.0000e+00	 6.8278e-05
 2.2442e+00	 1.6126e-01	-6.7835e-05	 7.7333e-06	 6.8275e-05
 2.2262e+00	 3.2607e-01	-6.6582e-05	 1.5753e-05	 6.8420e-05
 2.1953e+00	 4.9316e-01	-6.4454e-05	 2.4095e-05	 6.8811e-05
 2.1507e+00	 6.6108e-01	-6.1470e-05	 3.2768e-05	 6.9658e-05
 2.0920e+00	 8.2821e-01	-5.7699e-05	 4.1859e-05	 7.1284e-05
 2.0191e+00	 9.9285e-01	-5.3231e-05	 5.1481e-05	 7.4053e-05
 1.9320e+00	 1.1532e+00	-4.8216e-05	 6.1378e-05	 7.8052e-05
 1.8311e+00	 1.3075e+00	-4.2836e-05	 7.1307e-05	 8.3184e-05
 1.7171e+00	 1.4540e+00	-3.7264e-05	 8.1704e-05	 8.9801e-05
 1.5910e+00	 1.5910e+00	-3.1813e-05	 9.2235e-05	 9.7567e-05
 1.4540e+00	 1.7171e+00	-2.6669e-05	 1.0228e-04	 1.0570e-04
 1.3075e+00	 1.8311e+00	-2.1834e-05	 1.1220e-04	 1.1430e-04
 1.1532e+00	 1.9320e+00	-1.7464e-05	 1.2169e-04	 1.2294e-04
 9.9285e-01	 2.0191e+00	-1.3700e-05	 1.2992e-04	 1.3064e-04
 8.2821e-01	 2.0920e+00	-1.0490e-05	 1.3695e-04	 1.3735e-04
 6.6108e-01	 2.1507e+00	-7.7551e-06	 1.4294e-04	 1.4315e-04
 4.9316e-01	 2.1953e+00	-5.4118e-06	 1.4769e-04	 1.4779e-04
 3.2607e-01	 2.2262e+00	-3.3962e-06	 1.5103e-04	 1.5107e-04
 1.6126e-01	 2.2442e+00	-1.6391e-06	 1.5295e-04	 1.5296e-04
 0.0000e+00	 2.2500e+00	 0.0000e+00	 1.5361e-04	 1.5361e-04
-5.4129e-05	 1.3439e-04	 1.2613e-08	 3.0835e+01	 9.6144e-01	0.0
-5.7494e-05	 1.3311e-04	-2.2150e-05	 3.0182e+01	-2.2520e-01	0.0
-5.6252e-05	 1.2871e-04	-4.5941e-05	 2.9452e+01	-7.4772e-01	0.0
-5.0818e-05	 1.2090e-04	-6.8854e-05	 2.8539e+01	-7.7711e-01	0.0
-4.2026e-05	 1.0945e-04	-8.8398e-05	 2.7251e+01	-5.4067e-01	0.0
-3.1114e-05	 9.4213e-05	-1.0231e-04	 2.5317e+01	-3.1981e-01	0.0
-1.9624e-05	 7.6410e-05	-1.0802e-04	 2.2700e+01	-2.0400e-01	0.0
-9.0352e-06	 5.8516e-05	-1.0471e-04	 1.9674e+01	-7.1879e-02	0.0
-5.1288e-07	 4.2332e-05	-9.4080e-05	 1.6474e+01	 9.2727e-02	0.0
 5.1814e-06	 2.9527e-05	-7.8626e-05	 1.3396e+01	 3.5357e-01	0.0
 7.7464e-06	 2.1001e-05	-6.0623e-05	 1.0611e+01	 7.7747e-01	0.0
-4.1332e-05	 1.1630e-04	-3.1009e-06	 2.7342e+01	 2.3581e+00	0.0
-4.2118e-05	 1.1478e-04	-1.8737e-05	 2.6913e+01	 1.8738e+00	0.0
-4.0607e-05	 1.1101e-04	-3.5634e-05	 2.6284e+01	 1.6047e+00	0.0
-3.6784e-05	 1.0487e-04	-5.2276e-05	 2.5451e+01	 1.5235e+00	0.0
-3.1053e-05	 9.6197e-05	-6.7014e-05	 2.4298e+01	 1.5087e+00	0.0
-2.4201e-05	 8.4677e-05	-7.8083e-05	 2.2594e+01	 1.3634e+00	0.0
-1.7290e-05	 7.1332e-05	-8.2685e-05	 2.0308e+01	 1.1015e+00	0.0
-1.1292e-05	 5.7688e-05	-8.0816e-05	 1.7609e+01	 7.7172e-01	0.0
-6.7733e-06	 4.5269e-05	-7.4285e-05	 1.4811e+01	 4.3880e-01	0.0
-3.8496e-06	 3.5423e-05	-6.5470e-05	 1.2303e+01	 2.0503e-01	0.0
-2.3039e-06	 2.8528e-05	-5.6506e-05	 1.0295e+01	 9.4314e-02	0.0
-3.3698e-05	 1.0125e-04	-3.6646e-06	 2.4077e+01	 2.6847e+00	0.0
-3.3316e-05	 9.9950e-05	-1.4153e-05	 2.3817e+01	 2.5806e+00	0.0
-3.1973e-05	 9.7011e-05	-2.5615e-05	 2.3301e+01	 2.4634e+00	0.0
-2.9225e-05	 9.2553e-05	-3.7517e-05	 2.2640e+01	 2.4477e+00	0.0
-2.5335e-05	 8.6493e-05	-4.8898e-05	 2.1784e+01	 2.4438e+00	0.0
-2.0897e-05	 7.8481e-05	-5.8071e-05	 2.0525e+01	 2.2865e+00	0.0
-1.6818e-05	 6.8878e-05	-6.2170e-05	 1.8700e+01	 1.9235e+00	0.0
-1.3825e-05	 5.8685e-05	-6.1559e-05	 1.6422e+01	 1.3495e+00	0.0
-1.2060e-05	 4.9253e-05	-5.8042e-05	 1.4056e+01	 6.7778e-01	0.0
-1.1102e-05	 4.1821e-05	-5.3952e-05	 1.2073e+01	 9.6782e-02	0.0
-1.0277e-05	 3.5911e-05	-5.0905e-05	 1.0524e+01	-3.6853e-01	0.0
-2.8161e-05	 8.9394e-05	-3.1415e-06	 2.1446e+01	 2.8115e+00	0.0
-2.7472e-05	 8.8487e-05	-9.7135e-06	 2.1305e+01	 2.8660e+00	0.0
-2.7081e-05	 8.6360e-05	-1.6778e-05	 2.0828e+01	 2.6560e+00	0.0
-2.6233e-05	 8.3340e-05	-2.4560e-05	 2.0208e+01	 2.4145e+00	0.0
-2.4335e-05	 7.9535e-05	-3.3107e-05	 1.9571e+01	 2.2962e+00	0.0
-2.1139e-05	 7.4539e-05	-4.1102e-05	 1.8828e+01	 2.3269e+00	0.0
-1.8223e-05	 6.8022e-05	-4.5434e-05	 1.7588e+01	 2.1407e+00	0.0
-1.6746e-05	 6.0620e-05	-4.6107e-05	 1.5826e+01	 1.5547e+00	0.0
-1.6563e-05	 5.3550e-05	-4.4842e-05	 1.3921e+01	 7.3230e-01	0.0
-1.6792e-05	 4.7964e-05	-4.4071e-05	 1.2381e+01	-3.1812e-02	0.0
-1.6499e-05	 4.2269e-05	-4.5178e-05	 1.0978e+01	-7.6857e-01	0.0
-2.3342e-05	 8.0298e-05	-2.1349e-06	 1.9495e+01	 3.0684e+00	0.0
-2.2595e-05	 7.9820e-05	-5.9755e-06	 1.9463e+01	 3.2067e+00	0.0
-2.2961e-05	 7.8400e-05	-9.8271e-06	 1.9050e+01	 2.9126e+00	0.0
-2.3621e-05	 7.6532e-05	-1.4456e-05	 1.8498e+01	 2.4629e+00	0.0
-2.3791e-05	 7.4516e-05	-2.0543e-05	 1.8005e+01	 2.0902e+00	0.0
-2.2952e-05	 7.1799e-05	-2.7009e-05	 1.7482e+01	 1.8693e+00	0.0
-2.1363e-05	 6.7774e-05	-3.1754e-05	 1.6690e+01	 1.6959e+00	0.0
-2.0083e-05	 6.2667e-05	-3.3886e-05	 1.5520e+01	 1.3501e+00	0.0
-2.0413e-05	 5.7469e-05	-3.4327e-05	 1.4083e+01	 5.9647e-01	0.0
-2.1160e-05	 5.2775e-05	-3.6023e-05	 1.2778e+01	-2.5408e-01	0.0
-2.1220e-05	 4.7197e-05	-4.0013e-05	 1.1425e+01	-1.1343e+00	0.0
-1.9241e-05	 7.3453e-05	-9.8929e-07	 1.8083e+01	 3.3936e+00	0.0
-1.8579e-05	 7.3354e-05	-3.0070e-06	 1.8138e+01	 3.5619e+00	0.0
-1.9482e-05	 7.2490e-05	-4.5702e-06	 1.7796e+01	 3.2036e+00	0.0
-2.1170e-05	 7.1475e-05	-6.8290e-06	 1.7325e+01	 2.6040e+00	0.0
-2.2746e-05	 7.0767e-05	-1.0949e-05	 1.6972e+01	 2.0521e+00	0.0
-2.3570e-05	 6.9601e-05	-1.6180e-05	 1.6610e+01	 1.6253e+00	0.0
-2.3819e-05	 6.7401e-05	-2.1068e-05	 1.6050e+01	 1.2148e+00	0.0
-2.3720e-05	 6.4163e-05	-2.4483e-05	 1.5239e+01	 7.8247e-01	0.0
-2.3737e-05	 6.0416e-05	-2.6266e-05	 1.4250e+01	 2.8049e-01	0.0
-2.4469e-05	 5.6040e-05	-2.9893e-05	 1.3058e+01	-5.5094e-01	0.0
-2.4683e-05	 5.0613e-05	-3.5744e-05	 1.1740e+01	-1.4678e+00	0.0
-1.5857e-05	 6.8346e-05	 9.0789e-08	 1.7068e+01	 3.7253e+00	0.0
-1.5324e-05	 6.8536e-05	-8.2406e-07	 1.7185e+01	 3.8955e+00	0.0
-1.6526e-05	 6.8080e-05	-8.4738e-07	 1.6916e+01	 3.5081e+00	0.0
-1.8828e-05	 6.7649e-05	-1.3433e-06	 1.6523e+01	 2.8179e+00	0.0
-2.1301e-05	 6.7767e-05	-3.8061e-06	 1.6267e+01	 2.1403e+00	0.0
-2.3263e-05	 6.7600e-05	-8.0519e-06	 1.6010e+01	 1.5548e+00	0.0
-2.4798e-05	 6.6684e-05	-1.3014e-05	 1.5618e+01	 9.7557e-01	0.0
-2.6027e-05	 6.4825e-05	-1.7319e-05	 1.5013e+01	 3.5704e-01	0.0
-2.6693e-05	 6.2011e-05	-2.0646e-05	 1.4211e+01	-2.2040e-01	0.0
-2.6973e-05	 5.7881e-05	-2.5546e-05	 1.3143e+01	-8.9891e-01	0.0
-2.7123e-05	 5.2694e-05	-3.2425e-05	 1.1891e+01	-1.7608e+00	0.0
-1.3191e-05	 6.4456e-05	 1.0099e-06	 1.6307e+01	 4.0018e+00	0.0
-1.2737e-05	 6.4853e-05	 5.9388e-07	 1.6471e+01	 4.1752e+00	0.0
-1.3984e-05	 6.4703e-05	 1.4677e-06	 1.6282e+01	 3.8107e+00	0.0
-1.6562e-05	 6.4653e-05	 2.2394e-06	 1.5963e+01	 3.0886e+00	0.0
-1.9593e-05	 6.5209e-05	 1.1896e-06	 1.5755e+01	 2.3159e+00	0.0
-2.2362e-05	 6.5638e-05	-2.1902e-06	 1.5546e+01	 1.5974e+00	0.0
-2.4806e-05	 6.5612e-05	-7.0829e-06	 1.5269e+01	 8.9688e-01	0.0
-2.6970e-05	 6.4785e-05	-1.1857e-05	 1.4821e+01	 1.6007e-01	0.0
-2.8576e-05	 6.2519e-05	-1.6686e-05	 1.4061e+01	-6.1412e-01	0.0
-2.8915e-05	 5.8634e-05	-2.2674e-05	 1.3052e+01	-1.2789e+00	0.0
-2.8768e-05	 5.3811e-05	-2.9900e-05	 1.1919e+01	-1.9981e+00	0.0
-1.1274e-05	 6.1264e-05	 1.7575e-06	 1.5651e+01	 4.1530e+00	0.0
-1.0771e-05	 6.1827e-05	 1.3194e-06	 1.5866e+01	 4.3602e+00	0.0
-1.1764e-05	 6.1968e-05	 2.4668e-06	 1.5789e+01	 4.0992e+00	0.0
-1.4362e-05	 6.2210e-05	 4.0688e-06	 1.5553e+01	 3.4022e+00	0.0
-1.7787e-05	 6.2954e-05	 4.2351e-06	 1.5352e+01	 2.5406e+00	0.0
-2.1217e-05	 6.3697e-05	 1.7251e-06	 1.5144e+01	 1.6852e+00	0.0
-2.4350e-05	 6.4283e-05	-2.8897e-06	 1.4936e+01	 8.8365e-01	0.0
-2.7173e-05	 6.4230e-05	-7.8556e-06	 1.4609e+01	 7.1502e-02	0.0
-2.9397e-05	 6.2331e-05	-1.3810e-05	 1.3873e+01	-8.2608e-01	0.0
-3.0315e-05	 5.8756e-05	-2.0716e-05	 1.2879e+01	-1.6118e+00	0.0
-2.9837e-05	 5.4456e-05	-2.7872e-05	 1.1911e+01	-2.1577e+00	0.0
-1.0609e-05	 5.8480e-05	 2.2503e-06	 1.4959e+01	 4.0053e+00	0.0
-1.0334e-05	 5.9169e-05	 2.0012e-06	 1.5182e+01	 4.1639e+00	0.0
-1.0928e-05	 5.9615e-05	 3.0853e-06	 1.5238e+01	 4.0492e+00	0.0
-1.2867e-05	 6.0160e-05	 4.6927e-06	 1.5166e+01	 3.5697e+00	0.0
-1.6129e-05	 6.1002e-05	 5.4764e-06	 1.5015e+01	 2.7617e+00	0.0
-2.0192e-05	 6.1867e-05	 3.9270e-06	 1.4764e+01	 1.7460e+00	0.0
-2.3924e-05	 6.2860e-05	-1.4176e-07	 1.4588e+01	 8.3627e-01	0.0
-2.7201e-05	 6.3320e-05	-5.2124e-06	 1.4338e+01	-2.9450e-02	0.0
-2.9715e-05	 6.1751e-05	-1.1784e-05	 1.3652e+01	-9.6136e-01	0.0
-3.0909e-05	 5.8665e-05	-1.9022e-05	 1.2753e+01	-1.7573e+00	0.0
-3.0531e-05	 5.5171e-05	-2.5976e-05	 1.1976e+01	-2.2146e+00	0.0
-1.1373e-05	 5.6202e-05	 2.2184e-06	 1.4236e+01	 3.5228e+00	0.0
-1.1847e-05	 5.6913e-05	 2.7216e-06	 1.4379e+01	 3.4743e+00	0.0
-1.2471e-05	 5.7614e-05	 3.9542e-06	 1.4503e+01	 3.3799e+00	0.0
-1.3937e-05	 5.8453e-05	 5.4216e-06	 1.4569e+01	 3.0659e+00	0.0
-1.6468e-05	 5.9397e-05	 6.0625e-06	 1.4533e+01	 2.4732e+00	0.0
-1.9926e-05	 6.0296e-05	 4.7181e-06	 1.4363e+01	 1.6292e+00	0.0
-2.4003e-05	 6.1523e-05	 1.3822e-06	 1.4209e+01	 6.5463e-01	0.0
-2.7544e-05	 6.2222e-05	-3.6648e-06	 1.3987e+01	-2.4910e-01	0.0
-3.0011e-05	 6.0993e-05	-1.0433e-05	 1.3394e+01	-1.1209e+00	0.0
-3.1104e-05	 5.8655e-05	-1.7517e-05	 1.2703e+01	-1.7887e+00	0.0
-3.0855e-05	 5.6073e-05	-2.3885e-05	 1.2138e+01	-2.1475e+00	0.0
 7.7464e-06	 2.1001e-05	-6.0623e-05	 1.0611e+01	 7.7747e-01	0.0
 7.2487e-06	 1.6048e-05	-4.0114e-05	 7.8683e+00	 1.3606e+00	0.0
 3.8634e-06	 1.3388e-05	-1.8286e-05	 5.0506e+00	 1.7835e+00	0.0
-2.0453e-06	 1.3244e-05	 1.9286e-06	 3.4393e+00	 9.9726e-01	0.0
-9.9065e-06	 1.5840e-05	 1.7428e-05	 3.6386e+00	-1.2880e+00	0.0
-1.8991e-05	 2.0843e-05	 2.5880e-05	 4.1305e+00	-3.3969e+00	0.0
-2.8133e-05	 2.7004e-05	 2.7090e-05	 4.6438e+00	-5.0909e+00	0.0
-3.6118e-05	 3.1885e-05	 2.2600e-05	 4.8393e+00	-6.5161e+00	0.0
-4.2208e-05	 3.3082e-05	 1.4053e-05	 4.2605e+00	-7.8761e+00	0.0
-4.5924e-05	 2.8795e-05	 3.4946e-06	 2.5338e+00	-9.3192e+00	0.0
-4.7023e-05	 1.7961e-05	-6.7886e-06	-5.7967e-01	-1.0933e+01	0.0
-2.3039e-06	 2.8528e-05	-5.6506e-05	 1.0295e+01	 9.4314e-02	0.0
-2.1415e-06	 2.2398e-05	-4.6249e-05	 8.1605e+00	-1.3584e-01	0.0
-3.6562e-06	 1.6115e-05	-3.2909e-05	 5.5096e+00	-5.7396e-01	0.0
-6.8763e-06	 1.0804e-05	-1.8827e-05	 2.8244e+00	-1.2683e+00	0.0
-1.1585e-05	 7.7157e-06	-6.7742e-06	 8.5420e-01	-2.3872e+00	0.0
-1.7364e-05	 7.4207e-06	 9.8123e-07	-4.3378e-03	-3.9349e+00	0.0
-2.3424e-05	 9.3879e-06	 3.9577e-06	-1.6163e-01	-5.3987e+00	0.0
-2.8495e-05	 1.1738e-05	 4.3831e-06	-1.1260e-01	-6.5257e+00	0.0
-3.2026e-05	 1.2485e-05	 3.3808e-06	-3.3369e-01	-7.4073e+00	0.0
-3.3701e-05	 1.0391e-05	 2.1824e-06	-1.1194e+00	-8.1149e+00	0.0
-3.3367e-05	 5.0473e-06	 2.1328e-06	-2.5612e+00	-8.6578e+00	0.0
-1.0277e-05	 3.5911e-05	-5.0905e-05	 1.0524e+01	-3.6853e-01	0.0
-9.6756e-06	 2.8926e-05	-4.7395e-05	 8.6562e+00	-1.0300e+00	0.0
-9.8147e-06	 2.0383e-05	-4.0334e-05	 6.0855e+00	-1.8988e+00	0.0
-1.1019e-05	 1.2053e-05	-3.0809e-05	 3.2543e+00	-2.8449e+00	0.0
-1.3338e-05	 6.0676e-06	-2.1497e-05	 8.5442e-01	-3.7347e+00	0.0
-1.6569e-05	 3.5950e-06	-1.4644e-05	-5.9534e-01	-4.5442e+00	0.0
-2.0227e-05	 4.2302e-06	-1.1144e-05	-1.0391e+00	-5.2980e+00	0.0
-2.3068e-05	 6.0921e-06	-8.1823e-06	-9.6287e-01	-5.7620e+00	0.0
-2.4669e-05	 7.2203e-06	-4.7593e-06	-9.0163e-01	-6.0109e+00	0.0
-2.4903e-05	 6.4933e-06	-3.2245e-07	-1.1589e+00	-6.1342e+00	0.0
-2.3686e-05	 4.4158e-06	 5.7370e-06	-1.5445e+00	-6.0895e+00	0.0
-1.6499e-05	 4.2269e-05	-4.5178e-05	 1.0978e+01	-7.6857e-01	0.0
-1.5701e-05	 3.4909e-05	-4.5855e-05	 9.2155e+00	-1.6064e+00	0.0
-1.4833e-05	 2.5558e-05	-4.3071e-05	 6.8028e+00	-2.5538e+00	0.0
-1.4530e-05	 1.6342e-05	-3.6748e-05	 4.1616e+00	-3.4437e+00	0.0
-1.5045e-05	 1.0245e-05	-2.9538e-05	 2.1302e+00	-4.0317e+00	0.0
-1.6294e-05	 8.8086e-06	-2.3614e-05	 1.2479e+00	-4.2133e+00	0.0
-1.7980e-05	 1.0075e-05	-2.0145e-05	 1.1706e+00	-4.3024e+00	0.0
-1.9077e-05	 1.0166e-05	-1.6237e-05	 8.8491e-01	-4.4153e+00	0.0
-1.9278e-05	 9.0009e-06	-1.0440e-05	 3.5267e-01	-4.4241e+00	0.0
-1.8641e-05	 7.5102e-06	-2.8490e-06	-1.2045e-01	-4.2889e+00	0.0
-1.7130e-05	 6.9929e-06	 6.4254e-06	-3.0013e-02	-3.9858e+00	0.0
-2.1220e-05	 4.7197e-05	-4.0013e-05	 1.1425e+01	-1.1343e+00	0.0
-2.0384e-05	 3.9880e-05	-4.3526e-05	 9.7517e+00	-2.0281e+00	0.0
-1.8915e-05	 3.1006e-05	-4.3293e-05	 7.6304e+00	-2.8405e+00	0.0
-1.7492e-05	 2.2921e-05	-3.9041e-05	 5.5274e+00	-3.3766e+00	0.0
-1.6660e-05	 1.9263e-05	-3.3472e-05	 4.4058e+00	-3.3747e+00	0.0
-1.6355e-05	 1.7814e-05	-2.8842e-05	 3.8318e+00	-3.2537e+00	0.0
-1.6377e-05	 1.6160e-05	-2.5633e-05	 3.2389e+00	-3.3249e+00	0.0
-1.6105e-05	 1.3491e-05	-2.1326e-05	 2.3725e+00	-3.4081e+00	0.0
-1.5332e-05	 1.0389e-05	-1.4200e-05	 1.3486e+00	-3.3069e+00	0.0
-1.4276e-05	 8.2692e-06	-5.0478e-06	 6.4063e-01	-3.0204e+00	0.0
-1.2946e-05	 8.6998e-06	 5.4177e-06	 9.2688e-01	-2.6089e+00	0.0
-2.4683e-05	 5.0613e-05	-3.5744e-05	 1.1740e+01	-1.4678e+00	0.0
-2.3887e-05	 4.3732e-05	-4.1094e-05	 1.0200e+01	-2.3384e+00	0.0
-2.2211e-05	 3.6257e-05	-4.2651e-05	 8.5162e+00	-2.9518e+00	0.0
-2.0006e-05	 3.0821e-05	-3.9702e-05	 7.2522e+00	-2.9677e+00	0.0
-1.8179e-05	 2.6910e-05	-3.6011e-05	 6.3015e+00	-2.8424e+00	0.0
-1.6668e-05	 2.3569e-05	-3.2548e-05	 5.4675e+00	-2.7335e+00	0.0
-1.5332e-05	 2.0027e-05	-2.9163e-05	 4.5615e+00	-2.7014e+00	0.0
-1.3933e-05	 1.5573e-05	-2.4401e-05	 3.3585e+00	-2.7087e+00	0.0
-1.2485e-05	 1.1172e-05	-1.6509e-05	 2.0256e+00	-2.5456e+00	0.0
-1.1327e-05	 8.6079e-06	-6.7999e-06	 1.1302e+00	-2.2075e+00	0.0
-1.0499e-05	 9.5358e-06	 3.5229e-06	 1.4209e+00	-1.8025e+00	0.0
-2.7123e-05	 5.2694e-05	-3.2425e-05	 1.1891e+01	-1.7608e+00	0.0
-2.6386e-05	 4.6609e-05	-3.8844e-05	 1.0557e+01	-2.5457e+00	0.0
-2.4722e-05	 4.1159e-05	-4.1785e-05	 9.4369e+00	-2.9254e+00	0.0
-2.2144e-05	 3.6072e-05	-4.0511e-05	 8.3783e+00	-2.8605e+00	0.0
-1.9572e-05	 3.1111e-05	-3.8157e-05	 7.3123e+00	-2.7407e+00	0.0
-1.7153e-05	 2.6611e-05	-3.5401e-05	 6.3334e+00	-2.5864e+00	0.0
-1.4767e-05	 2.1877e-05	-3.1678e-05	 5.2463e+00	-2.4293e+00	0.0
-1.2415e-05	 1.6331e-05	-2.6201e-05	 3.8573e+00	-2.3059e+00	0.0
-1.0496e-05	 1.1161e-05	-1.7801e-05	 2.3528e+00	-2.0895e+00	0.0
-9.4247e-06	 8.3764e-06	-8.0974e-06	 1.3418e+00	-1.7571e+00	0.0
-9.2548e-06	 9.5005e-06	 1.3077e-06	 1.5383e+00	-1.4409e+00	0.0
-2.8768e-05	 5.3811e-05	-2.9900e-05	 1.1919e+01	-1.9981e+00	0.0
-2.8062e-05	 4.8857e-05	-3.6796e-05	 1.0875e+01	-2.6366e+00	0.0
-2.6531e-05	 4.4207e-05	-4.1099e-05	 9.9831e+00	-2.9808e+00	0.0
-2.3896e-05	 3.8529e-05	-4.1597e-05	 8.8421e+00	-3.0449e+00	0.0
-2.0774e-05	 3.2944e-05	-3.9955e-05	 7.7149e+00	-2.8938e+00	0.0
-1.7703e-05	 2.7650e-05	-3.7629e-05	 6.6394e+00	-2.6989e+00	0.0
-1.4558e-05	 2.2011e-05	-3.3574e-05	 5.4095e+00	-2.4572e+00	0.0
-1.1450e-05	 1.5730e-05	-2.7256e-05	 3.8975e+00	-2.2021e+00	0.0
-9.2066e-06	 1.0186e-05	-1.8458e-05	 2.3153e+00	-1.9272e+00	0.0
-8.2914e-06	 7.4342e-06	-9.0143e-06	 1.2663e+00	-1.6059e+00	0.0
-8.7552e-06	 8.5937e-06	-8.5073e-07	 1.3442e+00	-1.4082e+00	0.0
-2.9837e-05	 5.4456e-05	-2.7872e-05	 1.1911e+01	-2.1577e+00	0.0
-2.9084e-05	 5.0571e-05	-3.4862e-05	 1.1145e+01	-2.6331e+00	0.0
-2.7675e-05	 4.5524e-05	-4.0257e-05	 1.0154e+01	-3.0834e+00	0.0
-2.5157e-05	 3.9531e-05	-4.2295e-05	 8.9708e+00	-3.2764e+00	0.0
-2.1698e-05	 3.3509e-05	-4.1143e-05	 7.7947e+00	-3.1156e+00	0.0
-1.8194e-05	 2.7467e-05	-3.9121e-05	 6.6009e+00	-2.9270e+00	0.0
-1.4568e-05	 2.0819e-05	-3.4892e-05	 5.1755e+00	-2.6994e+00	0.0
-1.0961e-05	 1.3788e-05	-2.7884e-05	 3.5140e+00	-2.3940e+00	0.0
-8.5177e-06	 8.1058e-06	-1.8800e-05	 1.9068e+00	-2.0699e+00	0.0
-7.7271e-06	 5.7960e-06	-9.6835e-06	 9.3531e-01	-1.7003e+00	0.0
-8.6045e-06	 7.0077e-06	-2.7234e-06	 9.3937e-01	-1.5719e+00	0.0
-3.0531e-05	 5.5171e-05	-2.5976e-05	 1.1976e+01	-2.2146e+00	0.0
-2.9566e-05	 5.1385e-05	-3.2836e-05	 1.1243e+01	-2.5995e+00	0.0
-2.8182e-05	 4.6277e-05	-3.8727e-05	 1.0234e+01	-3.0656e+00	0.0
-2.5796e-05	 4.0303e-05	-4.1771e-05	 9.0686e+00	-3.3217e+00	0.0
-2.2241e-05	 3.3903e-05	-4.1268e-05	 7.8308e+00	-3.2107e+00	0.0
-1.8485e-05	 2.6899e-05	-3.9511e-05	 6.4341e+00	-3.1011e+00	0.0
-1.4643e-05	 1.8898e-05	-3.5367e-05	 4.7047e+00	-3.0190e+00	0.0
-1.0858e-05	 1.2245e-05	-2.8002e-05	 3.1510e+00	-2.6016e+00	0.0
-8.3364e-06	 8.1911e-06	-1.8840e-05	 1.9569e+00	-2.0145e+00	0.0
-7.5649e-06	 6.9670e-06	-1.0131e-05	 1.2851e+00	-1.5220e+00	0.0
-8.5199e-06	 7.8426e-06	-4.0443e-06	 1.2013e+00	-1.4696e+00	0.0
-3.0855e-05	 5.6073e-05	-2.3885e-05	 1.2138e+01	-2.1475e+00	0.0
-2.9584e-05	 5.2087e-05	-3.0261e-05	 1.1358e+01	-2.4435e+00	0.0
-2.8084e-05	 4.7433e-05	-3.6121e-05	 1.0465e+01	-2.7999e+00	0.0
-2.5789e-05	 4.1899e-05	-3.9630e-05	 9.4057e+00	-3.0233e+00	0.0
-2.2301e-05	 3.5184e-05	-3.9784e-05	 8.0907e+00	-2.9873e+00	0.0
-1.8433e-05	 2.7421e-05	-3.8180e-05	 6.5079e+00	-2.9472e+00	0.0
-1.4608e-05	 2.0791e-05	-3.4078e-05	 5.1179e+00	-2.6684e+00	0.0
-1.0942e-05	 1.5997e-05	-2.6918e-05	 4.0186e+00	-2.0160e+00	0.0
-8.4532e-06	 1.3354e-05	-1.8165e-05	 3.2193e+00	-1.2780e+00	0.0
-7.6175e-06	 1.2493e-05	-9.9995e-06	 2.7453e+00	-8.1371e-01	0.0
-8.3676e-06	 1.2182e-05	-4.3751e-06	 2.4202e+00	-9.0910e-01	0.0
-1.1373e-05	 5.6202e-05	 2.2184e-06	 1.4236e+01	 3.5228e+00	0.0
-1.1847e-05	 5.6913e-05	 2.7216e-06	 1.4379e+01	 3.4743e+00	0.0
-1.2471e-05	 5.7614e-05	 3.9542e-06	 1.4503e+01	 3.3799e+00	0.0
-1.3937e-05	 5.8453e-05	 5.4216e-06	 1.4569e+01	 3.0659e+00	0.0
-1.6468e-05	 5.9397e-05	 6.0625e-06	 1.4533e+01	 2.4732e+00	0.0
-1.9926e-05	 6.0296e-05	 4.7181e-06	 1.4363e+01	 1.6292e+00	0.0
-2.4003e-05	 6.1523e-05	 1.3822e-06	 1.4209e+01	 6.5463e-01	0.0
-2.7544e-05	 6.2222e-05	-3.6648e-06	 1.3987e+01	-2.4910e-01	0.0
-3.0011e-05	 6.0993e-05	-1.0433e-05	 1.3394e+01	-1.1209e+00	0.0
-3.1104e-05	 5.8655e-05	-1.7517e-05	 1.2703e+01	-1.7887e+00	0.0
-3.0855e-05	 5.6073e-05	-2.3885e-05	 1.2138e+01	-2.1475e+00	0.0
-1.2437e-05	 5.4509e-05	 1.5227e-06	 1.3639e+01	 3.0278e+00	0.0
-1.3690e-05	 5.5085e-05	 3.1909e-06	 1.3654e+01	 2.7444e+00	0.0
-1.4548e-05	 5.5924e-05	 4.8457e-06	 1.3792e+01	 2.5988e+00	0.0
-1.5817e-05	 5.6996e-05	 6.3018e-06	 1.3947e+01	 2.3659e+00	0.0
-1.7867e-05	 5.8036e-05	 6.7800e-06	 1.3994e+01	 1.9188e+00	0.0
-2.0613e-05	 5.9009e-05	 5.4663e-06	 1.3929e+01	 1.2819e+00	0.0
-2.3962e-05	 6.0470e-05	 2.5517e-06	 1.3924e+01	 5.3864e-01	0.0
-2.7697e-05	 6.1131e-05	-2.3595e-06	 1.3663e+01	-4.1774e-01	0.0
-3.0155e-05	 6.0297e-05	-9.1584e-06	 1.3174e+01	-1.2328e+00	0.0
-3.1090e-05	 5.8957e-05	-1.6035e-05	 1.2766e+01	-1.7270e+00	0.0
-3.0831e-05	 5.6713e-05	-2.1778e-05	 1.2274e+01	-2.0209e+00	0.0
-1.2676e-05	 5.3260e-05	 4.6627e-07	 1.3263e+01	 2.8145e+00	0.0
-1.4265e-05	 5.3600e-05	 3.3858e-06	 1.3175e+01	 2.4077e+00	0.0
-1.5332e-05	 5.4476e-05	 5.6454e-06	 1.3303e+01	 2.2046e+00	0.0
-1.6640e-05	 5.5719e-05	 7.2766e-06	 1.3503e+01	 1.9788e+00	0.0
-1.8548e-05	 5.6855e-05	 7.7496e-06	 1.3593e+01	 1.5819e+00	0.0
-2.0951e-05	 5.7966e-05	 6.5895e-06	 1.3606e+01	 1.0573e+00	0.0
-2.3801e-05	 5.9677e-05	 4.0093e-06	 1.3728e+01	 4.8464e-01	0.0
-2.7056e-05	 6.0194e-05	-7.3340e-07	 1.3477e+01	-3.4926e-01	0.0
-2.9815e-05	 5.9793e-05	-7.6011e-06	 1.3063e+01	-1.1874e+00	0.0
-3.0851e-05	 5.9530e-05	-1.4547e-05	 1.2934e+01	-1.5725e+00	0.0
-3.0665e-05	 5.7010e-05	-1.9943e-05	 1.2342e+01	-1.9057e+00	0.0
-1.2087e-05	 5.2295e-05	-5.8619e-07	 1.3065e+01	 2.8629e+00	0.0
-1.3616e-05	 5.2385e-05	 3.4392e-06	 1.2916e+01	 2.4427e+00	0.0
-1.4923e-05	 5.3247e-05	 6.3095e-06	 1.3015e+01	 2.1669e+00	0.0
-1.6527e-05	 5.4614e-05	 8.1698e-06	 1.3218e+01	 1.8706e+00	0.0
-1.8611e-05	 5.5845e-05	 8.7242e-06	 1.3315e+01	 1.4357e+00	0.0
-2.0996e-05	 5.7141e-05	 7.7805e-06	 1.3381e+01	 9.3797e-01	0.0
-2.3649e-05	 5.8992e-05	 5.4583e-06	 1.3562e+01	 4.3853e-01	0.0
-2.6476e-05	 5.9358e-05	 8.8989e-07	 1.3314e+01	-2.8779e-01	0.0
-2.9104e-05	 5.9400e-05	-6.0054e-06	 1.3029e+01	-1.0274e+00	0.0
-3.0453e-05	 5.9757e-05	-1.3205e-05	 1.3028e+01	-1.4193e+00	0.0
-3.0410e-05	 5.6949e-05	-1.8434e-05	 1.2331e+01	-1.8173e+00	0.0
-1.0775e-05	 5.1494e-05	-1.3196e-06	 1.3000e+01	 3.1307e+00	0.0
-1.1866e-05	 5.1378e-05	 3.4380e-06	 1.2845e+01	 2.8082e+00	0.0
-1.3421e-05	 5.2206e-05	 6.7672e-06	 1.2910e+01	 2.4551e+00	0.0
-1.5591e-05	 5.3651e-05	 8.8232e-06	 1.3069e+01	 2.0083e+00	0.0
-1.8140e-05	 5.4972e-05	 9.4824e-06	 1.3137e+01	 1.4543e+00	0.0
-2.0791e-05	 5.6485e-05	 8.7729e-06	 1.3232e+01	 9.0800e-01	0.0
-2.3498e-05	 5.8333e-05	 6.6750e-06	 1.3405e+01	 3.9488e-01	0.0
-2.6111e-05	 5.8528e-05	 2.2981e-06	 1.3129e+01	-2.8758e-01	0.0
-2.8347e-05	 5.8965e-05	-4.6773e-06	 1.2992e+01	-8.6300e-01	0.0
-2.9949e-05	 5.9526e-05	-1.2175e-05	 1.3013e+01	-1.2959e+00	0.0
-3.0111e-05	 5.6505e-05	-1.7319e-05	 1.2227e+01	-1.7704e+00	0.0
-9.8425e-06	 5.0778e-05	-1.5891e-06	 1.2913e+01	 3.3037e+00	0.0
-1.0383e-05	 5.0539e-05	 3.4362e-06	 1.2789e+01	 3.1195e+00	0.0
-1.1871e-05	 5.1321e-05	 6.9905e-06	 1.2851e+01	 2.7769e+00	0.0
-1.4211e-05	 5.2781e-05	 9.1389e-06	 1.2997e+01	 2.2828e+00	0.0
-1.7211e-05	 5.4175e-05	 9.8270e-06	 1.3031e+01	 1.6125e+00	0.0
-2.0370e-05	 5.5932e-05	 9.3394e-06	 1.3135e+01	 9.5346e-01	0.0
-2.3333e-05	 5.7649e-05	 7.4860e-06	 1.3241e+01	 3.5362e-01	0.0
-2.5917e-05	 5.7651e-05	 3.3817e-06	 1.2912e+01	-3.4091e-01	0.0
-2.7915e-05	 5.8340e-05	-3.7793e-06	 1.2867e+01	-8.1403e-01	0.0
-2.9380e-05	 5.8868e-05	-1.1613e-05	 1.2893e+01	-1.2112e+00	0.0
-2.9802e-05	 5.5687e-05	-1.6624e-05	 1.2027e+01	-1.7732e+00	0.0
-9.5879e-06	 5.0105e-05	-1.4673e-06	 1.2757e+01	 3.2946e+00	0.0
-9.6816e-06	 4.9840e-05	 3.4347e-06	 1.2678e+01	 3.2306e+00	0.0
-1.1100e-05	 5.0580e-05	 7.0241e-06	 1.2739e+01	 2.9015e+00	0.0
-1.3462e-05	 5.1990e-05	 9.2418e-06	 1.2869e+01	 2.3941e+00	0.0
-1.6418e-05	 5.3404e-05	 9.8643e-06	 1.2913e+01	 1.7391e+00	0.0
-1.9760e-05	 5.5411e-05	 9.2970e-06	 1.3063e+01	 1.0603e+00	0.0
-2.3136e-05	 5.6935e-05	 7.7708e-06	 1.3069e+01	 3.2098e-01	0.0
-2.5848e-05	 5.6746e-05	 4.1128e-06	 1.2672e+01	-4.3192e-01	0.0
-2.7743e-05	 5.7379e-05	-3.1267e-06	 1.2619e+01	-8.7843e-01	0.0
-2.8932e-05	 5.7920e-05	-1.1387e-05	 1.2682e+01	-1.1985e+00	0.0
-2.9509e-05	 5.4579e-05	-1.6292e-05	 1.1752e+01	-1.8204e+00	0.0
-1.0011e-05	 4.9461e-05	-1.0687e-06	 1.2527e+01	 3.1012e+00	0.0
-9.8071e-06	 4.9261e-05	 3.4221e-06	 1.2503e+01	 3.1271e+00	0.0
-1.1146e-05	 4.9979e-05	 6.9086e-06	 1.2566e+01	 2.8180e+00	0.0
-1.3448e-05	 5.1302e-05	 9.2021e-06	 1.2680e+01	 2.3163e+00	0.0
-1.6287e-05	 5.2692e-05	 9.8652e-06	 1.2732e+01	 1.6901e+00	0.0
-1.9459e-05	 5.4857e-05	 9.0685e-06	 1.2943e+01	 1.0798e+00	0.0
-2.2887e-05	 5.6249e-05	 7.4649e-06	 1.2906e+01	 3.1043e-01	0.0
-2.5858e-05	 5.5915e-05	 4.5509e-06	 1.2443e+01	-5.3528e-01	0.0
-2.7767e-05	 5.6391e-05	-2.4352e-06	 1.2340e+01	-1.0010e+00	0.0
-2.8770e-05	 5.7036e-05	-1.0954e-05	 1.2453e+01	-1.2549e+00	0.0
-2.9242e-05	 5.3392e-05	-1.6131e-05	 1.1454e+01	-1.8871e+00	0.0
-1.1113e-05	 4.8847e-05	-5.3188e-07	 1.2225e+01	 2.7234e+00	0.0
-1.0801e-05	 4.8792e-05	 3.3861e-06	 1.2254e+01	 2.7959e+00	0.0
-1.2038e-05	 4.9513e-05	 6.6946e-06	 1.2328e+01	 2.5173e+00	0.0
-1.4168e-05	 5.0747e-05	 9.0893e-06	 1.2439e+01	 2.0520e+00	0.0
-1.6785e-05	 5.2107e-05	 9.9140e-06	 1.2511e+01	 1.4819e+00	0.0
-1.9710e-05	 5.4313e-05	 9.0700e-06	 1.2763e+01	 9.4528e-01	0.0
-2.2840e-05	 5.5733e-05	 7.1415e-06	 1.2766e+01	 2.6415e-01	0.0
-2.5902e-05	 5.5364e-05	 4.8485e-06	 1.2286e+01	-6.1453e-01	0.0
-2.7933e-05	 5.5822e-05	-1.3619e-06	 1.2161e+01	-1.1129e+00	0.0
-2.8837e-05	 5.6676e-05	-9.8685e-06	 1.2335e+01	-1.3060e+00	0.0
-2.9024e-05	 5.2639e-05	-1.5672e-05	 1.1266e+01	-1.9107e+00	0.0
-1.2893e-05	 4.8285e-05	-1.5869e-08	 1.1858e+01	 2.1633e+00	0.0
-1.2703e-05	 4.8424e-05	 3.3162e-06	 1.1926e+01	 2.2254e+00	0.0
-1.3801e-05	 4.9179e-05	 6.4419e-06	 1.2024e+01	 1.9917e+00	0.0
-1.5619e-05	 5.0359e-05	 8.9841e-06	 1.2157e+01	 1.6055e+00	0.0
-1.7872e-05	 5.1726e-05	 1.0112e-05	 1.2278e+01	 1.1334e+00	0.0
-2.0445e-05	 5.3955e-05	 9.4554e-06	 1.2580e+01	 6.9533e-01	0.0
-2.3228e-05	 5.5619e-05	 7.5452e-06	 1.2692e+01	 1.4016e-01	0.0
-2.5989e-05	 5.5423e-05	 5.3735e-06	 1.2294e+01	-6.3421e-01	0.0
-2.8197e-05	 5.6137e-05	 4.6438e-07	 1.2216e+01	-1.1475e+00	0.0
-2.9089e-05	 5.7314e-05	-7.7163e-06	 1.2464e+01	-1.2823e+00	0.0
-2.9003e-05	 5.3651e-05	-1.3833e-05	 1.1522e+01	-1.7576e+00	0.0
-1.5463e-05	 4.7805e-05	 3.1059e-07	 1.1419e+01	 1.3933e+00	0.0
-1.5555e-05	 4.8153e-05	 3.1848e-06	 1.1511e+01	 1.4030e+00	0.0
-1.6452e-05	 4.8978e-05	 6.2180e-06	 1.1650e+01	 1.2351e+00	0.0
-1.7791e-05	 5.0181e-05	 8.9781e-06	 1.1848e+01	 9.8343e-01	0.0
-1.9507e-05	 5.1639e-05	 1.0577e-05	 1.2064e+01	 6.6585e-01	0.0
-2.1596e-05	 5.3976e-05	 1.0389e-05	 1.2458e+01	 3.6981e-01	0.0
-2.3968e-05	 5.6149e-05	 8.8355e-06	 1.2761e+01	-1.1872e-02	0.0
-2.6368e-05	 5.6556e-05	 7.1016e-06	 1.2574e+01	-6.1467e-01	0.0
-2.8522e-05	 5.7764e-05	 3.4000e-06	 1.2634e+01	-1.0495e+00	0.0
-2.9495e-05	 5.9380e-05	-4.1623e-06	 1.2969e+01	-1.1298e+00	0.0
-2.9203e-05	 5.6782e-05	-1.0294e-05	 1.2324e+01	-1.3985e+00	0.0
-3.0855e-05	 5.6073e-05	-2.3885e-05	 1.2138e+01	-2.1475e+00	0.0
-2.9584e-05	 5.2087e-05	-3.0261e-05	 1.1358e+01	-2.4435e+00	0.0
-2.8084e-05	 4.7433e-05	-3.6121e-05	 1.0465e+01	-2.7999e+00	0.0
-2.5789e-05	 4.1899e-05	-3.9630e-05	 9.4057e+00	-3.0233e+00	0.0
-2.2301e-05	 3.5184e-05	-3.9784e-05	 8.0907e+00	-2.9873e+00	0.0
-1.8433e-05	 2.7421e-05	-3.8180e-05	 6.5079e+00	-2.9472e+00	0.0
-1.4608e-05	 2.0791e-05	-3.4078e-05	 5.1179e+00	-2.6684e+00	0.0
-1.0942e-05	 1.5997e-05	-2.6918e-05	 4.0186e+00	-2.0160e+00	0.0
-8.4532e-06	 1.3354e-05	-1.8165e-05	 3.2193e+00	-1.2780e+00	0.0
-7.6175e-06	 1.2493e-05	-9.9995e-06	 2.7453e+00	-8.1371e-01	0.0
-8.3676e-06	 1.2182e-05	-4.3751e-06	 2.4202e+00	-9.0910e-01	0.0
-3.0831e-05	 5.6713e-05	-2.1778e-05	 1.2274e+01	-2.0209e+00	0.0
-2.9475e-05	 5.2714e-05	-2.7594e-05	 1.1472e+01	-2.2660e+00	0.0
-2.7762e-05	 4.8559e-05	-3.3459e-05	 1.0722e+01	-2.4831e+00	0.0
-2.5487e-05	 4.3306e-05	-3.7249e-05	 9.7278e+00	-2.6687e+00	0.0
-2.2121e-05	 3.6232e-05	-3.7921e-05	 8.3090e+00	-2.7187e+00	0.0
-1.8187e-05	 2.9930e-05	-3.6110e-05	 7.0925e+00	-2.4404e+00	0.0
-1.4489e-05	 2.4929e-05	-3.2226e-05	 6.1021e+00	-1.9659e+00	0.0
-1.1101e-05	 2.1461e-05	-2.5601e-05	 5.3339e+00	-1.2297e+00	0.0
-8.7176e-06	 1.9646e-05	-1.7327e-05	 4.7981e+00	-4.6876e-01	0.0
-7.7475e-06	 1.8711e-05	-9.4152e-06	 4.3967e+00	-5.3480e-02	0.0
-8.0869e-06	 1.7114e-05	-3.5019e-06	 3.8039e+00	-2.2782e-01	0.0
-3.0665e-05	 5.7010e-05	-1.9943e-05	 1.2342e+01	-1.9057e+00	0.0
-2.9454e-05	 5.2900e-05	-2.5326e-05	 1.1471e+01	-2.1825e+00	0.0
-2.7541e-05	 4.8817e-05	-3.1630e-05	 1.0763e+01	-2.3341e+00	0.0
-2.5224e-05	 4.3279e-05	-3.5775e-05	 9.6995e+00	-2.5468e+00	0.0
-2.1948e-05	 3.7107e-05	-3.6541e-05	 8.5050e+00	-2.4996e+00	0.0
-1.7979e-05	 3.1803e-05	-3.4769e-05	 7.5491e+00	-2.0730e+00	0.0
-1.4411e-05	 2.7647e-05	-3.1138e-05	 6.7680e+00	-1.5244e+00	0.0
-1.1331e-05	 2.4740e-05	-2.4989e-05	 6.1327e+00	-8.2082e-01	0.0
-9.0904e-06	 2.3146e-05	-1.6996e-05	 5.6716e+00	-1.0322e-01	0.0
-7.9371e-06	 2.1989e-05	-8.8751e-06	 5.2564e+00	 3.1018e-01	0.0
-7.7569e-06	 1.9727e-05	-1.9124e-06	 4.5537e+00	 1.8811e-01	0.0
-3.0410e-05	 5.6949e-05	-1.8434e-05	 1.2331e+01	-1.8173e+00	0.0
-2.9354e-05	 5.2644e-05	-2.3573e-05	 1.1373e+01	-2.1465e+00	0.0
-2.7384e-05	 4.8341e-05	-3.0311e-05	 1.0614e+01	-2.3113e+00	0.0
-2.4984e-05	 4.3316e-05	-3.4590e-05	 9.6969e+00	-2.4348e+00	0.0
-2.1770e-05	 3.7945e-05	-3.5362e-05	 8.7025e+00	-2.2947e+00	0.0
-1.7813e-05	 3.3017e-05	-3.3805e-05	 7.8482e+00	-1.8251e+00	0.0
-1.4362e-05	 2.9026e-05	-3.0425e-05	 7.1033e+00	-1.2940e+00	0.0
-1.1571e-05	 2.5994e-05	-2.4662e-05	 6.4171e+00	-7.0369e-01	0.0
-9.5022e-06	 2.4002e-05	-1.6911e-05	 5.8456e+00	-1.0144e-01	0.0
-8.1706e-06	 2.2389e-05	-8.4659e-06	 5.3288e+00	 3.0389e-01	0.0
-7.4870e-06	 2.0020e-05	-1.9656e-07	 4.6619e+00	 3.0303e-01	0.0
-3.0111e-05	 5.6505e-05	-1.7319e-05	 1.2227e+01	-1.7704e+00	0.0
-2.9195e-05	 5.1873e-05	-2.2385e-05	 1.1156e+01	-2.1713e+00	0.0
-2.7272e-05	 4.7587e-05	-2.9278e-05	 1.0393e+01	-2.3447e+00	0.0
-2.4779e-05	 4.3594e-05	-3.3570e-05	 9.7619e+00	-2.3081e+00	0.0
-2.1605e-05	 3.8597e-05	-3.4299e-05	 8.8554e+00	-2.1240e+00	0.0
-1.7706e-05	 3.3533e-05	-3.2970e-05	 7.9627e+00	-1.6924e+00	0.0
-1.4350e-05	 2.9128e-05	-2.9791e-05	 7.1029e+00	-1.2489e+00	0.0
-1.1796e-05	 2.5365e-05	-2.4284e-05	 6.2050e+00	-8.2953e-01	0.0
-9.8791e-06	 2.2363e-05	-1.6790e-05	 5.3531e+00	-4.0738e-01	0.0
-8.4177e-06	 2.0153e-05	-8.2055e-06	 4.6796e+00	-3.0742e-02	0.0
-7.3832e-06	 1.8244e-05	 1.1295e-06	 4.1838e+00	 1.1885e-01	0.0
-2.9802e-05	 5.5687e-05	-1.6624e-05	 1.2027e+01	-1.7732e+00	0.0
-2.9019e-05	 5.0513e-05	-2.1738e-05	 1.0790e+01	-2.2752e+00	0.0
-2.7206e-05	 4.7177e-05	-2.8419e-05	 1.0265e+01	-2.3532e+00	0.0
-2.4622e-05	 4.3978e-05	-3.2683e-05	 9.8545e+00	-2.1866e+00	0.0
-2.1476e-05	 3.8933e-05	-3.3293e-05	 8.9229e+00	-2.0071e+00	0.0
-1.7681e-05	 3.3297e-05	-3.2098e-05	 7.8662e+00	-1.6798e+00	0.0
-1.4401e-05	 2.7993e-05	-2.9026e-05	 6.7630e+00	-1.3786e+00	0.0
-1.2004e-05	 2.3599e-05	-2.3668e-05	 5.6839e+00	-1.0906e+00	0.0
-1.0170e-05	 2.0418e-05	-1.6493e-05	 4.7833e+00	-7.2352e-01	0.0
-8.6566e-06	 1.8260e-05	-8.0270e-06	 4.1277e+00	-3.2317e-01	0.0
-7.4962e-06	 1.7087e-05	 1.8058e-06	 3.8527e+00	-5.3282e-02	0.0
-2.9509e-05	 5.4579e-05	-1.6292e-05	 1.1752e+01	-1.8204e+00	0.0
-2.8859e-05	 4.9093e-05	-2.1423e-05	 1.0413e+01	-2.3973e+00	0.0
-2.7153e-05	 4.7115e-05	-2.7862e-05	 1.0239e+01	-2.3306e+00	0.0
-2.4528e-05	 4.4392e-05	-3.1866e-05	 9.9507e+00	-2.0813e+00	0.0
-2.1401e-05	 3.8844e-05	-3.2282e-05	 8.8704e+00	-1.9602e+00	0.0
-1.7766e-05	 3.2263e-05	-3.1096e-05	 7.5386e+00	-1.7956e+00	0.0
-1.4546e-05	 2.7003e-05	-2.8162e-05	 6.4442e+00	-1.5095e+00	0.0
-1.2224e-05	 2.3033e-05	-2.2977e-05	 5.4752e+00	-1.1933e+00	0.0
-1.0404e-05	 1.9895e-05	-1.6057e-05	 4.5968e+00	-8.3696e-01	0.0
-8.8998e-06	 1.7800e-05	-7.8821e-06	 3.9688e+00	-4.4272e-01	0.0
-7.7989e-06	 1.7276e-05	 1.8996e-06	 3.8697e+00	-1.1517e-01	0.0
-2.9242e-05	 5.3392e-05	-1.6131e-05	 1.1454e+01	-1.8871e+00	0.0
-2.8736e-05	 4.8515e-05	-2.1035e-05	 1.0261e+01	-2.4258e+00	0.0
-2.7131e-05	 4.7553e-05	-2.7356e-05	 1.0347e+01	-2.2565e+00	0.0
-2.4507e-05	 4.4836e-05	-3.1000e-05	 1.0045e+01	-1.9913e+00	0.0
-2.1397e-05	 3.8254e-05	-3.1178e-05	 8.6719e+00	-1.9938e+00	0.0
-1.7958e-05	 3.1898e-05	-3.0038e-05	 7.3729e+00	-1.8505e+00	0.0
-1.4793e-05	 2.7480e-05	-2.7292e-05	 6.4997e+00	-1.4736e+00	0.0
-1.2489e-05	 2.3871e-05	-2.2229e-05	 5.6311e+00	-1.1220e+00	0.0
-1.0625e-05	 2.0822e-05	-1.5504e-05	 4.7977e+00	-7.5824e-01	0.0
-9.1676e-06	 1.8826e-05	-7.7404e-06	 4.2144e+00	-3.8803e-01	0.0
-8.2572e-06	 1.8812e-05	 1.5407e-06	 4.2388e+00	-5.7536e-02	0.0
-2.9024e-05	 5.2639e-05	-1.5672e-05	 1.1266e+01	-1.9107e+00	0.0
-2.8667e-05	 4.9109e-05	-2.0175e-05	 1.0415e+01	-2.3170e+00	0.0
-2.7164e-05	 4.8739e-05	-2.6499e-05	 1.0643e+01	-2.0962e+00	0.0
-2.4565e-05	 4.5398e-05	-2.9873e-05	 1.0154e+01	-1.9009e+00	0.0
-2.1475e-05	 3.8258e-05	-2.9890e-05	 8.6165e+00	-1.9677e+00	0.0
-1.8220e-05	 3.3085e-05	-2.8945e-05	 7.6117e+00	-1.7227e+00	0.0
-1.5135e-05	 2.9383e-05	-2.6363e-05	 6.9215e+00	-1.2771e+00	0.0
-1.2818e-05	 2.6102e-05	-2.1424e-05	 6.1512e+00	-8.8868e-01	0.0
-1.0876e-05	 2.3220e-05	-1.4875e-05	 5.3924e+00	-5.0233e-01	0.0
-9.4841e-06	 2.1387e-05	-7.5772e-06	 4.8762e+00	-1.6086e-01	0.0
-8.8361e-06	 2.1694e-05	 8.9478e-07	 4.9667e+00	 1.2685e-01	0.0
-2.9003e-05	 5.3651e-05	-1.3833e-05	 1.1522e+01	-1.7576e+00	0.0
-2.8665e-05	 5.1200e-05	-1.8423e-05	 1.0958e+01	-2.0301e+00	0.0
-2.7272e-05	 5.0977e-05	-2.4861e-05	 1.1201e+01	-1.8097e+00	0.0
-2.4700e-05	 4.6472e-05	-2.8167e-05	 1.0377e+01	-1.7521e+00	0.0
-2.1638e-05	 4.0032e-05	-2.8307e-05	 9.0198e+00	-1.7329e+00	0.0
-1.8549e-05	 3.5779e-05	-2.7725e-05	 8.2454e+00	-1.4197e+00	0.0
-1.5564e-05	 3.2675e-05	-2.5329e-05	 7.7060e+00	-9.2765e-01	0.0
-1.3217e-05	 2.9711e-05	-2.0569e-05	 7.0386e+00	-5.0446e-01	0.0
-1.1195e-05	 2.7105e-05	-1.4222e-05	 6.3884e+00	-8.5669e-02	0.0
-9.8770e-06	 2.5527e-05	-7.3756e-06	 5.9652e+00	 2.3457e-01	0.0
-9.4999e-06	 2.5922e-05	 1.5769e-07	 6.0594e+00	 4.4631e-01	0.0
-2.9203e-05	 5.6782e-05	-1.0294e-05	 1.2324e+01	-1.3985e+00	0.0
-2.8749e-05	 5.5052e-05	-1.5405e-05	 1.1961e+01	-1.5409e+00	0.0
-2.7480e-05	 5.4575e-05	-2.2046e-05	 1.2099e+01	-1.3650e+00	0.0
-2.4908e-05	 4.9439e-05	-2.5564e-05	 1.1088e+01	-1.3700e+00	0.0
-2.1899e-05	 4.3517e-05	-2.6291e-05	 9.8679e+00	-1.3038e+00	0.0
-1.8954e-05	 3.9945e-05	-2.6284e-05	 9.2680e+00	-9.5230e-01	0.0
-1.6069e-05	 3.7320e-05	-2.4150e-05	 8.8521e+00	-4.3321e-01	0.0
-1.3685e-05	 3.4684e-05	-1.9671e-05	 8.2966e+00	 2.2390e-02	0.0
-1.1615e-05	 3.2485e-05	-1.3609e-05	 7.7906e+00	 4.7717e-01	0.0
-1.0377e-05	 3.1254e-05	-7.1317e-06	 7.4817e+00	 7.8866e-01	0.0
-1.0213e-05	 3.1570e-05	-4.5891e-07	 7.5411e+00	 9.1971e-01	0.0
