patch_n	x	y	disp_x	disp_y
1	 1.000000000000000e+00	 0.000000000000000e+00	-4.685821532945064e-05	 0.000000000000000e+00
1	 9.974284469059532e-01	 7.166933307989243e-02	-4.668076372508879e-05	 9.642338649782643e-06
1	 9.894434504816298e-01	 1.449194890387739e-01	-4.618978459518425e-05	 1.953747535782923e-05
1	 9.756838834611086e-01	 2.191824800515997e-01	-4.543550046013213e-05	 2.963361496751281e-05
1	 9.558632461068471e-01	 2.938119377281626e-01	-4.446098263845885e-05	 3.984315487988910e-05
1	 9.297883010623589e-01	 3.680947095758919e-01	-4.330442114460537e-05	 5.001409153199412e-05
1	 8.973756499953162e-01	 4.412674277632060e-01	-4.196855646165924e-05	 5.993597887094157e-05
1	 8.586647592086445e-01	 5.125376389107853e-01	-4.034433605905885e-05	 6.947849676761980e-05
1	 8.138260360508662e-01	 5.811085811189265e-01	-3.832863466070813e-05	 7.859522216367505e-05
1	 7.631628410841520e-01	 6.462062193992625e-01	-3.588775704036585e-05	 8.731203480510843e-05
1	 7.071067811868699e-01	 7.071067811868699e-01	-3.307785745835476e-05	 9.568181300249463e-05
1	 6.462062193992625e-01	 7.631628410841519e-01	-3.003914506574470e-05	 1.036021837577836e-04
1	 5.811085811189264e-01	 8.138260360508661e-01	-2.690001604962659e-05	 1.107538389288317e-04
1	 5.125376389107852e-01	 8.586647592086446e-01	-2.371209219419983e-05	 1.168677074916857e-04
1	 4.412674277632058e-01	 8.973756499953163e-01	-2.047875648383208e-05	 1.218732910043392e-04
1	 3.680947095758915e-01	 9.297883010623589e-01	-1.717619066931513e-05	 1.258972777281667e-04
1	 2.938119377281621e-01	 9.558632461068473e-01	-1.378174669556864e-05	 1.291680495791123e-04
1	 2.191824800515992e-01	 9.756838834611086e-01	-1.031766663180997e-05	 1.318258824710433e-04
1	 1.449194890387733e-01	 9.894434504816300e-01	-6.831707606330507e-06	 1.339073616589840e-04
1	 7.166933307989184e-02	 9.974284469059531e-01	-3.376815729050142e-06	 1.353890255465026e-04
1	 0.000000000000000e+00	 1.000000000000000e+00	 0.000000000000000e+00	 1.362172792746046e-04
1	 1.062499999991450e+00	 0.000000000000000e+00	-4.981388941841474e-05	 0.000000000000000e+00
1	 1.059767724829280e+00	 7.614866639371579e-02	-4.974645250583464e-05	 8.849424346288640e-06
1	 1.051283666129144e+00	 1.539769570976441e-01	-4.912228510443737e-05	 1.792045777859388e-05
1	 1.036664126170904e+00	 2.328813850475538e-01	-4.800955445345067e-05	 2.720858298588082e-05
1	 1.015604698983310e+00	 3.121751838286934e-01	-4.648884508843694e-05	 3.668325800003044e-05
1	 9.879000698749633e-01	 3.911006289175163e-01	-4.465606147086514e-05	 4.624538114303401e-05
1	 9.534616281176274e-01	 4.688466419927447e-01	-4.254732350466775e-05	 5.573275774468813e-05
1	 9.123313066580088e-01	 5.445712413386022e-01	-4.008269491027325e-05	 6.502773078728683e-05
1	 8.646901633037583e-01	 6.174278674363841e-01	-3.721022310920365e-05	 7.408399668823095e-05
1	 8.108605186520278e-01	 6.865941081106673e-01	-3.395986445524210e-05	 8.294296226291618e-05
1	 7.513009550109346e-01	 7.513009550109346e-01	-3.047084447304584e-05	 9.168116498894200e-05
1	 6.865941081106676e-01	 8.108605186520278e-01	-2.695372065094847e-05	 1.002211947586035e-04
1	 6.174278674363840e-01	 8.646901633037584e-01	-2.354306431166911e-05	 1.081434173564332e-04
1	 5.445712413386021e-01	 9.123313066580088e-01	-2.028565907454128e-05	 1.150657372455648e-04
1	 4.688466419927445e-01	 9.534616281176277e-01	-1.716698105205210e-05	 1.208501465548951e-04
1	 3.911006289175161e-01	 9.879000698749635e-01	-1.413904167199636e-05	 1.255925485106786e-04
1	 3.121751838286931e-01	 1.015604698983310e+00	-1.115012108750508e-05	 1.295104806777518e-04
1	 2.328813850475533e-01	 1.036664126170905e+00	-8.202439496493310e-06	 1.326860705712643e-04
1	 1.539769570976434e-01	 1.051283666129144e+00	-5.336126055666836e-06	 1.350464536618015e-04
1	 7.614866639371518e-02	 1.059767724829280e+00	-2.591452134602791e-06	 1.364782273859413e-04
1	 0.000000000000000e+00	 1.062499999991450e+00	 0.000000000000000e+00	 1.368705934672873e-04
1	 1.124999999985600e+00	 0.000000000000000e+00	-5.213408576116030e-05	 0.000000000000000e+00
1	 1.122107002755244e+00	 8.062799970815197e-02	-5.205506253311375e-05	 8.155871428956888e-06
1	 1.113123881779120e+00	 1.630344251575163e-01	-5.126534151527010e-05	 1.652278264258052e-05
1	 1.097644368882893e+00	 2.465802900446999e-01	-4.983232648672981e-05	 2.512731210843354e-05
1	 1.075346151861628e+00	 3.305384299304368e-01	-4.786575869164413e-05	 3.399121590879131e-05
1	 1.046011838689047e+00	 4.141065482602412e-01	-4.551208882695104e-05	 4.307435905971218e-05
1	 1.009547606241033e+00	 4.964258562231809e-01	-4.282272609464933e-05	 5.225187456424386e-05
1	 9.659978541081075e-01	 5.766048437670697e-01	-3.974463352098370e-05	 6.139338616640322e-05
1	 9.155542905570850e-01	 6.537471537542512e-01	-3.625617323276841e-05	 7.043486624643505e-05
1	 8.585581962201339e-01	 7.269819968222992e-01	-3.242541665139312e-05	 7.941931134904060e-05
1	 7.954951288351546e-01	 7.954951288351546e-01	-2.844956449206556e-05	 8.842580832892011e-05
1	 7.269819968222992e-01	 8.585581962201336e-01	-2.458189254237633e-05	 9.732680915663950e-05
1	 6.537471537542512e-01	 9.155542905570851e-01	-2.097024864259924e-05	 1.057040129203341e-04
1	 5.766048437670693e-01	 9.659978541081076e-01	-1.766082094867883e-05	 1.131103302305684e-04
1	 4.964258562231806e-01	 1.009547606241033e+00	-1.462541659339753e-05	 1.193806338559272e-04
1	 4.141065482602410e-01	 1.046011838689047e+00	-1.180006916355690e-05	 1.246148759761899e-04
1	 3.305384299304364e-01	 1.075346151861628e+00	-9.117956411168273e-06	 1.290316815391150e-04
1	 2.465802900446993e-01	 1.097644368882893e+00	-6.566056050455551e-06	 1.326777830271605e-04
1	 1.630344251575158e-01	 1.113123881779120e+00	-4.181175506171455e-06	 1.353622335550338e-04
1	 8.062799970815129e-02	 1.122107002755243e+00	-1.988659706020408e-06	 1.368859538832580e-04
1	 0.000000000000000e+00	 1.124999999985600e+00	 0.000000000000000e+00	 1.371094766111627e-04
1	 1.187499999982150e+00	 0.000000000000000e+00	-5.406344278266696e-05	 0.000000000000000e+00
1	 1.184446280683552e+00	 8.510733302313281e-02	-5.392807412523208e-05	 7.607859456707436e-06
1	 1.174964097431282e+00	 1.720918932182795e-01	-5.299549514705455e-05	 1.542581877942699e-05
1	 1.158624611596830e+00	 2.602791950429054e-01	-5.130253863544793e-05	 2.349157813896368e-05
1	 1.135087604741596e+00	 3.489016760332582e-01	-4.896170143728692e-05	 3.186380722415640e-05
1	 1.104123607504447e+00	 4.371124676039442e-01	-4.616502720680529e-05	 4.056890149609363e-05
1	 1.065633584365411e+00	 5.240050704544148e-01	-4.300459562031660e-05	 4.952443498343395e-05
1	 1.019664401558859e+00	 6.086384461961150e-01	-3.946140084331857e-05	 5.858375351644325e-05
1	 9.664184178107981e-01	 6.900664400724821e-01	-3.552605825726442e-05	 6.765122447501272e-05
1	 9.062558737884437e-01	 7.673698855341323e-01	-3.128032759292648e-05	 7.675991658474109e-05
1	 8.396893026595115e-01	 8.396893026595114e-01	-2.695906781625249e-05	 8.594788684057741e-05
1	 7.673698855341323e-01	 9.062558737884441e-01	-2.283832159534011e-05	 9.505046583339980e-05
1	 6.900664400724821e-01	 9.664184178107981e-01	-1.907314338644260e-05	 1.036682159230136e-04
1	 6.086384461961148e-01	 1.019664401558859e+00	-1.571404850998740e-05	 1.113582937761962e-04
1	 5.240050704544146e-01	 1.065633584365411e+00	-1.272212760727707e-05	 1.179681636057055e-04
1	 4.371124676039439e-01	 1.104123607504447e+00	-1.002600741422989e-05	 1.236311220952057e-04
1	 3.489016760332578e-01	 1.135087604741597e+00	-7.561739427749108e-06	 1.285440203454012e-04
1	 2.602791950429048e-01	 1.158624611596830e+00	-5.313887556549654e-06	 1.326519211244235e-04
1	 1.720918932182788e-01	 1.174964097431282e+00	-3.308878798107674e-06	 1.356380455583292e-04
1	 8.510733302313211e-02	 1.184446280683552e+00	-1.543854792628669e-06	 1.372772373069505e-04
1	 0.000000000000000e+00	 1.187499999982150e+00	 0.000000000000000e+00	 1.374705261023092e-04
1	 1.249999999980800e+00	 0.000000000000000e+00	-5.566918017139719e-05	 0.000000000000000e+00
1	 1.246785558613912e+00	 8.958666633859030e-02	-5.546280737964736e-05	 7.205084897802523e-06
1	 1.236804313085360e+00	 1.811493612798219e-01	-5.443215773705674e-05	 1.462611234757638e-05
1	 1.219604854312473e+00	 2.739781000420379e-01	-5.257332860821571e-05	 2.230293961631848e-05
1	 1.194829057623008e+00	 3.672649221370227e-01	-4.998047438316448e-05	 3.031848298309611e-05
1	 1.162235376320997e+00	 4.601183869485032e-01	-4.683923815243438e-05	 3.874150752621200e-05
1	 1.121719562490641e+00	 5.515842846863469e-01	-4.326227953857807e-05	 4.752511729033254e-05
1	 1.073330949010183e+00	 6.406720486256667e-01	-3.932459048942793e-05	 5.654439388357475e-05
1	 1.017282545064849e+00	 7.263857263910318e-01	-3.504204647438487e-05	 6.566833334295163e-05
1	 9.539535513569332e-01	 8.077577742461420e-01	-3.049132893867249e-05	 7.489052699724861e-05
1	 8.838834764839885e-01	 8.838834764839886e-01	-2.593250478554040e-05	 8.418574872745442e-05
1	 8.077577742461418e-01	 9.539535513569329e-01	-2.163499518938083e-05	 9.339288455091303e-05
1	 7.263857263910317e-01	 1.017282545064849e+00	-1.774589661481937e-05	 1.021465974362871e-04
1	 6.406720486256667e-01	 1.073330949010183e+00	-1.432418142624907e-05	 1.100459974372238e-04
1	 5.515842846863466e-01	 1.121719562490641e+00	-1.132578898936229e-05	 1.170011397144219e-04
1	 4.601183869485028e-01	 1.162235376320997e+00	-8.689760886712665e-06	 1.231350474806079e-04
1	 3.672649221370222e-01	 1.194829057623008e+00	-6.380884671631719e-06	 1.284551249520490e-04
1	 2.739781000420374e-01	 1.219604854312473e+00	-4.375654151397145e-06	 1.328545072131321e-04
1	 1.811493612798213e-01	 1.236804313085360e+00	-2.672715092385998e-06	 1.360113085024802e-04
1	 8.958666633858958e-02	 1.246785558613912e+00	-1.232785628389151e-06	 1.377254038739539e-04
1	 0.000000000000000e+00	 1.249999999980800e+00	 0.000000000000000e+00	 1.379654562536572e-04
1	 1.312499999981250e+00	 0.000000000000000e+00	-5.699616498068826e-05	 0.000000000000000e+00
1	 1.309124836546029e+00	 9.406599965445629e-02	-5.671764898254569e-05	 6.932938580433012e-06
1	 1.298644528741079e+00	 1.902068293420325e-01	-5.562698315959914e-05	 1.408925895545891e-05
1	 1.280585097029578e+00	 2.876770050419652e-01	-5.367481871307297e-05	 2.150451558520713e-05
1	 1.254570510505657e+00	 3.856281682415954e-01	-5.092837998591648e-05	 2.927744373534814e-05
1	 1.220347145138533e+00	 4.831243062937955e-01	-4.755363894435305e-05	 3.750377088705808e-05
1	 1.177805540616601e+00	 5.791634989188773e-01	-4.367313102106312e-05	 4.616458114936701e-05
1	 1.126997496461995e+00	 6.727056510556521e-01	-3.939134303020763e-05	 5.516506761922540e-05
1	 1.068146672319191e+00	 7.627050127098547e-01	-3.479802837624524e-05	 6.436566485736630e-05
1	 1.001651228925576e+00	 8.481456629583028e-01	-3.001582948220153e-05	 7.367748198469350e-05
1	 9.280776503085684e-01	 9.280776503085684e-01	-2.529871770970919e-05	 8.302969414204883e-05
1	 8.481456629583027e-01	 1.001651228925575e+00	-2.088116435069067e-05	 9.228437967639759e-05
1	 7.627050127098546e-01	 1.068146672319191e+00	-1.688772249721679e-05	 1.011490498259587e-04
1	 6.727056510556518e-01	 1.126997496461996e+00	-1.337595121683197e-05	 1.092996706084480e-04
1	 5.791634989188771e-01	 1.177805540616601e+00	-1.032903085160136e-05	 1.166286805405869e-04
1	 4.831243062937951e-01	 1.220347145138533e+00	-7.718548017910783e-06	 1.231092285616516e-04
1	 3.856281682415950e-01	 1.254570510505657e+00	-5.518307666747444e-06	 1.286871540660529e-04
1	 2.876770050419646e-01	 1.280585097029579e+00	-3.700716645110760e-06	 1.332345317298523e-04
1	 1.902068293420318e-01	 1.298644528741079e+00	-2.232474661965007e-06	 1.364587642636703e-04
1	 9.406599965445554e-02	 1.309124836546029e+00	-1.031754412705609e-06	 1.382087971392550e-04
1	 0.000000000000000e+00	 1.312499999981250e+00	 0.000000000000000e+00	 1.385398559852637e-04
1	 1.374999999983200e+00	 0.000000000000000e+00	-5.808925002016244e-05	 0.000000000000000e+00
1	 1.371464114479612e+00	 9.854533297066267e-02	-5.774437201831949e-05	 6.768797162792587e-06
1	 1.360484744398165e+00	 1.992642974047998e-01	-5.662127683333927e-05	 1.376841767581867e-05
1	 1.341565339747901e+00	 3.013759100425546e-01	-5.462633549286968e-05	 2.102618263780337e-05
1	 1.314311963389337e+00	 4.039914143468419e-01	-5.179314180406513e-05	 2.864653145707638e-05
1	 1.278458913956892e+00	 5.061302256396994e-01	-4.826392480219807e-05	 3.673723762403589e-05
1	 1.233891518743168e+00	 6.067427131519062e-01	-4.417693579704051e-05	 4.530998481786069e-05
1	 1.180664043914217e+00	 7.047392534859986e-01	-3.964935364012226e-05	 5.430333744643146e-05
1	 1.119010799573773e+00	 7.990242990289047e-01	-3.477892880812455e-05	 6.358435596077776e-05
1	 1.049348906494346e+00	 8.885335516705897e-01	-2.980986684465946e-05	 7.297143074219467e-05
1	 9.722718241332340e-01	 9.722718241332340e-01	-2.498747006494049e-05	 8.235443807896822e-05
1	 8.885335516705898e-01	 1.049348906494346e+00	-2.048831627507462e-05	 9.163385077779993e-05
1	 7.990242990289046e-01	 1.119010799573773e+00	-1.640068651346084e-05	 1.006283127433920e-04
1	 7.047392534859984e-01	 1.180664043914217e+00	-1.278038995776537e-05	 1.090675894705187e-04
1	 6.067427131519059e-01	 1.233891518743168e+00	-9.674117197501052e-06	 1.166677716823258e-04
1	 5.061302256396990e-01	 1.278458913956892e+00	-7.063460617311269e-06	 1.233825846846376e-04
1	 4.039914143468413e-01	 1.314311963389338e+00	-4.929049292611489e-06	 1.291226284926194e-04
1	 3.013759100425540e-01	 1.341565339747902e+00	-3.246418190350667e-06	 1.337239896033251e-04
1	 1.992642974047991e-01	 1.360484744398165e+00	-1.952186762964370e-06	 1.369416481618528e-04
1	 9.854533297066193e-02	 1.371464114479612e+00	-9.177651928837209e-07	 1.386964954550523e-04
1	 0.000000000000000e+00	 1.374999999983200e+00	 0.000000000000000e+00	 1.391392776178750e-04
1	 1.437499999986350e+00	 0.000000000000000e+00	-5.899328044373756e-05	 0.000000000000000e+00
1	 1.433803392414367e+00	 1.030246662871415e-01	-5.858836160275635e-05	 6.682257473366951e-06
1	 1.422324960056345e+00	 2.083217654680125e-01	-5.744706501537326e-05	 1.360542337921818e-05
1	 1.402545582467200e+00	 3.150748150436739e-01	-5.543983025138702e-05	 2.078766206602632e-05
1	 1.374053416273843e+00	 4.223546604526272e-01	-5.256306246924730e-05	 2.832662271673799e-05
1	 1.336570682775907e+00	 5.291361449860923e-01	-4.893704607121535e-05	 3.632884944937392e-05
1	 1.289977496870222e+00	 6.343219273853342e-01	-4.471461899582562e-05	 4.483818163497011e-05
1	 1.234330591366764e+00	 7.367728559166346e-01	-4.001701243864635e-05	 5.383033598104393e-05
1	 1.169874926828549e+00	 8.353435853481372e-01	-3.495432722772681e-05	 6.317319414988650e-05
1	 1.097046584063218e+00	 9.289214403829771e-01	-2.983251243239750e-05	 7.263289664543896e-05
1	 1.016465997957968e+00	 1.016465997957968e+00	-2.493336149531964e-05	 8.204417236328668e-05
1	 9.289214403829771e-01	 1.097046584063218e+00	-2.037391686087318e-05	 9.135526744147238e-05
1	 8.353435853481371e-01	 1.169874926828549e+00	-1.619934425191127e-05	 1.004949402154114e-04
1	 7.367728559166342e-01	 1.234330591366765e+00	-1.248255435213314e-05	 1.091453644568467e-04
1	 6.343219273853339e-01	 1.289977496870223e+00	-9.309851958741577e-06	 1.169414926256501e-04
1	 5.291361449860918e-01	 1.336570682775908e+00	-6.678767547555449e-06	 1.238147561740098e-04
1	 4.223546604526267e-01	 1.374053416273843e+00	-4.574907982888525e-06	 1.296498272837101e-04
1	 3.150748150436731e-01	 1.402545582467200e+00	-2.977849131604623e-06	 1.342447397900975e-04
1	 2.083217654680118e-01	 1.422324960056345e+00	-1.800549441416968e-06	 1.374073170412925e-04
1	 1.030246662871407e-01	 1.433803392414368e+00	-8.687600063790279e-07	 1.391485458029194e-04
1	 0.000000000000000e+00	 1.437499999986350e+00	 0.000000000000000e+00	 1.397092582609113e-04
1	 1.499999999990400e+00	 0.000000000000000e+00	-5.975329279417855e-05	 0.000000000000000e+00
1	 1.496142670350002e+00	 1.075039996038245e-01	-5.928903744549691e-05	 6.635513061719369e-06
1	 1.484165175715346e+00	 2.173792335315593e-01	-5.812819750242302e-05	 1.353194398877381e-05
1	 1.463525825187228e+00	 3.287737200451903e-01	-5.612273455000717e-05	 2.070148313515896e-05
1	 1.433794869158967e+00	 4.407179065588168e-01	-5.323259235734954e-05	 2.821997803472747e-05
1	 1.394682451595417e+00	 5.521420643328522e-01	-4.955658037716024e-05	 3.617745161665040e-05
1	 1.346063474997641e+00	 6.619011416190613e-01	-4.525272968111314e-05	 4.464647823391798e-05
1	 1.287997138819557e+00	 7.688064583474871e-01	-4.043854747082063e-05	 5.364464620879598e-05
1	 1.220739054083469e+00	 8.716628716675054e-01	-3.526233871740864e-05	 6.303249157173987e-05
1	 1.144744261632166e+00	 9.693093290954403e-01	-3.004656878140014e-05	 7.255202211705792e-05
1	 1.060660171782754e+00	 1.060660171782754e+00	-2.507842866260506e-05	 8.201022711325890e-05
1	 9.693093290954404e-01	 1.144744261632167e+00	-2.046475419137514e-05	 9.138239929325424e-05
1	 8.716628716675056e-01	 1.220739054083469e+00	-1.622175866980317e-05	 1.006146545793172e-04
1	 7.688064583474864e-01	 1.287997138819557e+00	-1.242567564131788e-05	 1.093934823150433e-04
1	 6.619011416190609e-01	 1.346063474997641e+00	-9.182741136403260e-06	 1.173373444769790e-04
1	 5.521420643328516e-01	 1.394682451595417e+00	-6.519411819152777e-06	 1.243089773363138e-04
1	 4.407179065588161e-01	 1.433794869158967e+00	-4.421897134886179e-06	 1.301758705545064e-04
1	 3.287737200451897e-01	 1.463525825187229e+00	-2.867351745875933e-06	 1.347141790519095e-04
1	 2.173792335315585e-01	 1.484165175715346e+00	-1.751256315771097e-06	 1.377910317902451e-04
1	 1.075039996038237e-01	 1.496142670350002e+00	-8.638506500299974e-07	 1.395169309218182e-04
1	 0.000000000000000e+00	 1.499999999990400e+00	 0.000000000000000e+00	 1.401965256189930e-04
1	 1.562499999995050e+00	 0.000000000000000e+00	-6.042968640975885e-05	 0.000000000000000e+00
1	 1.558481948286222e+00	 1.119833329206437e-01	-5.990763512434314e-05	 6.603390876593812e-06
1	 1.546005391374893e+00	 2.264367015953287e-01	-5.870627106536266e-05	 1.349108241372490e-05
1	 1.524506067907744e+00	 3.424726250469716e-01	-5.668986780259378e-05	 2.068315698229610e-05
1	 1.493536322044503e+00	 4.590811526652758e-01	-5.380688914184134e-05	 2.823577471362973e-05
1	 1.452794220415255e+00	 5.751479836798564e-01	-5.012688459377155e-05	 3.619872849543636e-05
1	 1.402149453125303e+00	 6.894803558529877e-01	-4.578646794122560e-05	 4.465590355359172e-05
1	 1.341663686272512e+00	 8.008400607784837e-01	-4.089872773467856e-05	 5.367030122069509e-05
1	 1.271603181338487e+00	 9.079821579869657e-01	-3.566399449519971e-05	 6.309448014917761e-05
1	 1.192441939201167e+00	 1.009697217807954e+00	-3.040174673426246e-05	 7.266874297307769e-05
1	 1.104854345607574e+00	 1.104854345607574e+00	-2.537343189329335e-05	 8.220133152556065e-05
1	 1.009697217807954e+00	 1.192441939201166e+00	-2.070348623653881e-05	 9.164556000273740e-05
1	 9.079821579869656e-01	 1.271603181338487e+00	-1.640545180851840e-05	 1.009179865151922e-04
1	 8.008400607784837e-01	 1.341663686272512e+00	-1.254457046957571e-05	 1.097667108570066e-04
1	 6.894803558529873e-01	 1.402149453125303e+00	-9.235409996318040e-06	 1.178140823961375e-04
1	 5.751479836798559e-01	 1.452794220415255e+00	-6.538990292372896e-06	 1.248218574272424e-04
1	 4.590811526652752e-01	 1.493536322044503e+00	-4.438140253503609e-06	 1.306376937347256e-04
1	 3.424726250469709e-01	 1.524506067907744e+00	-2.891403308801511e-06	 1.350752737806776e-04
1	 2.264367015953279e-01	 1.546005391374894e+00	-1.780215372607273e-06	 1.380913079885720e-04
1	 1.119833329206428e-01	 1.558481948286222e+00	-8.845766524956968e-07	 1.398466761953455e-04
1	 0.000000000000000e+00	 1.562499999995050e+00	 0.000000000000000e+00	 1.406423459890201e-04
1	 1.625000000000000e+00	 0.000000000000000e+00	-6.110916830420860e-05	 0.000000000000000e+00
1	 1.620821226222736e+00	 1.164626662375310e-01	-6.055921007349797e-05	 6.598039354777132e-06
1	 1.607845607034714e+00	 2.354941696592095e-01	-5.930819916656929e-05	 1.349338162957430e-05
1	 1.585486310628504e+00	 3.561715300488856e-01	-5.724970526087548e-05	 2.071905018553207e-05
1	 1.553277774930246e+00	 4.774443987718694e-01	-5.434707171358308e-05	 2.832237313203648e-05
1	 1.510905989235257e+00	 5.981539030269829e-01	-5.067871227470184e-05	 3.632986362102560e-05
1	 1.458235431253087e+00	 7.170595700870138e-01	-4.634094908769936e-05	 4.481209098752001e-05
1	 1.395330233725550e+00	 8.328736632095532e-01	-4.141417127271984e-05	 5.385421132669181e-05
1	 1.322467308593553e+00	 9.443014443064710e-01	-3.614750128008572e-05	 6.331232027320988e-05
1	 1.240139616770193e+00	 1.050085106520493e+00	-3.085502425593450e-05	 7.295433388945922e-05
1	 1.149048519432411e+00	 1.149048519432411e+00	-2.577591628697685e-05	 8.260141956939032e-05
1	 1.050085106520493e+00	 1.240139616770192e+00	-2.103744889320193e-05	 9.210573713292695e-05
1	 9.443014443064709e-01	 1.322467308593553e+00	-1.668446331245030e-05	 1.014031593743428e-04
1	 8.328736632095531e-01	 1.395330233725550e+00	-1.276866812627661e-05	 1.102976854939379e-04
1	 7.170595700870136e-01	 1.458235431253087e+00	-9.405732872915199e-06	 1.184040725363742e-04
1	 5.981539030269822e-01	 1.510905989235257e+00	-6.687242106093381e-06	 1.253762381873023e-04
1	 4.774443987718688e-01	 1.553277774930246e+00	-4.578153871397084e-06	 1.311131447576555e-04
1	 3.561715300488847e-01	 1.585486310628504e+00	-3.006705711121216e-06	 1.355220248379730e-04
1	 2.354941696592087e-01	 1.607845607034715e+00	-1.855298805776634e-06	 1.385626217034150e-04
1	 1.164626662375301e-01	 1.620821226222736e+00	-9.153643279029180e-07	 1.403849729232504e-04
1	 0.000000000000000e+00	 1.625000000000000e+00	 0.000000000000000e+00	 1.412498614439568e-04
1	 1.687500000004950e+00	 0.000000000000000e+00	-6.185753929980702e-05	 0.000000000000000e+00
1	 1.683160504159248e+00	 1.209419995544410e-01	-6.133299693412484e-05	 6.632729648278646e-06
1	 1.669685822694531e+00	 2.445516377231273e-01	-6.004506433801552e-05	 1.355957431253834e-05
1	 1.646466553349255e+00	 3.698704350508428e-01	-5.793025043383462e-05	 2.083166546823461e-05
1	 1.613019227815975e+00	 4.958076448785066e-01	-5.498015010499171e-05	 2.849249444989203e-05
1	 1.569017758055240e+00	 6.211598223741471e-01	-5.128752151145564e-05	 3.655286736622944e-05
1	 1.514321409380847e+00	 7.446387843210681e-01	-4.694337463445056e-05	 4.508592387762504e-05
1	 1.448996781178560e+00	 8.649072656406380e-01	-4.200465683350301e-05	 5.416476372904937e-05
1	 1.373331435848590e+00	 9.806207306259779e-01	-3.671092782432961e-05	 6.365722248299107e-05
1	 1.287837294339191e+00	 1.090472995233021e+00	-3.137983903131131e-05	 7.339428223917036e-05
1	 1.193242693257228e+00	 1.193242693257228e+00	-2.624348451653378e-05	 8.319072501865070e-05
1	 1.090472995233021e+00	 1.287837294339192e+00	-2.142142038441489e-05	 9.275618051366446e-05
1	 9.806207306259779e-01	 1.373331435848590e+00	-1.700334650807570e-05	 1.020920078920426e-04
1	 8.649072656406376e-01	 1.448996781178559e+00	-1.303916325589655e-05	 1.110351327816573e-04
1	 7.446387843210674e-01	 1.514321409380847e+00	-9.641212643944458e-06	 1.191569600361647e-04
1	 6.211598223741465e-01	 1.569017758055240e+00	-6.904084126005501e-06	 1.261120332304921e-04
1	 4.958076448785059e-01	 1.613019227815975e+00	-4.776564953990416e-06	 1.318577967134416e-04
1	 3.698704350508419e-01	 1.646466553349255e+00	-3.163699902055718e-06	 1.363184021870454e-04
1	 2.445516377231264e-01	 1.669685822694531e+00	-1.947130907104894e-06	 1.394395634711741e-04
1	 1.209419995544401e-01	 1.683160504159248e+00	-9.443735472581607e-07	 1.413291633846618e-04
1	 0.000000000000000e+00	 1.687500000004950e+00	 0.000000000000000e+00	 1.421774413004963e-04
1	 1.750000000009600e+00	 0.000000000000000e+00	-6.264663016446583e-05	 0.000000000000000e+00
1	 1.745499782095461e+00	 1.254213328714189e-01	-6.218347280186431e-05	 6.701449300962293e-06
1	 1.731526038354050e+00	 2.536091057871551e-01	-6.087265459546390e-05	 1.368310217868218e-05
1	 1.707446796069710e+00	 3.835693400529285e-01	-5.870020741605002e-05	 2.101721071132568e-05
1	 1.672760680701413e+00	 5.141708909852689e-01	-5.569205480203431e-05	 2.874694976660600e-05
1	 1.627129526874943e+00	 6.441657417214142e-01	-5.195266235720916e-05	 3.687288387489458e-05
1	 1.570407387508340e+00	 7.722179985551882e-01	-4.757004442915008e-05	 4.547645205875628e-05
1	 1.502663328631323e+00	 8.969408680717413e-01	-4.262431023555106e-05	 5.459727802735981e-05
1	 1.424195563103408e+00	 1.016940016945450e+00	-3.731955383830084e-05	 6.412447077800810e-05
1	 1.335534971908006e+00	 1.130860883945458e+00	-3.194970675038909e-05	 7.398563642160809e-05
1	 1.237436867081903e+00	 1.237436867081903e+00	-2.675193712009408e-05	 8.393324400257922e-05
1	 1.130860883945458e+00	 1.335534971908006e+00	-2.184605102097725e-05	 9.356112555656431e-05
1	 1.016940016945450e+00	 1.424195563103408e+00	-1.735713708052091e-05	 1.029274191505726e-04
1	 8.969408680717410e-01	 1.502663328631323e+00	-1.335482522199139e-05	 1.118974930123738e-04
1	 7.722179985551878e-01	 1.570407387508340e+00	-9.930935865415203e-06	 1.200308572448553e-04
1	 6.441657417214138e-01	 1.627129526874943e+00	-7.166762382171068e-06	 1.270338697080782e-04
1	 5.141708909852681e-01	 1.672760680701413e+00	-5.013353128640258e-06	 1.328454378162851e-04
1	 3.835693400529278e-01	 1.707446796069711e+00	-3.349541327558218e-06	 1.373990214251003e-04
1	 2.536091057871542e-01	 1.731526038354050e+00	-2.052122384643699e-06	 1.406251429506691e-04
1	 1.254213328714180e-01	 1.745499782095461e+00	-9.739334519619781e-07	 1.425715455702311e-04
1	 0.000000000000000e+00	 1.750000000009600e+00	 0.000000000000000e+00	 1.433407909837618e-04
1	 1.812500000013650e+00	 0.000000000000000e+00	-6.342477961617191e-05	 0.000000000000000e+00
1	 1.807839060031074e+00	 1.299006661885328e-01	-6.303310045828258e-05	 6.794624854608312e-06
1	 1.793366254012970e+00	 2.626665738514035e-01	-6.171306361063402e-05	 1.385191253091842e-05
1	 1.768427038789573e+00	 3.972682450552714e-01	-5.949586694176265e-05	 2.126501028826560e-05
1	 1.732502133586270e+00	 5.325341370922814e-01	-5.643742632013252e-05	 2.907864979639895e-05
1	 1.685241295694083e+00	 6.671716610688884e-01	-5.264775408962412e-05	 3.728826783467567e-05
1	 1.626493365635300e+00	 7.997972127894413e-01	-4.821432556630644e-05	 4.598306197176202e-05
1	 1.556329876083594e+00	 9.289744705028823e-01	-4.324426646076015e-05	 5.515073068676953e-05
1	 1.475059690357787e+00	 1.053259303264852e+00	-3.794098296013939e-05	 6.471304542314063e-05
1	 1.383232649476451e+00	 1.171248772657716e+00	-3.254537205487693e-05	 7.471129072404931e-05
1	 1.281631040906295e+00	 1.281631040906295e+00	-2.728839630741436e-05	 8.479271912840054e-05
1	 1.171248772657716e+00	 1.383232649476451e+00	-2.230817216766086e-05	 9.448005211996338e-05
1	 1.053259303264852e+00	 1.475059690357787e+00	-1.775317544191410e-05	 1.038484690461785e-04
1	 9.289744705028818e-01	 1.556329876083594e+00	-1.371944485291547e-05	 1.128307853775785e-04
1	 7.997972127894408e-01	 1.626493365635300e+00	-1.026594912435194e-05	 1.210132046344558e-04
1	 6.671716610688878e-01	 1.685241295694083e+00	-7.467300806423939e-06	 1.280882067542620e-04
1	 5.325341370922806e-01	 1.732502133586270e+00	-5.280146742785471e-06	 1.339806986821226e-04
1	 3.972682450552705e-01	 1.768427038789573e+00	-3.557825801054388e-06	 1.386273802098442e-04
1	 2.626665738514025e-01	 1.793366254012970e+00	-2.170810747186168e-06	 1.419478128776900e-04
1	 1.299006661885317e-01	 1.807839060031074e+00	-1.009467926571850e-06	 1.439307518945552e-04
1	 0.000000000000000e+00	 1.812500000013650e+00	 0.000000000000000e+00	 1.445949480196999e-04
1	 1.875000000016800e+00	 0.000000000000000e+00	-6.414111846358933e-05	 0.000000000000000e+00
1	 1.870178337965787e+00	 1.343799995058505e-01	-6.380715719527449e-05	 6.904316452925239e-06
1	 1.855206469670993e+00	 2.717240419159823e-01	-6.249526319144061e-05	 1.405547025451863e-05
1	 1.829407281508548e+00	 4.109671500579996e-01	-6.026282625277823e-05	 2.156360606112914e-05
1	 1.792243586470256e+00	 5.508973831996695e-01	-5.717952298507239e-05	 2.947625229118498e-05
1	 1.743353064512380e+00	 6.901775804166721e-01	-5.335330729450324e-05	 3.778996924556903e-05
1	 1.682579343761458e+00	 8.273764270238932e-01	-4.887359840385508e-05	 4.659460648728490e-05
1	 1.609996423535125e+00	 9.610080729340786e-01	-4.387114176568998e-05	 5.581343049291813e-05
1	 1.525923817611508e+00	 1.089578589584148e+00	-3.855841595105559e-05	 6.541352548484909e-05
1	 1.430930327044343e+00	 1.211636661369703e+00	-3.315467964283127e-05	 7.553587058681428e-05
1	 1.325825214730263e+00	 1.325825214730263e+00	-2.784658258611239e-05	 8.573340984192662e-05
1	 1.211636661369702e+00	 1.430930327044343e+00	-2.280499581643570e-05	 9.546817866253227e-05
1	 1.089578589584148e+00	 1.525923817611508e+00	-1.819739895695720e-05	 1.048135165322082e-04
1	 9.610080729340782e-01	 1.609996423535125e+00	-1.412713665386389e-05	 1.138384781275184e-04
1	 8.273764270238928e-01	 1.682579343761459e+00	-1.063975345386902e-05	 1.220901674441990e-04
1	 6.901775804166714e-01	 1.743353064512380e+00	-7.799445683362677e-06	 1.292271466517967e-04
1	 5.508973831996686e-01	 1.792243586470257e+00	-5.568314285710804e-06	 1.351786610444050e-04
1	 4.109671500579987e-01	 1.829407281508548e+00	-3.779340742198219e-06	 1.398808700995781e-04
1	 2.717240419159813e-01	 1.855206469670994e+00	-2.300613567548133e-06	 1.432471786514969e-04
1	 1.343799995058494e-01	 1.870178337965787e+00	-1.055694515847988e-06	 1.452301310154921e-04
1	 0.000000000000000e+00	 1.875000000016800e+00	 0.000000000000000e+00	 1.457968766682813e-04
1	 1.937500000018751e+00	 0.000000000000000e+00	-6.478189359257529e-05	 0.000000000000000e+00
1	 1.932517615899301e+00	 1.388593328234399e-01	-6.447356658664738e-05	 7.024750818134274e-06
1	 1.917046685327822e+00	 2.807815099810022e-01	-6.317590291590996e-05	 1.428526584275979e-05
1	 1.890387524226338e+00	 4.246660550612419e-01	-6.095860558686225e-05	 2.190044281854745e-05
1	 1.851985039353081e+00	 5.692606293075584e-01	-5.788891670911702e-05	 2.992324729774909e-05
1	 1.801464833329552e+00	 7.131834997648688e-01	-5.405510747071601e-05	 3.836102078200152e-05
1	 1.738665321886552e+00	 8.549556412586111e-01	-4.954679700971281e-05	 4.729147910275614e-05
1	 1.663662970985670e+00	 9.930416753653504e-01	-4.451388517336947e-05	 5.656735376852894e-05
1	 1.576787944864351e+00	 1.125897875903303e+00	-3.918234320727756e-05	 6.620287981076178e-05
1	 1.478628004611495e+00	 1.252024550081328e+00	-3.377159433650278e-05	 7.642019969078449e-05
1	 1.370019388553666e+00	 1.370019388553665e+00	-2.842552883535973e-05	 8.672033288798496e-05
1	 1.252024550081328e+00	 1.478628004611496e+00	-2.333850987842638e-05	 9.647944629762579e-05
1	 1.125897875903304e+00	 1.576787944864351e+00	-1.868835665542094e-05	 1.058194740831261e-04
1	 9.930416753653499e-01	 1.663662970985670e+00	-1.457445846660592e-05	 1.149220093114990e-04
1	 8.549556412586105e-01	 1.738665321886551e+00	-1.104884043559486e-05	 1.232431862455428e-04
1	 7.131834997648681e-01	 1.801464833329552e+00	-8.159231195388108e-06	 1.304054745760831e-04
1	 5.692606293075574e-01	 1.851985039353080e+00	-5.869888880531052e-06	 1.363622065234890e-04
1	 4.246660550612408e-01	 1.890387524226338e+00	-4.003940399995296e-06	 1.410567080078555e-04
1	 2.807815099810011e-01	 1.917046685327822e+00	-2.438047590742430e-06	 1.444187250869027e-04
1	 1.388593328234388e-01	 1.932517615899301e+00	-1.115399348038224e-06	 1.463853593958369e-04
1	 0.000000000000000e+00	 1.937500000018751e+00	 0.000000000000000e+00	 1.468939653830932e-04
1	 2.000000000019201e+00	 0.000000000000000e+00	-6.538556354408334e-05	 0.000000000000000e+00
1	 1.994856893831316e+00	 1.433386661413691e-01	-6.507244522291079e-05	 7.152780104738100e-06
1	 1.978886900983156e+00	 2.898389780465728e-01	-6.378775375940672e-05	 1.453706543901240e-05
1	 1.951367766942649e+00	 4.383649600651265e-01	-6.159414684235865e-05	 2.226892022611597e-05
1	 1.911726492234453e+00	 5.876238754160730e-01	-5.855287176008261e-05	 3.040252709145208e-05
1	 1.859576602145321e+00	 7.361894191135818e-01	-5.474278209647862e-05	 3.897640831378358e-05
1	 1.794751300010311e+00	 8.825348554936605e-01	-5.023357707985313e-05	 4.804828664686111e-05
1	 1.717329518434983e+00	 1.025075277796716e+00	-4.518081859950251e-05	 5.739324117319839e-05
1	 1.627652072116098e+00	 1.162217162222284e+00	-3.982861925291518e-05	 6.705396221897425e-05
1	 1.526325682177726e+00	 1.292412438792503e+00	-3.439716065902135e-05	 7.732854249107600e-05
1	 1.414213562376361e+00	 1.414213562376361e+00	-2.902825363807062e-05	 8.772359907676983e-05
1	 1.292412438792503e+00	 1.526325682177726e+00	-2.391323323812567e-05	 9.747805413131182e-05
1	 1.162217162222284e+00	 1.627652072116098e+00	-1.922345331867579e-05	 1.068717096326391e-04
1	 1.025075277796715e+00	 1.717329518434984e+00	-1.506090002077989e-05	 1.160799744045843e-04
1	 8.825348554936602e-01	 1.794751300010312e+00	-1.149249635111468e-05	 1.244496220333625e-04
1	 7.361894191135813e-01	 1.859576602145321e+00	-8.545234005739364e-06	 1.315782078884841e-04
1	 5.876238754160723e-01	 1.911726492234453e+00	-6.181513996177597e-06	 1.374866632633062e-04
1	 4.383649600651255e-01	 1.951367766942649e+00	-4.232999236125099e-06	 1.421659637907375e-04
1	 2.898389780465718e-01	 1.978886900983156e+00	-2.585659048222186e-06	 1.455182662601196e-04
1	 1.433386661413679e-01	 1.994856893831316e+00	-1.189099859907163e-06	 1.474686235253766e-04
1	 0.000000000000000e+00	 2.000000000019201e+00	 0.000000000000000e+00	 1.479608052548959e-04
1	 2.062500000017850e+00	 0.000000000000000e+00	-6.599450920465613e-05	 0.000000000000000e+00
1	 2.057196171761531e+00	 1.478179994597060e-01	-6.565382560537639e-05	 7.286928707169116e-06
1	 2.040727116636698e+00	 2.988964461128049e-01	-6.438129313266292e-05	 1.480903121172584e-05
1	 2.012348009657182e+00	 4.520638650697820e-01	-6.221541547066179e-05	 2.266897597273759e-05
1	 1.971467945114082e+00	 6.059871215253386e-01	-5.920359892766736e-05	 3.091507251574365e-05
1	 1.917688370959403e+00	 7.591953384629145e-01	-5.541948157846631e-05	 3.961585555329026e-05
1	 1.850837278132471e+00	 9.101140697291086e-01	-5.093361148633955e-05	 4.883732192933215e-05
1	 1.770996065882818e+00	 1.057108880228193e+00	-4.587901823400937e-05	 5.827655081480058e-05
1	 1.678516199366529e+00	 1.198536448541054e+00	-4.050886896684667e-05	 6.795370514196807e-05
1	 1.574023359742848e+00	 1.332800327503137e+00	-3.504518264584069e-05	 7.825577963503219e-05
1	 1.458407736198207e+00	 1.458407736198207e+00	-2.966039399094963e-05	 8.872684593010178e-05
1	 1.332800327503137e+00	 1.574023359742848e+00	-2.453043036097264e-05	 9.848155204745807e-05
1	 1.198536448541053e+00	 1.678516199366529e+00	-1.980222136525788e-05	 1.079830541620166e-04
1	 1.057108880228193e+00	 1.770996065882819e+00	-1.558841803208598e-05	 1.173129403158725e-04
1	 9.101140697291082e-01	 1.850837278132471e+00	-1.197252267193488e-05	 1.256846331949983e-04
1	 7.591953384629140e-01	 1.917688370959403e+00	-8.960886062772754e-06	 1.327335177934669e-04
1	 6.059871215253377e-01	 1.971467945114082e+00	-6.513532476065422e-06	 1.386170006420157e-04
1	 4.520638650697811e-01	 2.012348009657182e+00	-4.477087174828584e-06	 1.432960750557384e-04
1	 2.988964461128037e-01	 2.040727116636697e+00	-2.748501816415810e-06	 1.466365997353266e-04
1	 1.478179994597048e-01	 2.057196171761531e+00	-1.277323246665534e-06	 1.485708578659415e-04
1	 0.000000000000000e+00	 2.062500000017850e+00	 0.000000000000000e+00	 1.490815433546694e-04
1	 2.125000000014400e+00	 0.000000000000000e+00	-6.665111146086740e-05	 0.000000000000000e+00
1	 2.119535449689647e+00	 1.522973327785185e-01	-6.627060725421715e-05	 7.427222720389108e-06
1	 2.102567332288146e+00	 3.079539141798083e-01	-6.500887211590799e-05	 1.510104916825337e-05
1	 2.073328252369644e+00	 4.657627700753371e-01	-6.286889075413418e-05	 2.310297443636558e-05
1	 2.031209397991679e+00	 6.243503676354805e-01	-5.988193328686861e-05	 3.147017803845752e-05
1	 1.975800139771519e+00	 7.822012578129699e-01	-5.611717620850407e-05	 4.029095041699659e-05
1	 1.906923256252764e+00	 9.376932839650215e-01	-5.165108844691029e-05	 4.964331525796682e-05
1	 1.824662613328928e+00	 1.089142482659802e+00	-4.661387103855568e-05	 5.921451005096278e-05
1	 1.729380326615423e+00	 1.234855734859577e+00	-4.123224004486281e-05	 6.892036924904324e-05
1	 1.621721037306679e+00	 1.373188216213139e+00	-3.573069292689251e-05	 7.923747748231829e-05
1	 1.502601910019064e+00	 1.502601910019065e+00	-3.032886973666810e-05	 8.974131147214728e-05
1	 1.373188216213139e+00	 1.621721037306679e+00	-2.519213372036137e-05	 9.954888758565744e-05
1	 1.234855734859577e+00	 1.729380326615423e+00	-2.042698134264610e-05	 1.091907013356953e-04
1	 1.089142482659802e+00	 1.824662613328929e+00	-1.616085638881469e-05	 1.186299508306796e-04
1	 9.376932839650208e-01	 1.906923256252764e+00	-1.249369430435314e-05	 1.269449521372827e-04
1	 7.822012578129692e-01	 1.975800139771518e+00	-9.416565924288674e-06	 1.339513459093578e-04
1	 6.243503676354796e-01	 2.031209397991679e+00	-6.878806875887739e-06	 1.398436352839869e-04
1	 4.657627700753360e-01	 2.073328252369644e+00	-4.747425381074291e-06	 1.445354566646407e-04
1	 3.079539141798071e-01	 2.102567332288146e+00	-2.932805941099443e-06	 1.478658732088362e-04
1	 1.522973327785173e-01	 2.119535449689648e+00	-1.380887078514258e-06	 1.497863189184742e-04
1	 0.000000000000000e+00	 2.125000000014400e+00	 0.000000000000000e+00	 1.503403267534546e-04
1	 2.187500000008551e+00	 0.000000000000000e+00	-6.739775119931978e-05	 0.000000000000000e+00
1	 2.181874727615364e+00	 1.567766660978746e-01	-6.697836300447474e-05	 7.575122927587719e-06
1	 2.164407547937204e+00	 3.170113822476933e-01	-6.572426294488793e-05	 1.541463922157660e-05
1	 2.134308495079737e+00	 4.794616750819199e-01	-6.360035988723389e-05	 2.357572756188204e-05
1	 2.090950850866951e+00	 6.427136137466236e-01	-6.062576965207043e-05	 3.208155184130491e-05
1	 2.033911908581385e+00	 8.052071771638516e-01	-5.686805342292429e-05	 4.102688019464601e-05
1	 1.963009234370924e+00	 9.652724982014652e-01	-5.240915627040607e-05	 5.050377031527649e-05
1	 1.878329160773066e+00	 1.121176085091560e+00	-4.738923564010770e-05	 6.022527877679823e-05
1	 1.780244453862564e+00	 1.271175021177819e+00	-4.200594959267244e-05	 7.000818207133633e-05
1	 1.669418714869033e+00	 1.413576104922419e+00	-3.646659290418136e-05	 8.034926702473811e-05
1	 1.546796083838790e+00	 1.546796083838790e+00	-3.104252770391708e-05	 9.085657250302644e-05
1	 1.413576104922419e+00	 1.669418714869033e+00	-2.590263923130662e-05	 1.007730043294595e-04
1	 1.271175021177819e+00	 1.780244453862564e+00	-2.110219964877964e-05	 1.105623658898337e-04
1	 1.121176085091560e+00	 1.878329160773067e+00	-1.678335865423608e-05	 1.200585476196316e-04
1	 9.652724982014645e-01	 1.963009234370924e+00	-1.306571339075707e-05	 1.283179781107867e-04
1	 8.052071771638507e-01	 2.033911908581386e+00	-9.922845026315420e-06	 1.353258811403681e-04
1	 6.427136137466227e-01	 2.090950850866951e+00	-7.289130927863306e-06	 1.412552343688580e-04
1	 4.794616750819189e-01	 2.134308495079738e+00	-5.055309606122243e-06	 1.459716665374577e-04
1	 3.170113822476920e-01	 2.164407547937204e+00	-3.145920884235004e-06	 1.492990553985821e-04
1	 1.567766660978734e-01	 2.181874727615365e+00	-1.500954072300826e-06	 1.512122953718190e-04
1	 0.000000000000000e+00	 2.187500000008551e+00	 0.000000000000000e+00	 1.518213025223355e-04
1	 2.250000000000000e+00	 0.000000000000000e+00	-6.827785729508831e-05	 0.000000000000000e+00
1	 2.244214005538383e+00	 1.612559994178423e-01	-6.783520046776126e-05	 7.733299084199220e-06
1	 2.226247763583573e+00	 3.260688503165700e-01	-6.658224685036993e-05	 1.575288535251687e-05
1	 2.195288737787165e+00	 4.931605800896591e-01	-6.445447218686215e-05	 2.409464972145122e-05
1	 2.150692303739610e+00	 6.610768598588932e-01	-6.146963745084987e-05	 3.276790111161524e-05
1	 2.092023677388724e+00	 8.282130965156621e-01	-5.769913256754436e-05	 4.185943111897708e-05
1	 2.019095212486683e+00	 9.928517124385059e-01	-5.323126539719555e-05	 5.148141140028655e-05
1	 1.931995708214986e+00	 1.153209687523487e+00	-4.821620421661290e-05	 6.137808555314718e-05
1	 1.831108581107729e+00	 1.307494307495745e+00	-4.283586423600971e-05	 7.130738124274281e-05
1	 1.717116392429725e+00	 1.453963993630887e+00	-3.726439219399362e-05	 8.170379771964095e-05
1	 1.590990257657242e+00	 1.590990257657242e+00	-3.181299096946592e-05	 9.223457867231525e-05
1	 1.453963993630887e+00	 1.717116392429725e+00	-2.666861567462437e-05	 1.022788237692057e-04
1	 1.307494307495745e+00	 1.831108581107729e+00	-2.183425434637671e-05	 1.121975025317415e-04
1	 1.153209687523486e+00	 1.931995708214986e+00	-1.746434897600923e-05	 1.216921216210880e-04
1	 9.928517124385056e-01	 2.019095212486684e+00	-1.370020800587563e-05	 1.299160384216500e-04
1	 8.282130965156616e-01	 2.092023677388724e+00	-1.049000378447736e-05	 1.369510770155227e-04
1	 6.610768598588923e-01	 2.150692303739610e+00	-7.755139848750584e-06	 1.429388076520009e-04
1	 4.931605800896580e-01	 2.195288737787166e+00	-5.411769167690837e-06	 1.476912234946691e-04
1	 3.260688503165688e-01	 2.226247763583572e+00	-3.396222866388099e-06	 1.510294846536096e-04
1	 1.612559994178409e-01	 2.244214005538383e+00	-1.639095926201381e-06	 1.529485832473332e-04
1	 0.000000000000000e+00	 2.250000000000000e+00	 0.000000000000000e+00	 1.536093015062328e-04
