206000.000	0.300000

40

320

2	2
2	2
2	2
2	2
2	2
2	2
2	2
2	2
2	2
2	2
2	2
2	2
2	2
2	2
2	2
2	2
2	2
2	2
2	2
2	2
2	2
2	2
2	2
2	2
2	2
2	2
2	2
2	2
2	2
2	2
2	2
2	2
2	2
2	2
2	2
2	2
2	2
2	2
2	2
2	2

7	6
7	6
7	6
7	6
7	6
7	6
7	7
6	7
6	7
7	7
7	6
7	6
7	6
7	6
7	6
7	6
7	7
6	7
6	7
7	7
7	6
7	6
7	6
7	6
7	6
7	6
7	7
6	7
6	7
7	7
7	6
7	6
7	6
7	6
7	6
7	6
7	7
6	7
6	7
7	7

4	3
4	3
4	3
4	3
4	3
4	3
4	4
3	4
3	4
4	4
4	3
4	3
4	3
4	3
4	3
4	3
4	4
3	4
3	4
4	4
4	3
4	3
4	3
4	3
4	3
4	3
4	4
3	4
3	4
4	4
4	3
4	3
4	3
4	3
4	3
4	3
4	4
3	4
3	4
4	4

0	1	2	3	4	5	6	7	8	9	10	11	
8	9	10	11	12	13	14	15	16	17	18	19	
16	17	18	19	20	21	22	23	24	25	26	27	
24	25	26	27	28	29	30	31	32	33	34	35	
36	37	38	35	39	40	41	31	42	43	44	27	
3	45	46	47	7	48	49	50	11	51	52	53	
42	43	44	27	54	55	56	57	58	59	60	61	62	63	64	65	
27	23	19	57	66	67	61	68	69	65	70	71	
19	15	11	67	72	73	69	74	75	71	76	77	
11	51	52	53	73	78	79	80	75	81	82	83	77	84	85	86	
119	120	121	122	115	116	117	118	111	112	113	114	
111	112	113	114	107	108	109	110	103	104	105	106	
103	104	105	106	99	100	101	102	95	96	97	98	
95	96	97	98	91	92	93	94	87	88	89	90	
122	124	123	36	118	126	125	39	114	128	127	42	
131	130	129	90	134	133	132	94	137	136	135	98	
114	128	127	42	140	139	138	54	143	142	141	58	146	145	144	62	
106	110	114	148	147	140	150	149	143	152	151	146	
98	102	106	154	153	148	156	155	150	158	157	152	
137	136	135	98	161	160	159	154	164	163	162	156	167	166	165	158	
87	88	89	90	168	169	170	171	172	173	174	175	
172	173	174	175	176	177	178	179	180	181	182	183	
180	181	182	183	184	185	186	187	188	189	190	191	
188	189	190	191	192	193	194	195	119	309	310	311	
312	313	314	311	196	197	198	195	199	200	201	191	
90	129	130	131	171	202	203	204	175	205	206	207	
199	200	201	191	208	209	210	211	212	213	214	215	216	217	218	219	
191	187	183	211	220	221	215	222	223	219	224	225	
183	179	175	221	226	227	223	228	229	225	230	231	
175	205	206	207	227	232	233	234	229	235	236	237	231	238	239	240	
32	315	316	317	265	266	267	268	261	262	263	264	
261	262	263	264	257	258	259	260	253	254	255	256	
253	254	255	256	249	250	251	252	245	246	247	248	
245	246	247	248	241	242	243	244	0	1	2	3	
317	319	318	312	268	270	269	196	264	272	271	199	
47	46	45	3	275	274	273	244	278	277	276	248	
264	272	271	199	281	280	279	208	284	283	282	212	287	286	285	216	
256	260	264	289	288	281	291	290	284	293	292	287	
248	252	256	295	294	289	297	296	291	299	298	293	
278	277	276	248	302	301	300	295	305	304	303	297	308	307	306	299	

120	0	0

0.00000	0.00000	0.00000	0.50000	1.00000	1.00000	1.00000	
0.00000	0.00000	0.00000	1.00000	1.00000	1.00000	
0.00000	0.00000	0.00000	0.50000	1.00000	1.00000	1.00000	
0.00000	0.00000	0.00000	1.00000	1.00000	1.00000	
0.00000	0.00000	0.00000	0.50000	1.00000	1.00000	1.00000	
0.00000	0.00000	0.00000	1.00000	1.00000	1.00000	
0.00000	0.00000	0.00000	0.50000	1.00000	1.00000	1.00000	
0.00000	0.00000	0.00000	1.00000	1.00000	1.00000	
0.00000	0.00000	0.00000	0.50000	1.00000	1.00000	1.00000	
0.00000	0.00000	0.00000	1.00000	1.00000	1.00000	
0.00000	0.00000	0.00000	0.50000	1.00000	1.00000	1.00000	
0.00000	0.00000	0.00000	1.00000	1.00000	1.00000	
0.00000	0.00000	0.00000	0.50000	1.00000	1.00000	1.00000	
0.00000	0.00000	0.00000	0.50000	1.00000	1.00000	1.00000	
0.00000	0.00000	0.00000	1.00000	1.00000	1.00000	
0.00000	0.00000	0.00000	0.50000	1.00000	1.00000	1.00000	
0.00000	0.00000	0.00000	1.00000	1.00000	1.00000	
0.00000	0.00000	0.00000	0.50000	1.00000	1.00000	1.00000	
0.00000	0.00000	0.00000	0.50000	1.00000	1.00000	1.00000	
0.00000	0.00000	0.00000	0.50000	1.00000	1.00000	1.00000	
0.00000	0.00000	0.00000	0.50000	1.00000	1.00000	1.00000	
0.00000	0.00000	0.00000	1.00000	1.00000	1.00000	
0.00000	0.00000	0.00000	0.50000	1.00000	1.00000	1.00000	
0.00000	0.00000	0.00000	1.00000	1.00000	1.00000	
0.00000	0.00000	0.00000	0.50000	1.00000	1.00000	1.00000	
0.00000	0.00000	0.00000	1.00000	1.00000	1.00000	
0.00000	0.00000	0.00000	0.50000	1.00000	1.00000	1.00000	
0.00000	0.00000	0.00000	1.00000	1.00000	1.00000	
0.00000	0.00000	0.00000	0.50000	1.00000	1.00000	1.00000	
0.00000	0.00000	0.00000	1.00000	1.00000	1.00000	
0.00000	0.00000	0.00000	0.50000	1.00000	1.00000	1.00000	
0.00000	0.00000	0.00000	1.00000	1.00000	1.00000	
0.00000	0.00000	0.00000	0.50000	1.00000	1.00000	1.00000	
0.00000	0.00000	0.00000	0.50000	1.00000	1.00000	1.00000	
0.00000	0.00000	0.00000	1.00000	1.00000	1.00000	
0.00000	0.00000	0.00000	0.50000	1.00000	1.00000	1.00000	
0.00000	0.00000	0.00000	1.00000	1.00000	1.00000	
0.00000	0.00000	0.00000	0.50000	1.00000	1.00000	1.00000	
0.00000	0.00000	0.00000	0.50000	1.00000	1.00000	1.00000	
0.00000	0.00000	0.00000	0.50000	1.00000	1.00000	1.00000	
0.00000	0.00000	0.00000	0.50000	1.00000	1.00000	1.00000	
0.00000	0.00000	0.00000	1.00000	1.00000	1.00000	
0.00000	0.00000	0.00000	0.50000	1.00000	1.00000	1.00000	
0.00000	0.00000	0.00000	1.00000	1.00000	1.00000	
0.00000	0.00000	0.00000	0.50000	1.00000	1.00000	1.00000	
0.00000	0.00000	0.00000	1.00000	1.00000	1.00000	
0.00000	0.00000	0.00000	0.50000	1.00000	1.00000	1.00000	
0.00000	0.00000	0.00000	1.00000	1.00000	1.00000	
0.00000	0.00000	0.00000	0.50000	1.00000	1.00000	1.00000	
0.00000	0.00000	0.00000	1.00000	1.00000	1.00000	
0.00000	0.00000	0.00000	0.50000	1.00000	1.00000	1.00000	
0.00000	0.00000	0.00000	1.00000	1.00000	1.00000	
0.00000	0.00000	0.00000	0.50000	1.00000	1.00000	1.00000	
0.00000	0.00000	0.00000	0.50000	1.00000	1.00000	1.00000	
0.00000	0.00000	0.00000	1.00000	1.00000	1.00000	
0.00000	0.00000	0.00000	0.50000	1.00000	1.00000	1.00000	
0.00000	0.00000	0.00000	1.00000	1.00000	1.00000	
0.00000	0.00000	0.00000	0.50000	1.00000	1.00000	1.00000	
0.00000	0.00000	0.00000	0.50000	1.00000	1.00000	1.00000	
0.00000	0.00000	0.00000	0.50000	1.00000	1.00000	1.00000	
0.00000	0.00000	0.00000	0.50000	1.00000	1.00000	1.00000	
0.00000	0.00000	0.00000	1.00000	1.00000	1.00000	
0.00000	0.00000	0.00000	0.50000	1.00000	1.00000	1.00000	
0.00000	0.00000	0.00000	1.00000	1.00000	1.00000	
0.00000	0.00000	0.00000	0.50000	1.00000	1.00000	1.00000	
0.00000	0.00000	0.00000	1.00000	1.00000	1.00000	
0.00000	0.00000	0.00000	0.50000	1.00000	1.00000	1.00000	
0.00000	0.00000	0.00000	1.00000	1.00000	1.00000	
0.00000	0.00000	0.00000	0.50000	1.00000	1.00000	1.00000	
0.00000	0.00000	0.00000	1.00000	1.00000	1.00000	
0.00000	0.00000	0.00000	0.50000	1.00000	1.00000	1.00000	
0.00000	0.00000	0.00000	1.00000	1.00000	1.00000	
0.00000	0.00000	0.00000	0.50000	1.00000	1.00000	1.00000	
0.00000	0.00000	0.00000	0.50000	1.00000	1.00000	1.00000	
0.00000	0.00000	0.00000	1.00000	1.00000	1.00000	
0.00000	0.00000	0.00000	0.50000	1.00000	1.00000	1.00000	
0.00000	0.00000	0.00000	1.00000	1.00000	1.00000	
0.00000	0.00000	0.00000	0.50000	1.00000	1.00000	1.00000	
0.00000	0.00000	0.00000	0.50000	1.00000	1.00000	1.00000	
0.00000	0.00000	0.00000	0.50000	1.00000	1.00000	1.00000	

0	25.0000000000	0.0000000000	1.0000000000	
1	25.0000000000	0.0000000000	1.0000000000	
2	27.5000000000	0.0000000000	1.0000000000	
3	30.0000000000	0.0000000000	1.0000000000	
4	25.0000000000	0.0000000000	1.0000000000	
5	25.0000000000	0.0000000000	1.0000000000	
6	27.5000000000	1.2500000000	1.0000000000	
7	30.0000000000	2.5000000000	1.0000000000	
8	25.0000000000	0.0000000000	1.0000000000	
9	25.0000000000	0.0000000000	1.0000000000	
10	27.5000000000	2.5000000000	1.0000000000	
11	30.0000000000	5.0000000000	1.0000000000	
12	25.0000000000	0.0000000000	1.0000000000	
13	25.0000000000	0.0000000000	1.0000000000	
14	26.2500000000	2.5000000000	1.0000000000	
15	27.5000000000	5.0000000000	1.0000000000	
16	25.0000000000	0.0000000000	1.0000000000	
17	25.0000000000	0.0000000000	1.0000000000	
18	25.0000000000	2.5000000000	1.0000000000	
19	25.0000000000	5.0000000000	1.0000000000	
20	25.0000000000	0.0000000000	1.0000000000	
21	25.0000000000	0.0000000000	1.0000000000	
22	23.7500000000	2.5000000000	1.0000000000	
23	22.5000000000	5.0000000000	1.0000000000	
24	25.0000000000	0.0000000000	1.0000000000	
25	25.0000000000	0.0000000000	1.0000000000	
26	22.5000000000	2.5000000000	1.0000000000	
27	20.0000000000	5.0000000000	1.0000000000	
28	25.0000000000	0.0000000000	1.0000000000	
29	25.0000000000	0.0000000000	1.0000000000	
30	22.5000000000	1.2500000000	1.0000000000	
31	20.0000000000	2.5000000000	1.0000000000	
32	25.0000000000	0.0000000000	1.0000000000	
33	25.0000000000	0.0000000000	1.0000000000	
34	22.5000000000	0.0000000000	1.0000000000	
35	20.0000000000	0.0000000000	1.0000000000	
36	0.0000000000	0.0000000000	1.0000000000	
37	5.0000000000	0.0000000000	1.0000000000	
38	15.0000000000	0.0000000000	1.0000000000	
39	0.0000000000	2.5000000000	1.0000000000	
40	5.0000000000	2.5000000000	1.0000000000	
41	15.0000000000	2.5000000000	1.0000000000	
42	0.0000000000	5.0000000000	1.0000000000	
43	5.0000000000	5.0000000000	1.0000000000	
44	15.0000000000	5.0000000000	1.0000000000	
45	35.0000000000	0.0000000000	1.0000000000	
46	45.0000000000	0.0000000000	1.0000000000	
47	50.0000000000	0.0000000000	1.0000000000	
48	35.0000000000	2.5000000000	1.0000000000	
49	45.0000000000	2.5000000000	1.0000000000	
50	50.0000000000	2.5000000000	1.0000000000	
51	35.0000000000	5.0000000000	1.0000000000	
52	45.0000000000	5.0000000000	1.0000000000	
53	50.0000000000	5.0000000000	1.0000000000	
54	0.0000000000	16.2500000000	1.0000000000	
55	5.0000000000	16.2500000000	1.0000000000	
56	15.0000000000	16.2500000000	1.0000000000	
57	20.0000000000	16.2500000000	1.0000000000	
58	0.0000000000	38.7500000000	1.0000000000	
59	5.0000000000	38.7500000000	1.0000000000	
60	15.0000000000	38.7500000000	1.0000000000	
61	20.0000000000	38.7500000000	1.0000000000	
62	0.0000000000	50.0000000000	1.0000000000	
63	5.0000000000	50.0000000000	1.0000000000	
64	15.0000000000	50.0000000000	1.0000000000	
65	20.0000000000	50.0000000000	1.0000000000	
66	22.5000000000	16.2500000000	1.0000000000	
67	25.0000000000	16.2500000000	1.0000000000	
68	22.5000000000	38.7500000000	1.0000000000	
69	25.0000000000	38.7500000000	1.0000000000	
70	22.5000000000	50.0000000000	1.0000000000	
71	25.0000000000	50.0000000000	1.0000000000	
72	27.5000000000	16.2500000000	1.0000000000	
73	30.0000000000	16.2500000000	1.0000000000	
74	27.5000000000	38.7500000000	1.0000000000	
75	30.0000000000	38.7500000000	1.0000000000	
76	27.5000000000	50.0000000000	1.0000000000	
77	30.0000000000	50.0000000000	1.0000000000	
78	35.0000000000	16.2500000000	1.0000000000	
79	45.0000000000	16.2500000000	1.0000000000	
80	50.0000000000	16.2500000000	1.0000000000	
81	35.0000000000	38.7500000000	1.0000000000	
82	45.0000000000	38.7500000000	1.0000000000	
83	50.0000000000	38.7500000000	1.0000000000	
84	35.0000000000	50.0000000000	1.0000000000	
85	45.0000000000	50.0000000000	1.0000000000	
86	50.0000000000	50.0000000000	1.0000000000	
87	-25.0000000000	0.0000000000	1.0000000000	
88	-25.0000000000	0.0000000000	1.0000000000	
89	-27.5000000000	0.0000000000	1.0000000000	
90	-30.0000000000	0.0000000000	1.0000000000	
91	-25.0000000000	0.0000000000	1.0000000000	
92	-25.0000000000	0.0000000000	1.0000000000	
93	-27.5000000000	1.2500000000	1.0000000000	
94	-30.0000000000	2.5000000000	1.0000000000	
95	-25.0000000000	0.0000000000	1.0000000000	
96	-25.0000000000	0.0000000000	1.0000000000	
97	-27.5000000000	2.5000000000	1.0000000000	
98	-30.0000000000	5.0000000000	1.0000000000	
99	-25.0000000000	0.0000000000	1.0000000000	
100	-25.0000000000	0.0000000000	1.0000000000	
101	-26.2500000000	2.5000000000	1.0000000000	
102	-27.5000000000	5.0000000000	1.0000000000	
103	-25.0000000000	0.0000000000	1.0000000000	
104	-25.0000000000	0.0000000000	1.0000000000	
105	-25.0000000000	2.5000000000	1.0000000000	
106	-25.0000000000	5.0000000000	1.0000000000	
107	-25.0000000000	0.0000000000	1.0000000000	
108	-25.0000000000	0.0000000000	1.0000000000	
109	-23.7500000000	2.5000000000	1.0000000000	
110	-22.5000000000	5.0000000000	1.0000000000	
111	-25.0000000000	0.0000000000	1.0000000000	
112	-25.0000000000	0.0000000000	1.0000000000	
113	-22.5000000000	2.5000000000	1.0000000000	
114	-20.0000000000	5.0000000000	1.0000000000	
115	-25.0000000000	0.0000000000	1.0000000000	
116	-25.0000000000	0.0000000000	1.0000000000	
117	-22.5000000000	1.2500000000	1.0000000000	
118	-20.0000000000	2.5000000000	1.0000000000	
119	-25.0000000000	0.0000000000	1.0000000000	
120	-25.0000000000	0.0000000000	1.0000000000	
121	-22.5000000000	0.0000000000	1.0000000000	
122	-20.0000000000	0.0000000000	1.0000000000	
123	-5.0000000000	0.0000000000	1.0000000000	
124	-15.0000000000	0.0000000000	1.0000000000	
125	-5.0000000000	2.5000000000	1.0000000000	
126	-15.0000000000	2.5000000000	1.0000000000	
127	-5.0000000000	5.0000000000	1.0000000000	
128	-15.0000000000	5.0000000000	1.0000000000	
129	-35.0000000000	0.0000000000	1.0000000000	
130	-45.0000000000	0.0000000000	1.0000000000	
131	-50.0000000000	0.0000000000	1.0000000000	
132	-35.0000000000	2.5000000000	1.0000000000	
133	-45.0000000000	2.5000000000	1.0000000000	
134	-50.0000000000	2.5000000000	1.0000000000	
135	-35.0000000000	5.0000000000	1.0000000000	
136	-45.0000000000	5.0000000000	1.0000000000	
137	-50.0000000000	5.0000000000	1.0000000000	
138	-5.0000000000	16.2500000000	1.0000000000	
139	-15.0000000000	16.2500000000	1.0000000000	
140	-20.0000000000	16.2500000000	1.0000000000	
141	-5.0000000000	38.7500000000	1.0000000000	
142	-15.0000000000	38.7500000000	1.0000000000	
143	-20.0000000000	38.7500000000	1.0000000000	
144	-5.0000000000	50.0000000000	1.0000000000	
145	-15.0000000000	50.0000000000	1.0000000000	
146	-20.0000000000	50.0000000000	1.0000000000	
147	-22.5000000000	16.2500000000	1.0000000000	
148	-25.0000000000	16.2500000000	1.0000000000	
149	-22.5000000000	38.7500000000	1.0000000000	
150	-25.0000000000	38.7500000000	1.0000000000	
151	-22.5000000000	50.0000000000	1.0000000000	
152	-25.0000000000	50.0000000000	1.0000000000	
153	-27.5000000000	16.2500000000	1.0000000000	
154	-30.0000000000	16.2500000000	1.0000000000	
155	-27.5000000000	38.7500000000	1.0000000000	
156	-30.0000000000	38.7500000000	1.0000000000	
157	-27.5000000000	50.0000000000	1.0000000000	
158	-30.0000000000	50.0000000000	1.0000000000	
159	-35.0000000000	16.2500000000	1.0000000000	
160	-45.0000000000	16.2500000000	1.0000000000	
161	-50.0000000000	16.2500000000	1.0000000000	
162	-35.0000000000	38.7500000000	1.0000000000	
163	-45.0000000000	38.7500000000	1.0000000000	
164	-50.0000000000	38.7500000000	1.0000000000	
165	-35.0000000000	50.0000000000	1.0000000000	
166	-45.0000000000	50.0000000000	1.0000000000	
167	-50.0000000000	50.0000000000	1.0000000000	
168	-25.0000000000	0.0000000000	1.0000000000	
169	-25.0000000000	0.0000000000	1.0000000000	
170	-27.5000000000	-1.2500000000	1.0000000000	
171	-30.0000000000	-2.5000000000	1.0000000000	
172	-25.0000000000	0.0000000000	1.0000000000	
173	-25.0000000000	0.0000000000	1.0000000000	
174	-27.5000000000	-2.5000000000	1.0000000000	
175	-30.0000000000	-5.0000000000	1.0000000000	
176	-25.0000000000	0.0000000000	1.0000000000	
177	-25.0000000000	0.0000000000	1.0000000000	
178	-26.2500000000	-2.5000000000	1.0000000000	
179	-27.5000000000	-5.0000000000	1.0000000000	
180	-25.0000000000	0.0000000000	1.0000000000	
181	-25.0000000000	0.0000000000	1.0000000000	
182	-25.0000000000	-2.5000000000	1.0000000000	
183	-25.0000000000	-5.0000000000	1.0000000000	
184	-25.0000000000	0.0000000000	1.0000000000	
185	-25.0000000000	0.0000000000	1.0000000000	
186	-23.7500000000	-2.5000000000	1.0000000000	
187	-22.5000000000	-5.0000000000	1.0000000000	
188	-25.0000000000	0.0000000000	1.0000000000	
189	-25.0000000000	0.0000000000	1.0000000000	
190	-22.5000000000	-2.5000000000	1.0000000000	
191	-20.0000000000	-5.0000000000	1.0000000000	
192	-25.0000000000	0.0000000000	1.0000000000	
193	-25.0000000000	0.0000000000	1.0000000000	
194	-22.5000000000	-1.2500000000	1.0000000000	
195	-20.0000000000	-2.5000000000	1.0000000000	
196	0.0000000000	-2.5000000000	1.0000000000	
197	-5.0000000000	-2.5000000000	1.0000000000	
198	-15.0000000000	-2.5000000000	1.0000000000	
199	0.0000000000	-5.0000000000	1.0000000000	
200	-5.0000000000	-5.0000000000	1.0000000000	
201	-15.0000000000	-5.0000000000	1.0000000000	
202	-35.0000000000	-2.5000000000	1.0000000000	
203	-45.0000000000	-2.5000000000	1.0000000000	
204	-50.0000000000	-2.5000000000	1.0000000000	
205	-35.0000000000	-5.0000000000	1.0000000000	
206	-45.0000000000	-5.0000000000	1.0000000000	
207	-50.0000000000	-5.0000000000	1.0000000000	
208	0.0000000000	-16.2500000000	1.0000000000	
209	-5.0000000000	-16.2500000000	1.0000000000	
210	-15.0000000000	-16.2500000000	1.0000000000	
211	-20.0000000000	-16.2500000000	1.0000000000	
212	0.0000000000	-38.7500000000	1.0000000000	
213	-5.0000000000	-38.7500000000	1.0000000000	
214	-15.0000000000	-38.7500000000	1.0000000000	
215	-20.0000000000	-38.7500000000	1.0000000000	
216	0.0000000000	-50.0000000000	1.0000000000	
217	-5.0000000000	-50.0000000000	1.0000000000	
218	-15.0000000000	-50.0000000000	1.0000000000	
219	-20.0000000000	-50.0000000000	1.0000000000	
220	-22.5000000000	-16.2500000000	1.0000000000	
221	-25.0000000000	-16.2500000000	1.0000000000	
222	-22.5000000000	-38.7500000000	1.0000000000	
223	-25.0000000000	-38.7500000000	1.0000000000	
224	-22.5000000000	-50.0000000000	1.0000000000	
225	-25.0000000000	-50.0000000000	1.0000000000	
226	-27.5000000000	-16.2500000000	1.0000000000	
227	-30.0000000000	-16.2500000000	1.0000000000	
228	-27.5000000000	-38.7500000000	1.0000000000	
229	-30.0000000000	-38.7500000000	1.0000000000	
230	-27.5000000000	-50.0000000000	1.0000000000	
231	-30.0000000000	-50.0000000000	1.0000000000	
232	-35.0000000000	-16.2500000000	1.0000000000	
233	-45.0000000000	-16.2500000000	1.0000000000	
234	-50.0000000000	-16.2500000000	1.0000000000	
235	-35.0000000000	-38.7500000000	1.0000000000	
236	-45.0000000000	-38.7500000000	1.0000000000	
237	-50.0000000000	-38.7500000000	1.0000000000	
238	-35.0000000000	-50.0000000000	1.0000000000	
239	-45.0000000000	-50.0000000000	1.0000000000	
240	-50.0000000000	-50.0000000000	1.0000000000	
241	25.0000000000	0.0000000000	1.0000000000	
242	25.0000000000	0.0000000000	1.0000000000	
243	27.5000000000	-1.2500000000	1.0000000000	
244	30.0000000000	-2.5000000000	1.0000000000	
245	25.0000000000	0.0000000000	1.0000000000	
246	25.0000000000	0.0000000000	1.0000000000	
247	27.5000000000	-2.5000000000	1.0000000000	
248	30.0000000000	-5.0000000000	1.0000000000	
249	25.0000000000	0.0000000000	1.0000000000	
250	25.0000000000	0.0000000000	1.0000000000	
251	26.2500000000	-2.5000000000	1.0000000000	
252	27.5000000000	-5.0000000000	1.0000000000	
253	25.0000000000	0.0000000000	1.0000000000	
254	25.0000000000	0.0000000000	1.0000000000	
255	25.0000000000	-2.5000000000	1.0000000000	
256	25.0000000000	-5.0000000000	1.0000000000	
257	25.0000000000	0.0000000000	1.0000000000	
258	25.0000000000	0.0000000000	1.0000000000	
259	23.7500000000	-2.5000000000	1.0000000000	
260	22.5000000000	-5.0000000000	1.0000000000	
261	25.0000000000	0.0000000000	1.0000000000	
262	25.0000000000	0.0000000000	1.0000000000	
263	22.5000000000	-2.5000000000	1.0000000000	
264	20.0000000000	-5.0000000000	1.0000000000	
265	25.0000000000	0.0000000000	1.0000000000	
266	25.0000000000	0.0000000000	1.0000000000	
267	22.5000000000	-1.2500000000	1.0000000000	
268	20.0000000000	-2.5000000000	1.0000000000	
269	5.0000000000	-2.5000000000	1.0000000000	
270	15.0000000000	-2.5000000000	1.0000000000	
271	5.0000000000	-5.0000000000	1.0000000000	
272	15.0000000000	-5.0000000000	1.0000000000	
273	35.0000000000	-2.5000000000	1.0000000000	
274	45.0000000000	-2.5000000000	1.0000000000	
275	50.0000000000	-2.5000000000	1.0000000000	
276	35.0000000000	-5.0000000000	1.0000000000	
277	45.0000000000	-5.0000000000	1.0000000000	
278	50.0000000000	-5.0000000000	1.0000000000	
279	5.0000000000	-16.2500000000	1.0000000000	
280	15.0000000000	-16.2500000000	1.0000000000	
281	20.0000000000	-16.2500000000	1.0000000000	
282	5.0000000000	-38.7500000000	1.0000000000	
283	15.0000000000	-38.7500000000	1.0000000000	
284	20.0000000000	-38.7500000000	1.0000000000	
285	5.0000000000	-50.0000000000	1.0000000000	
286	15.0000000000	-50.0000000000	1.0000000000	
287	20.0000000000	-50.0000000000	1.0000000000	
288	22.5000000000	-16.2500000000	1.0000000000	
289	25.0000000000	-16.2500000000	1.0000000000	
290	22.5000000000	-38.7500000000	1.0000000000	
291	25.0000000000	-38.7500000000	1.0000000000	
292	22.5000000000	-50.0000000000	1.0000000000	
293	25.0000000000	-50.0000000000	1.0000000000	
294	27.5000000000	-16.2500000000	1.0000000000	
295	30.0000000000	-16.2500000000	1.0000000000	
296	27.5000000000	-38.7500000000	1.0000000000	
297	30.0000000000	-38.7500000000	1.0000000000	
298	27.5000000000	-50.0000000000	1.0000000000	
299	30.0000000000	-50.0000000000	1.0000000000	
300	35.0000000000	-16.2500000000	1.0000000000	
301	45.0000000000	-16.2500000000	1.0000000000	
302	50.0000000000	-16.2500000000	1.0000000000	
303	35.0000000000	-38.7500000000	1.0000000000	
304	45.0000000000	-38.7500000000	1.0000000000	
305	50.0000000000	-38.7500000000	1.0000000000	
306	35.0000000000	-50.0000000000	1.0000000000	
307	45.0000000000	-50.0000000000	1.0000000000	
308	50.0000000000	-50.0000000000	1.0000000000	
309	-25.0000000000	0.0000000000	1.0000000000	
310	-22.5000000000	0.0000000000	1.0000000000	
311	-20.0000000000	0.0000000000	1.0000000000	
312	0.0000000000	0.0000000000	1.0000000000	
313	-5.0000000000	0.0000000000	1.0000000000	
314	-15.0000000000	0.0000000000	1.0000000000	
315	25.0000000000	0.0000000000	1.0000000000	
316	22.5000000000	0.0000000000	1.0000000000	
317	20.0000000000	0.0000000000	1.0000000000	
318	5.0000000000	0.0000000000	1.0000000000	
319	15.0000000000	0.0000000000	1.0000000000	

47	0	0.0000000000
50	0	0.0000000000
53	0	0.0000000000
80	0	0.0000000000
83	0	0.0000000000
86	0	0.0000000000
85	0	0.0000000000
84	0	0.0000000000
77	0	0.0000000000
76	0	0.0000000000
71	0	0.0000000000
70	0	0.0000000000
65	0	0.0000000000
64	0	0.0000000000
63	0	0.0000000000
62	0	0.0000000000
144	0	0.0000000000
145	0	0.0000000000
146	0	0.0000000000
151	0	0.0000000000
152	0	0.0000000000
157	0	0.0000000000
158	0	0.0000000000
165	0	0.0000000000
166	0	0.0000000000
167	0	0.0000000000
164	0	0.0000000000
161	0	0.0000000000
137	0	0.0000000000
134	0	0.0000000000
131	0	0.0000000000
204	0	0.0000000000
207	0	0.0000000000
234	0	0.0000000000
237	0	0.0000000000
240	0	0.0000000000
239	0	0.0000000000
238	0	0.0000000000
231	0	0.0000000000
230	0	0.0000000000
225	0	0.0000000000
224	0	0.0000000000
219	0	0.0000000000
218	0	0.0000000000
217	0	0.0000000000
216	0	0.0000000000
285	0	0.0000000000
286	0	0.0000000000
287	0	0.0000000000
292	0	0.0000000000
293	0	0.0000000000
298	0	0.0000000000
299	0	0.0000000000
306	0	0.0000000000
307	0	0.0000000000
308	0	0.0000000000
305	0	0.0000000000
302	0	0.0000000000
278	0	0.0000000000
275	0	0.0000000000
47	1	0.0000000000
50	1	0.0000000000
53	1	0.0000000000
80	1	0.0000000000
83	1	0.0000000000
86	1	0.0000000000
85	1	0.0000000000
84	1	0.0000000000
77	1	0.0000000000
76	1	0.0000000000
71	1	0.0000000000
70	1	0.0000000000
65	1	0.0000000000
64	1	0.0000000000
63	1	0.0000000000
62	1	0.0000000000
144	1	0.0000000000
145	1	0.0000000000
146	1	0.0000000000
151	1	0.0000000000
152	1	0.0000000000
157	1	0.0000000000
158	1	0.0000000000
165	1	0.0000000000
166	1	0.0000000000
167	1	0.0000000000
164	1	0.0000000000
161	1	0.0000000000
137	1	0.0000000000
134	1	0.0000000000
131	1	0.0000000000
204	1	0.0000000000
207	1	0.0000000000
234	1	0.0000000000
237	1	0.0000000000
240	1	0.0000000000
239	1	0.0000000000
238	1	0.0000000000
231	1	0.0000000000
230	1	0.0000000000
225	1	0.0000000000
224	1	0.0000000000
219	1	0.0000000000
218	1	0.0000000000
217	1	0.0000000000
216	1	0.0000000000
285	1	0.0000000000
286	1	0.0000000000
287	1	0.0000000000
292	1	0.0000000000
293	1	0.0000000000
298	1	0.0000000000
299	1	0.0000000000
306	1	0.0000000000
307	1	0.0000000000
308	1	0.0000000000
305	1	0.0000000000
302	1	0.0000000000
278	1	0.0000000000
275	1	0.0000000000


