216

3    3    3

10   10   10

6    6    6

0.0000000000000000e+00  0.0000000000000000e+00  0.0000000000000000e+00  0.0000000000000000e+00  3.3333333333333331e-01  6.6666666666666663e-01  1.0000000000000000e+00  1.0000000000000000e+00  1.0000000000000000e+00  1.0000000000000000e+00
0.0000000000000000e+00  0.0000000000000000e+00  0.0000000000000000e+00  0.0000000000000000e+00  3.3333333333333331e-01  6.6666666666666663e-01  1.0000000000000000e+00  1.0000000000000000e+00  1.0000000000000000e+00  1.0000000000000000e+00
0.0000000000000000e+00  0.0000000000000000e+00  0.0000000000000000e+00  0.0000000000000000e+00  3.3333333333333331e-01  6.6666666666666663e-01  1.0000000000000000e+00  1.0000000000000000e+00  1.0000000000000000e+00  1.0000000000000000e+00

0      0.0000000000000000e+00  0.0000000000000000e+00  0.0000000000000000e+00  1.0000000000000000e+00
1      1.1111111111111112e-01  0.0000000000000000e+00  0.0000000000000000e+00  1.0000000000000000e+00
2      3.3333333333333337e-01  0.0000000000000000e+00  0.0000000000000000e+00  1.0000000000000000e+00
3      6.6666666666666674e-01  0.0000000000000000e+00  0.0000000000000000e+00  1.0000000000000000e+00
4      8.8888888888888884e-01  0.0000000000000000e+00  0.0000000000000000e+00  1.0000000000000000e+00
5      1.0000000000000000e+00  0.0000000000000000e+00  0.0000000000000000e+00  1.0000000000000000e+00
6      0.0000000000000000e+00  1.1111111111111112e-01  0.0000000000000000e+00  1.0000000000000000e+00
7      1.1111111111111112e-01  1.1111111111111112e-01  0.0000000000000000e+00  1.0000000000000000e+00
8      3.3333333333333337e-01  1.1111111111111112e-01  0.0000000000000000e+00  1.0000000000000000e+00
9      6.6666666666666674e-01  1.1111111111111112e-01  0.0000000000000000e+00  1.0000000000000000e+00
10     8.8888888888888895e-01  1.1111111111111112e-01  0.0000000000000000e+00  1.0000000000000000e+00
11     1.0000000000000000e+00  1.1111111111111112e-01  0.0000000000000000e+00  1.0000000000000000e+00
12     0.0000000000000000e+00  3.3333333333333337e-01  0.0000000000000000e+00  1.0000000000000000e+00
13     1.1111111111111113e-01  3.3333333333333337e-01  0.0000000000000000e+00  1.0000000000000000e+00
14     3.3333333333333337e-01  3.3333333333333337e-01  0.0000000000000000e+00  1.0000000000000000e+00
15     6.6666666666666674e-01  3.3333333333333337e-01  0.0000000000000000e+00  1.0000000000000000e+00
16     8.8888888888888884e-01  3.3333333333333337e-01  0.0000000000000000e+00  1.0000000000000000e+00
17     1.0000000000000000e+00  3.3333333333333337e-01  0.0000000000000000e+00  1.0000000000000000e+00
18     0.0000000000000000e+00  6.6666666666666674e-01  0.0000000000000000e+00  1.0000000000000000e+00
19     1.1111111111111113e-01  6.6666666666666674e-01  0.0000000000000000e+00  1.0000000000000000e+00
20     3.3333333333333337e-01  6.6666666666666674e-01  0.0000000000000000e+00  1.0000000000000000e+00
21     6.6666666666666674e-01  6.6666666666666674e-01  0.0000000000000000e+00  1.0000000000000000e+00
22     8.8888888888888884e-01  6.6666666666666674e-01  0.0000000000000000e+00  1.0000000000000000e+00
23     1.0000000000000000e+00  6.6666666666666674e-01  0.0000000000000000e+00  1.0000000000000000e+00
24     0.0000000000000000e+00  8.8888888888888884e-01  0.0000000000000000e+00  1.0000000000000000e+00
25     1.1111111111111110e-01  8.8888888888888884e-01  0.0000000000000000e+00  1.0000000000000000e+00
26     3.3333333333333337e-01  8.8888888888888884e-01  0.0000000000000000e+00  1.0000000000000000e+00
27     6.6666666666666674e-01  8.8888888888888884e-01  0.0000000000000000e+00  1.0000000000000000e+00
28     8.8888888888888884e-01  8.8888888888888884e-01  0.0000000000000000e+00  1.0000000000000000e+00
29     1.0000000000000000e+00  8.8888888888888884e-01  0.0000000000000000e+00  1.0000000000000000e+00
30     0.0000000000000000e+00  1.0000000000000000e+00  0.0000000000000000e+00  1.0000000000000000e+00
31     1.1111111111111112e-01  1.0000000000000000e+00  0.0000000000000000e+00  1.0000000000000000e+00
32     3.3333333333333337e-01  1.0000000000000000e+00  0.0000000000000000e+00  1.0000000000000000e+00
33     6.6666666666666674e-01  1.0000000000000000e+00  0.0000000000000000e+00  1.0000000000000000e+00
34     8.8888888888888884e-01  1.0000000000000000e+00  0.0000000000000000e+00  1.0000000000000000e+00
35     1.0000000000000000e+00  1.0000000000000000e+00  0.0000000000000000e+00  1.0000000000000000e+00
36     0.0000000000000000e+00  0.0000000000000000e+00  1.1111111111111112e-01  1.0000000000000000e+00
37     1.1111111111111112e-01  0.0000000000000000e+00  1.1111111111111112e-01  1.0000000000000000e+00
38     3.3333333333333337e-01  0.0000000000000000e+00  1.1111111111111112e-01  1.0000000000000000e+00
39     6.6666666666666674e-01  0.0000000000000000e+00  1.1111111111111112e-01  1.0000000000000000e+00
40     8.8888888888888895e-01  0.0000000000000000e+00  1.1111111111111112e-01  1.0000000000000000e+00
41     1.0000000000000000e+00  0.0000000000000000e+00  1.1111111111111112e-01  1.0000000000000000e+00
42     0.0000000000000000e+00  1.1111111111111112e-01  1.1111111111111112e-01  1.0000000000000000e+00
43     1.1111111111111112e-01  1.1111111111111112e-01  1.1111111111111112e-01  1.0000000000000000e+00
44     3.3333333333333337e-01  1.1111111111111112e-01  1.1111111111111112e-01  1.0000000000000000e+00
45     6.6666666666666674e-01  1.1111111111111112e-01  1.1111111111111112e-01  1.0000000000000000e+00
46     8.8888888888888895e-01  1.1111111111111112e-01  1.1111111111111112e-01  1.0000000000000000e+00
47     1.0000000000000000e+00  1.1111111111111112e-01  1.1111111111111112e-01  1.0000000000000000e+00
48     0.0000000000000000e+00  3.3333333333333337e-01  1.1111111111111112e-01  1.0000000000000000e+00
49     1.1111111111111113e-01  3.3333333333333337e-01  1.1111111111111112e-01  1.0000000000000000e+00
50     3.3333333333333337e-01  3.3333333333333337e-01  1.1111111111111112e-01  1.0000000000000000e+00
51     6.6666666666666674e-01  3.3333333333333337e-01  1.1111111111111112e-01  1.0000000000000000e+00
52     8.8888888888888895e-01  3.3333333333333337e-01  1.1111111111111112e-01  1.0000000000000000e+00
53     1.0000000000000000e+00  3.3333333333333337e-01  1.1111111111111112e-01  1.0000000000000000e+00
54     0.0000000000000000e+00  6.6666666666666674e-01  1.1111111111111112e-01  1.0000000000000000e+00
55     1.1111111111111113e-01  6.6666666666666674e-01  1.1111111111111112e-01  1.0000000000000000e+00
56     3.3333333333333337e-01  6.6666666666666674e-01  1.1111111111111112e-01  1.0000000000000000e+00
57     6.6666666666666674e-01  6.6666666666666674e-01  1.1111111111111112e-01  1.0000000000000000e+00
58     8.8888888888888895e-01  6.6666666666666674e-01  1.1111111111111112e-01  1.0000000000000000e+00
59     1.0000000000000000e+00  6.6666666666666674e-01  1.1111111111111112e-01  1.0000000000000000e+00
60     0.0000000000000000e+00  8.8888888888888895e-01  1.1111111111111112e-01  1.0000000000000000e+00
61     1.1111111111111112e-01  8.8888888888888895e-01  1.1111111111111112e-01  1.0000000000000000e+00
62     3.3333333333333337e-01  8.8888888888888895e-01  1.1111111111111112e-01  1.0000000000000000e+00
63     6.6666666666666674e-01  8.8888888888888895e-01  1.1111111111111112e-01  1.0000000000000000e+00
64     8.8888888888888895e-01  8.8888888888888895e-01  1.1111111111111112e-01  1.0000000000000000e+00
65     1.0000000000000000e+00  8.8888888888888895e-01  1.1111111111111112e-01  1.0000000000000000e+00
66     0.0000000000000000e+00  1.0000000000000000e+00  1.1111111111111112e-01  1.0000000000000000e+00
67     1.1111111111111112e-01  1.0000000000000000e+00  1.1111111111111112e-01  1.0000000000000000e+00
68     3.3333333333333337e-01  1.0000000000000000e+00  1.1111111111111112e-01  1.0000000000000000e+00
69     6.6666666666666674e-01  1.0000000000000000e+00  1.1111111111111112e-01  1.0000000000000000e+00
70     8.8888888888888895e-01  1.0000000000000000e+00  1.1111111111111112e-01  1.0000000000000000e+00
71     1.0000000000000000e+00  1.0000000000000000e+00  1.1111111111111112e-01  1.0000000000000000e+00
72     0.0000000000000000e+00  0.0000000000000000e+00  3.3333333333333337e-01  1.0000000000000000e+00
73     1.1111111111111113e-01  0.0000000000000000e+00  3.3333333333333337e-01  1.0000000000000000e+00
74     3.3333333333333337e-01  0.0000000000000000e+00  3.3333333333333337e-01  1.0000000000000000e+00
75     6.6666666666666674e-01  0.0000000000000000e+00  3.3333333333333337e-01  1.0000000000000000e+00
76     8.8888888888888884e-01  0.0000000000000000e+00  3.3333333333333337e-01  1.0000000000000000e+00
77     1.0000000000000000e+00  0.0000000000000000e+00  3.3333333333333337e-01  1.0000000000000000e+00
78     0.0000000000000000e+00  1.1111111111111113e-01  3.3333333333333337e-01  1.0000000000000000e+00
79     1.1111111111111113e-01  1.1111111111111113e-01  3.3333333333333337e-01  1.0000000000000000e+00
80     3.3333333333333337e-01  1.1111111111111113e-01  3.3333333333333337e-01  1.0000000000000000e+00
81     6.6666666666666674e-01  1.1111111111111113e-01  3.3333333333333337e-01  1.0000000000000000e+00
82     8.8888888888888906e-01  1.1111111111111113e-01  3.3333333333333337e-01  1.0000000000000000e+00
83     1.0000000000000000e+00  1.1111111111111113e-01  3.3333333333333337e-01  1.0000000000000000e+00
84     0.0000000000000000e+00  3.3333333333333337e-01  3.3333333333333337e-01  1.0000000000000000e+00
85     1.1111111111111113e-01  3.3333333333333337e-01  3.3333333333333337e-01  1.0000000000000000e+00
86     3.3333333333333337e-01  3.3333333333333337e-01  3.3333333333333337e-01  1.0000000000000000e+00
87     6.6666666666666674e-01  3.3333333333333337e-01  3.3333333333333337e-01  1.0000000000000000e+00
88     8.8888888888888884e-01  3.3333333333333337e-01  3.3333333333333337e-01  1.0000000000000000e+00
89     1.0000000000000000e+00  3.3333333333333337e-01  3.3333333333333337e-01  1.0000000000000000e+00
90     0.0000000000000000e+00  6.6666666666666674e-01  3.3333333333333337e-01  1.0000000000000000e+00
91     1.1111111111111113e-01  6.6666666666666674e-01  3.3333333333333337e-01  1.0000000000000000e+00
92     3.3333333333333337e-01  6.6666666666666674e-01  3.3333333333333337e-01  1.0000000000000000e+00
93     6.6666666666666674e-01  6.6666666666666674e-01  3.3333333333333337e-01  1.0000000000000000e+00
94     8.8888888888888884e-01  6.6666666666666674e-01  3.3333333333333337e-01  1.0000000000000000e+00
95     1.0000000000000000e+00  6.6666666666666674e-01  3.3333333333333337e-01  1.0000000000000000e+00
96     0.0000000000000000e+00  8.8888888888888884e-01  3.3333333333333337e-01  1.0000000000000000e+00
97     1.1111111111111110e-01  8.8888888888888884e-01  3.3333333333333337e-01  1.0000000000000000e+00
98     3.3333333333333337e-01  8.8888888888888884e-01  3.3333333333333337e-01  1.0000000000000000e+00
99     6.6666666666666674e-01  8.8888888888888884e-01  3.3333333333333337e-01  1.0000000000000000e+00
100    8.8888888888888884e-01  8.8888888888888884e-01  3.3333333333333337e-01  1.0000000000000000e+00
101    1.0000000000000000e+00  8.8888888888888884e-01  3.3333333333333337e-01  1.0000000000000000e+00
102    0.0000000000000000e+00  1.0000000000000000e+00  3.3333333333333337e-01  1.0000000000000000e+00
103    1.1111111111111113e-01  1.0000000000000000e+00  3.3333333333333337e-01  1.0000000000000000e+00
104    3.3333333333333337e-01  1.0000000000000000e+00  3.3333333333333337e-01  1.0000000000000000e+00
105    6.6666666666666674e-01  1.0000000000000000e+00  3.3333333333333337e-01  1.0000000000000000e+00
106    8.8888888888888884e-01  1.0000000000000000e+00  3.3333333333333337e-01  1.0000000000000000e+00
107    1.0000000000000000e+00  1.0000000000000000e+00  3.3333333333333337e-01  1.0000000000000000e+00
108    0.0000000000000000e+00  0.0000000000000000e+00  6.6666666666666674e-01  1.0000000000000000e+00
109    1.1111111111111113e-01  0.0000000000000000e+00  6.6666666666666674e-01  1.0000000000000000e+00
110    3.3333333333333337e-01  0.0000000000000000e+00  6.6666666666666674e-01  1.0000000000000000e+00
111    6.6666666666666674e-01  0.0000000000000000e+00  6.6666666666666674e-01  1.0000000000000000e+00
112    8.8888888888888884e-01  0.0000000000000000e+00  6.6666666666666674e-01  1.0000000000000000e+00
113    1.0000000000000000e+00  0.0000000000000000e+00  6.6666666666666674e-01  1.0000000000000000e+00
114    0.0000000000000000e+00  1.1111111111111113e-01  6.6666666666666674e-01  1.0000000000000000e+00
115    1.1111111111111113e-01  1.1111111111111113e-01  6.6666666666666674e-01  1.0000000000000000e+00
116    3.3333333333333337e-01  1.1111111111111113e-01  6.6666666666666674e-01  1.0000000000000000e+00
117    6.6666666666666674e-01  1.1111111111111113e-01  6.6666666666666674e-01  1.0000000000000000e+00
118    8.8888888888888906e-01  1.1111111111111113e-01  6.6666666666666674e-01  1.0000000000000000e+00
119    1.0000000000000000e+00  1.1111111111111113e-01  6.6666666666666674e-01  1.0000000000000000e+00
120    0.0000000000000000e+00  3.3333333333333337e-01  6.6666666666666674e-01  1.0000000000000000e+00
121    1.1111111111111113e-01  3.3333333333333337e-01  6.6666666666666674e-01  1.0000000000000000e+00
122    3.3333333333333337e-01  3.3333333333333337e-01  6.6666666666666674e-01  1.0000000000000000e+00
123    6.6666666666666674e-01  3.3333333333333337e-01  6.6666666666666674e-01  1.0000000000000000e+00
124    8.8888888888888884e-01  3.3333333333333337e-01  6.6666666666666674e-01  1.0000000000000000e+00
125    1.0000000000000000e+00  3.3333333333333337e-01  6.6666666666666674e-01  1.0000000000000000e+00
126    0.0000000000000000e+00  6.6666666666666674e-01  6.6666666666666674e-01  1.0000000000000000e+00
127    1.1111111111111113e-01  6.6666666666666674e-01  6.6666666666666674e-01  1.0000000000000000e+00
128    3.3333333333333337e-01  6.6666666666666674e-01  6.6666666666666674e-01  1.0000000000000000e+00
129    6.6666666666666674e-01  6.6666666666666674e-01  6.6666666666666674e-01  1.0000000000000000e+00
130    8.8888888888888884e-01  6.6666666666666674e-01  6.6666666666666674e-01  1.0000000000000000e+00
131    1.0000000000000000e+00  6.6666666666666674e-01  6.6666666666666674e-01  1.0000000000000000e+00
132    0.0000000000000000e+00  8.8888888888888884e-01  6.6666666666666674e-01  1.0000000000000000e+00
133    1.1111111111111110e-01  8.8888888888888884e-01  6.6666666666666674e-01  1.0000000000000000e+00
134    3.3333333333333337e-01  8.8888888888888884e-01  6.6666666666666674e-01  1.0000000000000000e+00
135    6.6666666666666674e-01  8.8888888888888884e-01  6.6666666666666674e-01  1.0000000000000000e+00
136    8.8888888888888884e-01  8.8888888888888884e-01  6.6666666666666674e-01  1.0000000000000000e+00
137    1.0000000000000000e+00  8.8888888888888884e-01  6.6666666666666674e-01  1.0000000000000000e+00
138    0.0000000000000000e+00  1.0000000000000000e+00  6.6666666666666674e-01  1.0000000000000000e+00
139    1.1111111111111113e-01  1.0000000000000000e+00  6.6666666666666674e-01  1.0000000000000000e+00
140    3.3333333333333337e-01  1.0000000000000000e+00  6.6666666666666674e-01  1.0000000000000000e+00
141    6.6666666666666674e-01  1.0000000000000000e+00  6.6666666666666674e-01  1.0000000000000000e+00
142    8.8888888888888884e-01  1.0000000000000000e+00  6.6666666666666674e-01  1.0000000000000000e+00
143    1.0000000000000000e+00  1.0000000000000000e+00  6.6666666666666674e-01  1.0000000000000000e+00
144    0.0000000000000000e+00  0.0000000000000000e+00  8.8888888888888884e-01  1.0000000000000000e+00
145    1.1111111111111110e-01  0.0000000000000000e+00  8.8888888888888884e-01  1.0000000000000000e+00
146    3.3333333333333337e-01  0.0000000000000000e+00  8.8888888888888884e-01  1.0000000000000000e+00
147    6.6666666666666674e-01  0.0000000000000000e+00  8.8888888888888884e-01  1.0000000000000000e+00
148    8.8888888888888884e-01  0.0000000000000000e+00  8.8888888888888884e-01  1.0000000000000000e+00
149    1.0000000000000000e+00  0.0000000000000000e+00  8.8888888888888884e-01  1.0000000000000000e+00
150    0.0000000000000000e+00  1.1111111111111110e-01  8.8888888888888884e-01  1.0000000000000000e+00
151    1.1111111111111110e-01  1.1111111111111110e-01  8.8888888888888884e-01  1.0000000000000000e+00
152    3.3333333333333337e-01  1.1111111111111110e-01  8.8888888888888884e-01  1.0000000000000000e+00
153    6.6666666666666674e-01  1.1111111111111110e-01  8.8888888888888884e-01  1.0000000000000000e+00
154    8.8888888888888884e-01  1.1111111111111110e-01  8.8888888888888884e-01  1.0000000000000000e+00
155    1.0000000000000000e+00  1.1111111111111110e-01  8.8888888888888884e-01  1.0000000000000000e+00
156    0.0000000000000000e+00  3.3333333333333337e-01  8.8888888888888884e-01  1.0000000000000000e+00
157    1.1111111111111113e-01  3.3333333333333337e-01  8.8888888888888884e-01  1.0000000000000000e+00
158    3.3333333333333337e-01  3.3333333333333337e-01  8.8888888888888884e-01  1.0000000000000000e+00
159    6.6666666666666674e-01  3.3333333333333337e-01  8.8888888888888884e-01  1.0000000000000000e+00
160    8.8888888888888884e-01  3.3333333333333337e-01  8.8888888888888884e-01  1.0000000000000000e+00
161    1.0000000000000000e+00  3.3333333333333337e-01  8.8888888888888884e-01  1.0000000000000000e+00
162    0.0000000000000000e+00  6.6666666666666674e-01  8.8888888888888884e-01  1.0000000000000000e+00
163    1.1111111111111113e-01  6.6666666666666674e-01  8.8888888888888884e-01  1.0000000000000000e+00
164    3.3333333333333337e-01  6.6666666666666674e-01  8.8888888888888884e-01  1.0000000000000000e+00
165    6.6666666666666674e-01  6.6666666666666674e-01  8.8888888888888884e-01  1.0000000000000000e+00
166    8.8888888888888884e-01  6.6666666666666674e-01  8.8888888888888884e-01  1.0000000000000000e+00
167    1.0000000000000000e+00  6.6666666666666674e-01  8.8888888888888884e-01  1.0000000000000000e+00
168    0.0000000000000000e+00  8.8888888888888884e-01  8.8888888888888884e-01  1.0000000000000000e+00
169    1.1111111111111110e-01  8.8888888888888884e-01  8.8888888888888884e-01  1.0000000000000000e+00
170    3.3333333333333337e-01  8.8888888888888884e-01  8.8888888888888884e-01  1.0000000000000000e+00
171    6.6666666666666674e-01  8.8888888888888884e-01  8.8888888888888884e-01  1.0000000000000000e+00
172    8.8888888888888884e-01  8.8888888888888884e-01  8.8888888888888884e-01  1.0000000000000000e+00
173    1.0000000000000000e+00  8.8888888888888884e-01  8.8888888888888884e-01  1.0000000000000000e+00
174    0.0000000000000000e+00  1.0000000000000000e+00  8.8888888888888884e-01  1.0000000000000000e+00
175    1.1111111111111110e-01  1.0000000000000000e+00  8.8888888888888884e-01  1.0000000000000000e+00
176    3.3333333333333337e-01  1.0000000000000000e+00  8.8888888888888884e-01  1.0000000000000000e+00
177    6.6666666666666674e-01  1.0000000000000000e+00  8.8888888888888884e-01  1.0000000000000000e+00
178    8.8888888888888884e-01  1.0000000000000000e+00  8.8888888888888884e-01  1.0000000000000000e+00
179    1.0000000000000000e+00  1.0000000000000000e+00  8.8888888888888884e-01  1.0000000000000000e+00
180    0.0000000000000000e+00  0.0000000000000000e+00  1.0000000000000000e+00  1.0000000000000000e+00
181    1.1111111111111112e-01  0.0000000000000000e+00  1.0000000000000000e+00  1.0000000000000000e+00
182    3.3333333333333337e-01  0.0000000000000000e+00  1.0000000000000000e+00  1.0000000000000000e+00
183    6.6666666666666674e-01  0.0000000000000000e+00  1.0000000000000000e+00  1.0000000000000000e+00
184    8.8888888888888884e-01  0.0000000000000000e+00  1.0000000000000000e+00  1.0000000000000000e+00
185    1.0000000000000000e+00  0.0000000000000000e+00  1.0000000000000000e+00  1.0000000000000000e+00
186    0.0000000000000000e+00  1.1111111111111112e-01  1.0000000000000000e+00  1.0000000000000000e+00
187    1.1111111111111112e-01  1.1111111111111112e-01  1.0000000000000000e+00  1.0000000000000000e+00
188    3.3333333333333337e-01  1.1111111111111112e-01  1.0000000000000000e+00  1.0000000000000000e+00
189    6.6666666666666674e-01  1.1111111111111112e-01  1.0000000000000000e+00  1.0000000000000000e+00
190    8.8888888888888895e-01  1.1111111111111112e-01  1.0000000000000000e+00  1.0000000000000000e+00
191    1.0000000000000000e+00  1.1111111111111112e-01  1.0000000000000000e+00  1.0000000000000000e+00
192    0.0000000000000000e+00  3.3333333333333337e-01  1.0000000000000000e+00  1.0000000000000000e+00
193    1.1111111111111113e-01  3.3333333333333337e-01  1.0000000000000000e+00  1.0000000000000000e+00
194    3.3333333333333337e-01  3.3333333333333337e-01  1.0000000000000000e+00  1.0000000000000000e+00
195    6.6666666666666674e-01  3.3333333333333337e-01  1.0000000000000000e+00  1.0000000000000000e+00
196    8.8888888888888884e-01  3.3333333333333337e-01  1.0000000000000000e+00  1.0000000000000000e+00
197    1.0000000000000000e+00  3.3333333333333337e-01  1.0000000000000000e+00  1.0000000000000000e+00
198    0.0000000000000000e+00  6.6666666666666674e-01  1.0000000000000000e+00  1.0000000000000000e+00
199    1.1111111111111113e-01  6.6666666666666674e-01  1.0000000000000000e+00  1.0000000000000000e+00
200    3.3333333333333337e-01  6.6666666666666674e-01  1.0000000000000000e+00  1.0000000000000000e+00
201    6.6666666666666674e-01  6.6666666666666674e-01  1.0000000000000000e+00  1.0000000000000000e+00
202    8.8888888888888884e-01  6.6666666666666674e-01  1.0000000000000000e+00  1.0000000000000000e+00
203    1.0000000000000000e+00  6.6666666666666674e-01  1.0000000000000000e+00  1.0000000000000000e+00
204    0.0000000000000000e+00  8.8888888888888884e-01  1.0000000000000000e+00  1.0000000000000000e+00
205    1.1111111111111110e-01  8.8888888888888884e-01  1.0000000000000000e+00  1.0000000000000000e+00
206    3.3333333333333337e-01  8.8888888888888884e-01  1.0000000000000000e+00  1.0000000000000000e+00
207    6.6666666666666674e-01  8.8888888888888884e-01  1.0000000000000000e+00  1.0000000000000000e+00
208    8.8888888888888884e-01  8.8888888888888884e-01  1.0000000000000000e+00  1.0000000000000000e+00
209    1.0000000000000000e+00  8.8888888888888884e-01  1.0000000000000000e+00  1.0000000000000000e+00
210    0.0000000000000000e+00  1.0000000000000000e+00  1.0000000000000000e+00  1.0000000000000000e+00
211    1.1111111111111112e-01  1.0000000000000000e+00  1.0000000000000000e+00  1.0000000000000000e+00
212    3.3333333333333337e-01  1.0000000000000000e+00  1.0000000000000000e+00  1.0000000000000000e+00
213    6.6666666666666674e-01  1.0000000000000000e+00  1.0000000000000000e+00  1.0000000000000000e+00
214    8.8888888888888884e-01  1.0000000000000000e+00  1.0000000000000000e+00  1.0000000000000000e+00
215    1.0000000000000000e+00  1.0000000000000000e+00  1.0000000000000000e+00  1.0000000000000000e+00
