2

206000  0.3

1

100

3	3

14	14

10	10

0   1   2   3   4   5   6   7   8   9   10   11   12   13   14   15   16   17   18   19   20   21   22   23   24   25   26   27   28   29   30   31   32   33   34   35   36   37   38   39   40   41   42   43   44   45   46   47   48   49   50   51   52   53   54   55   56   57   58   59   60   61   62   63   64   65   66   67   68   69   70   71   72   73   74   75   76   77   78   79   80   81   82   83   84   85   86   87   88   89   90   91   92   93   94   95   96   97   98   99

20  0   1

0.0000000000000000e+00	0.0000000000000000e+00	0.0000000000000000e+00	0.0000000000000000e+00	1.4285714285714285e-01	2.8571428571428570e-01	4.2857142857142855e-01	5.7142857142857140e-01	7.1428571428571430e-01	8.5714285714285710e-01	1.0000000000000000e+00	1.0000000000000000e+00	1.0000000000000000e+00	1.0000000000000000e+00
0.0000000000000000e+00	0.0000000000000000e+00	0.0000000000000000e+00	0.0000000000000000e+00	1.4285714285714285e-01	2.8571428571428570e-01	4.2857142857142855e-01	5.7142857142857140e-01	7.1428571428571430e-01	8.5714285714285710e-01	1.0000000000000000e+00	1.0000000000000000e+00	1.0000000000000000e+00	1.0000000000000000e+00

0	0.0000000000000000e+00	0.0000000000000000e+00	1.0000000000000000e+00
1	4.7619047619047628e-01	0.0000000000000000e+00	1.0000000000000000e+00
2	1.4285714285714288e+00	0.0000000000000000e+00	1.0000000000000000e+00
3	2.8571428571428577e+00	0.0000000000000000e+00	9.9999999999999989e-01
4	4.2857142857142856e+00	0.0000000000000000e+00	1.0000000000000000e+00
5	5.7142857142857144e+00	0.0000000000000000e+00	1.0000000000000000e+00
6	7.1428571428571423e+00	0.0000000000000000e+00	1.0000000000000000e+00
7	8.5714285714285730e+00	0.0000000000000000e+00	1.0000000000000000e+00
8	9.5238095238095237e+00	0.0000000000000000e+00	1.0000000000000000e+00
9	1.0000000000000000e+01	0.0000000000000000e+00	1.0000000000000000e+00
10	0.0000000000000000e+00	4.7619047619047628e-01	1.0000000000000000e+00
11	4.7619047619047633e-01	4.7619047619047628e-01	1.0000000000000000e+00
12	1.4285714285714288e+00	4.7619047619047628e-01	1.0000000000000000e+00
13	2.8571428571428577e+00	4.7619047619047633e-01	9.9999999999999989e-01
14	4.2857142857142856e+00	4.7619047619047616e-01	1.0000000000000000e+00
15	5.7142857142857144e+00	4.7619047619047628e-01	1.0000000000000000e+00
16	7.1428571428571423e+00	4.7619047619047628e-01	1.0000000000000000e+00
17	8.5714285714285730e+00	4.7619047619047628e-01	1.0000000000000000e+00
18	9.5238095238095237e+00	4.7619047619047628e-01	1.0000000000000000e+00
19	1.0000000000000002e+01	4.7619047619047628e-01	1.0000000000000000e+00
20	0.0000000000000000e+00	1.4285714285714288e+00	1.0000000000000000e+00
21	4.7619047619047628e-01	1.4285714285714288e+00	1.0000000000000000e+00
22	1.4285714285714288e+00	1.4285714285714288e+00	1.0000000000000000e+00
23	2.8571428571428577e+00	1.4285714285714290e+00	9.9999999999999978e-01
24	4.2857142857142856e+00	1.4285714285714284e+00	1.0000000000000000e+00
25	5.7142857142857144e+00	1.4285714285714288e+00	1.0000000000000000e+00
26	7.1428571428571432e+00	1.4285714285714288e+00	1.0000000000000000e+00
27	8.5714285714285730e+00	1.4285714285714288e+00	1.0000000000000000e+00
28	9.5238095238095255e+00	1.4285714285714288e+00	1.0000000000000000e+00
29	1.0000000000000000e+01	1.4285714285714288e+00	1.0000000000000000e+00
30	0.0000000000000000e+00	2.8571428571428577e+00	9.9999999999999989e-01
31	4.7619047619047628e-01	2.8571428571428577e+00	9.9999999999999989e-01
32	1.4285714285714288e+00	2.8571428571428577e+00	9.9999999999999989e-01
33	2.8571428571428572e+00	2.8571428571428577e+00	9.9999999999999978e-01
34	4.2857142857142865e+00	2.8571428571428577e+00	9.9999999999999989e-01
35	5.7142857142857153e+00	2.8571428571428577e+00	9.9999999999999989e-01
36	7.1428571428571432e+00	2.8571428571428577e+00	9.9999999999999989e-01
37	8.5714285714285730e+00	2.8571428571428577e+00	9.9999999999999989e-01
38	9.5238095238095255e+00	2.8571428571428577e+00	9.9999999999999989e-01
39	1.0000000000000002e+01	2.8571428571428577e+00	9.9999999999999989e-01
40	0.0000000000000000e+00	4.2857142857142856e+00	1.0000000000000000e+00
41	4.7619047619047628e-01	4.2857142857142856e+00	1.0000000000000000e+00
42	1.4285714285714288e+00	4.2857142857142856e+00	1.0000000000000000e+00
43	2.8571428571428577e+00	4.2857142857142856e+00	9.9999999999999978e-01
44	4.2857142857142856e+00	4.2857142857142847e+00	1.0000000000000000e+00
45	5.7142857142857144e+00	4.2857142857142856e+00	1.0000000000000000e+00
46	7.1428571428571432e+00	4.2857142857142847e+00	1.0000000000000000e+00
47	8.5714285714285730e+00	4.2857142857142856e+00	1.0000000000000000e+00
48	9.5238095238095237e+00	4.2857142857142856e+00	1.0000000000000000e+00
49	1.0000000000000000e+01	4.2857142857142856e+00	1.0000000000000000e+00
50	0.0000000000000000e+00	5.7142857142857144e+00	1.0000000000000000e+00
51	4.7619047619047628e-01	5.7142857142857153e+00	1.0000000000000000e+00
52	1.4285714285714288e+00	5.7142857142857144e+00	1.0000000000000000e+00
53	2.8571428571428577e+00	5.7142857142857144e+00	9.9999999999999978e-01
54	4.2857142857142856e+00	5.7142857142857135e+00	1.0000000000000000e+00
55	5.7142857142857153e+00	5.7142857142857144e+00	1.0000000000000000e+00
56	7.1428571428571423e+00	5.7142857142857135e+00	1.0000000000000000e+00
57	8.5714285714285730e+00	5.7142857142857144e+00	1.0000000000000000e+00
58	9.5238095238095237e+00	5.7142857142857144e+00	1.0000000000000000e+00
59	1.0000000000000000e+01	5.7142857142857144e+00	1.0000000000000000e+00
60	0.0000000000000000e+00	7.1428571428571423e+00	1.0000000000000000e+00
61	4.7619047619047622e-01	7.1428571428571441e+00	1.0000000000000000e+00
62	1.4285714285714286e+00	7.1428571428571423e+00	1.0000000000000000e+00
63	2.8571428571428572e+00	7.1428571428571441e+00	9.9999999999999978e-01
64	4.2857142857142856e+00	7.1428571428571423e+00	1.0000000000000000e+00
65	5.7142857142857144e+00	7.1428571428571423e+00	1.0000000000000000e+00
66	7.1428571428571423e+00	7.1428571428571423e+00	1.0000000000000000e+00
67	8.5714285714285730e+00	7.1428571428571423e+00	1.0000000000000000e+00
68	9.5238095238095219e+00	7.1428571428571423e+00	1.0000000000000000e+00
69	1.0000000000000000e+01	7.1428571428571423e+00	1.0000000000000000e+00
70	0.0000000000000000e+00	8.5714285714285730e+00	1.0000000000000000e+00
71	4.7619047619047628e-01	8.5714285714285730e+00	1.0000000000000000e+00
72	1.4285714285714288e+00	8.5714285714285730e+00	1.0000000000000000e+00
73	2.8571428571428577e+00	8.5714285714285747e+00	9.9999999999999978e-01
74	4.2857142857142865e+00	8.5714285714285730e+00	1.0000000000000000e+00
75	5.7142857142857144e+00	8.5714285714285730e+00	1.0000000000000000e+00
76	7.1428571428571432e+00	8.5714285714285730e+00	1.0000000000000000e+00
77	8.5714285714285730e+00	8.5714285714285730e+00	1.0000000000000000e+00
78	9.5238095238095255e+00	8.5714285714285730e+00	1.0000000000000000e+00
79	1.0000000000000000e+01	8.5714285714285730e+00	1.0000000000000000e+00
80	0.0000000000000000e+00	9.5238095238095237e+00	1.0000000000000000e+00
81	4.7619047619047628e-01	9.5238095238095255e+00	1.0000000000000000e+00
82	1.4285714285714288e+00	9.5238095238095237e+00	1.0000000000000000e+00
83	2.8571428571428577e+00	9.5238095238095255e+00	9.9999999999999989e-01
84	4.2857142857142856e+00	9.5238095238095237e+00	1.0000000000000000e+00
85	5.7142857142857153e+00	9.5238095238095237e+00	1.0000000000000000e+00
86	7.1428571428571423e+00	9.5238095238095237e+00	1.0000000000000000e+00
87	8.5714285714285730e+00	9.5238095238095237e+00	1.0000000000000000e+00
88	9.5238095238095237e+00	9.5238095238095237e+00	1.0000000000000000e+00
89	1.0000000000000000e+01	9.5238095238095237e+00	1.0000000000000000e+00
90	0.0000000000000000e+00	1.0000000000000000e+01	1.0000000000000000e+00
91	4.7619047619047628e-01	1.0000000000000002e+01	1.0000000000000000e+00
92	1.4285714285714288e+00	1.0000000000000000e+01	1.0000000000000000e+00
93	2.8571428571428577e+00	1.0000000000000002e+01	9.9999999999999989e-01
94	4.2857142857142856e+00	1.0000000000000000e+01	1.0000000000000000e+00
95	5.7142857142857144e+00	1.0000000000000000e+01	1.0000000000000000e+00
96	7.1428571428571423e+00	1.0000000000000000e+01	1.0000000000000000e+00
97	8.5714285714285730e+00	1.0000000000000000e+01	1.0000000000000000e+00
98	9.5238095238095237e+00	1.0000000000000000e+01	1.0000000000000000e+00
99	1.0000000000000000e+01	1.0000000000000000e+01	1.0000000000000000e+00

0   1   0.0
1   1   0.0
2   1   0.0
3   1   0.0
4   1   0.0
5   1   0.0
6   1   0.0
7   1   0.0
8   1   0.0
9   1   0.0
0   0   0.0
10  0   0.0
20  0   0.0
30  0   0.0
40  0   0.0
50  0   0.0
60  0   0.0
70  0   0.0
80  0   0.0
90  0   0.0

1   0   0   1.0   0.0   1.0   10.0    0.0 0.0