206000  0.3

1

589

2	2

22	34

19	31

0	1	2	3	4	5	6	7	8	9	10	11	12	13	14	15	16	17	18	19	20	21	22	23	24	25	26	27	28	29	30	31	32	33	34	35	36	37	38	39	40	41	42	43	44	45	46	47	48	49	50	51	52	53	54	55	56	57	58	59	60	61	62	63	64	65	66	67	68	69	70	71	72	73	74	75	76	77	78	79	80	81	82	83	84	85	86	87	88	89	90	91	92	93	94	95	96	97	98	99	100	101	102	103	104	105	106	107	108	109	110	111	112	113	114	115	116	117	118	119	120	121	122	123	124	125	126	127	128	129	130	131	132	133	134	135	136	137	138	139	140	141	142	143	144	145	146	147	148	149	150	151	152	153	154	155	156	157	158	159	160	161	162	163	164	165	166	167	168	169	170	171	172	173	174	175	176	177	178	179	180	181	182	183	184	185	186	187	188	189	190	191	192	193	194	195	196	197	198	199	200	201	202	203	204	205	206	207	208	209	210	211	212	213	214	215	216	217	218	219	220	221	222	223	224	225	226	227	228	229	230	231	232	233	234	235	236	237	238	239	240	241	242	243	244	245	246	247	248	249	250	251	252	253	254	255	256	257	258	259	260	261	262	263	264	265	266	267	268	269	270	271	272	273	274	275	276	277	278	279	280	281	282	283	284	285	286	287	288	289	290	291	292	293	294	295	296	297	298	299	300	301	302	303	304	305	306	307	308	309	310	311	312	313	314	315	316	317	318	319	320	321	322	323	324	325	326	327	328	329	330	331	332	333	334	335	336	337	338	339	340	341	342	343	344	345	346	347	348	349	350	351	352	353	354	355	356	357	358	359	360	361	362	363	364	365	366	367	368	369	370	371	372	373	374	375	376	377	378	379	380	381	382	383	384	385	386	387	388	389	390	391	392	393	394	395	396	397	398	399	400	401	402	403	404	405	406	407	408	409	410	411	412	413	414	415	416	417	418	419	420	421	422	423	424	425	426	427	428	429	430	431	432	433	434	435	436	437	438	439	440	441	442	443	444	445	446	447	448	449	450	451	452	453	454	455	456	457	458	459	460	461	462	463	464	465	466	467	468	469	470	471	472	473	474	475	476	477	478	479	480	481	482	483	484	485	486	487	488	489	490	491	492	493	494	495	496	497	498	499	500	501	502	503	504	505	506	507	508	509	510	511	512	513	514	515	516	517	518	519	520	521	522	523	524	525	526	527	528	529	530	531	532	533	534	535	536	537	538	539	540	541	542	543	544	545	546	547	548	549	550	551	552	553	554	555	556	557	558	559	560	561	562	563	564	565	566	567	568	569	570	571	572	573	574	575	576	577	578	579	580	581	582	583	584	585	586	587	588

3	0	2

0.0000000000000000e+00	0.0000000000000000e+00	0.0000000000000000e+00	5.8823529411764705e-02	1.1764705882352941e-01	1.7647058823529413e-01	2.3529411764705882e-01	2.9411764705882354e-01	3.5294117647058826e-01	4.1176470588235292e-01	4.7058823529411764e-01	5.2941176470588236e-01	5.8823529411764708e-01	6.4705882352941180e-01	7.0588235294117652e-01	7.6470588235294112e-01	8.2352941176470584e-01	8.8235294117647056e-01	9.4117647058823528e-01	1.0000000000000000e+00	1.0000000000000000e+00	1.0000000000000000e+00
0.0000000000000000e+00	0.0000000000000000e+00	0.0000000000000000e+00	3.4482758620689655e-02	6.8965517241379309e-02	1.0344827586206896e-01	1.3793103448275862e-01	1.7241379310344829e-01	2.0689655172413793e-01	2.4137931034482760e-01	2.7586206896551724e-01	3.1034482758620691e-01	3.4482758620689657e-01	3.7931034482758619e-01	4.1379310344827586e-01	4.4827586206896552e-01	4.8275862068965519e-01	5.1724137931034486e-01	5.5172413793103448e-01	5.8620689655172409e-01	6.2068965517241381e-01	6.5517241379310343e-01	6.8965517241379315e-01	7.2413793103448276e-01	7.5862068965517238e-01	7.9310344827586210e-01	8.2758620689655171e-01	8.6206896551724133e-01	8.9655172413793105e-01	9.3103448275862066e-01	9.6551724137931039e-01	1.0000000000000000e+00	1.0000000000000000e+00	1.0000000000000000e+00

0	-5.0000000000000000e+01	-1.0000000000000000e+02	1.0000000000000000e+00
1	-4.7058823529411761e+01	-9.9999999999999986e+01	1.0000000000000000e+00
2	-4.1176470588235297e+01	-1.0000000000000000e+02	9.9999999999999989e-01
3	-3.5294117647058826e+01	-1.0000000000000001e+02	9.9999999999999989e-01
4	-2.9411764705882351e+01	-1.0000000000000001e+02	9.9999999999999978e-01
5	-2.3529411764705877e+01	-9.9999999999999986e+01	1.0000000000000000e+00
6	-1.7647058823529409e+01	-1.0000000000000000e+02	9.9999999999999989e-01
7	-1.1764705882352938e+01	-1.0000000000000000e+02	1.0000000000000000e+00
8	-5.8823529411764710e+00	-1.0000000000000000e+02	1.0000000000000000e+00
9	0.0000000000000000e+00	-1.0000000000000000e+02	1.0000000000000000e+00
10	5.8823529411764710e+00	-1.0000000000000000e+02	1.0000000000000000e+00
11	1.1764705882352947e+01	-1.0000000000000000e+02	1.0000000000000000e+00
12	1.7647058823529417e+01	-1.0000000000000000e+02	1.0000000000000000e+00
13	2.3529411764705877e+01	-1.0000000000000000e+02	1.0000000000000000e+00
14	2.9411764705882344e+01	-1.0000000000000000e+02	1.0000000000000000e+00
15	3.5294117647058819e+01	-1.0000000000000000e+02	1.0000000000000000e+00
16	4.1176470588235290e+01	-1.0000000000000000e+02	1.0000000000000000e+00
17	4.7058823529411761e+01	-1.0000000000000000e+02	1.0000000000000000e+00
18	5.0000000000000000e+01	-1.0000000000000000e+02	1.0000000000000000e+00
19	-5.0000000000000000e+01	-9.6551724137931032e+01	1.0000000000000000e+00
20	-4.7058823529411761e+01	-9.6551724137931032e+01	1.0000000000000000e+00
21	-4.1176470588235297e+01	-9.6551724137931046e+01	9.9999999999999989e-01
22	-3.5294117647058833e+01	-9.6551724137931046e+01	9.9999999999999989e-01
23	-2.9411764705882355e+01	-9.6551724137931060e+01	9.9999999999999978e-01
24	-2.3529411764705877e+01	-9.6551724137931032e+01	1.0000000000000000e+00
25	-1.7647058823529413e+01	-9.6551724137931046e+01	9.9999999999999989e-01
26	-1.1764705882352938e+01	-9.6551724137931032e+01	1.0000000000000000e+00
27	-5.8823529411764710e+00	-9.6551724137931032e+01	1.0000000000000000e+00
28	0.0000000000000000e+00	-9.6551724137931032e+01	1.0000000000000000e+00
29	5.8823529411764710e+00	-9.6551724137931032e+01	1.0000000000000000e+00
30	1.1764705882352947e+01	-9.6551724137931032e+01	1.0000000000000000e+00
31	1.7647058823529420e+01	-9.6551724137931032e+01	1.0000000000000000e+00
32	2.3529411764705877e+01	-9.6551724137931032e+01	1.0000000000000000e+00
33	2.9411764705882348e+01	-9.6551724137931032e+01	1.0000000000000000e+00
34	3.5294117647058826e+01	-9.6551724137931032e+01	1.0000000000000000e+00
35	4.1176470588235290e+01	-9.6551724137931032e+01	1.0000000000000000e+00
36	4.7058823529411761e+01	-9.6551724137931032e+01	1.0000000000000000e+00
37	5.0000000000000000e+01	-9.6551724137931032e+01	1.0000000000000000e+00
38	-5.0000000000000000e+01	-8.9655172413793096e+01	1.0000000000000000e+00
39	-4.7058823529411761e+01	-8.9655172413793082e+01	1.0000000000000000e+00
40	-4.1176470588235297e+01	-8.9655172413793096e+01	9.9999999999999989e-01
41	-3.5294117647058826e+01	-8.9655172413793110e+01	9.9999999999999989e-01
42	-2.9411764705882351e+01	-8.9655172413793110e+01	9.9999999999999967e-01
43	-2.3529411764705873e+01	-8.9655172413793082e+01	1.0000000000000000e+00
44	-1.7647058823529413e+01	-8.9655172413793096e+01	9.9999999999999989e-01
45	-1.1764705882352937e+01	-8.9655172413793096e+01	1.0000000000000000e+00
46	-5.8823529411764710e+00	-8.9655172413793096e+01	1.0000000000000000e+00
47	0.0000000000000000e+00	-8.9655172413793096e+01	1.0000000000000000e+00
48	5.8823529411764710e+00	-8.9655172413793096e+01	1.0000000000000000e+00
49	1.1764705882352946e+01	-8.9655172413793096e+01	1.0000000000000000e+00
50	1.7647058823529417e+01	-8.9655172413793096e+01	1.0000000000000000e+00
51	2.3529411764705873e+01	-8.9655172413793096e+01	1.0000000000000000e+00
52	2.9411764705882341e+01	-8.9655172413793096e+01	1.0000000000000000e+00
53	3.5294117647058819e+01	-8.9655172413793096e+01	1.0000000000000000e+00
54	4.1176470588235290e+01	-8.9655172413793096e+01	1.0000000000000000e+00
55	4.7058823529411761e+01	-8.9655172413793096e+01	1.0000000000000000e+00
56	5.0000000000000000e+01	-8.9655172413793096e+01	1.0000000000000000e+00
57	-5.0000000000000000e+01	-8.2758620689655174e+01	1.0000000000000000e+00
58	-4.7058823529411761e+01	-8.2758620689655160e+01	1.0000000000000000e+00
59	-4.1176470588235297e+01	-8.2758620689655174e+01	9.9999999999999989e-01
60	-3.5294117647058826e+01	-8.2758620689655189e+01	9.9999999999999989e-01
61	-2.9411764705882351e+01	-8.2758620689655174e+01	9.9999999999999978e-01
62	-2.3529411764705877e+01	-8.2758620689655160e+01	1.0000000000000000e+00
63	-1.7647058823529409e+01	-8.2758620689655174e+01	9.9999999999999989e-01
64	-1.1764705882352938e+01	-8.2758620689655174e+01	1.0000000000000000e+00
65	-5.8823529411764701e+00	-8.2758620689655174e+01	1.0000000000000000e+00
66	0.0000000000000000e+00	-8.2758620689655174e+01	1.0000000000000000e+00
67	5.8823529411764701e+00	-8.2758620689655174e+01	1.0000000000000000e+00
68	1.1764705882352947e+01	-8.2758620689655174e+01	1.0000000000000000e+00
69	1.7647058823529417e+01	-8.2758620689655174e+01	1.0000000000000000e+00
70	2.3529411764705877e+01	-8.2758620689655174e+01	1.0000000000000000e+00
71	2.9411764705882344e+01	-8.2758620689655174e+01	1.0000000000000000e+00
72	3.5294117647058819e+01	-8.2758620689655174e+01	1.0000000000000000e+00
73	4.1176470588235290e+01	-8.2758620689655174e+01	1.0000000000000000e+00
74	4.7058823529411761e+01	-8.2758620689655174e+01	1.0000000000000000e+00
75	5.0000000000000000e+01	-8.2758620689655174e+01	1.0000000000000000e+00
76	-5.0000000000000000e+01	-7.5862068965517238e+01	1.0000000000000000e+00
77	-4.7058823529411768e+01	-7.5862068965517238e+01	1.0000000000000000e+00
78	-4.1176470588235297e+01	-7.5862068965517253e+01	9.9999999999999989e-01
79	-3.5294117647058826e+01	-7.5862068965517253e+01	9.9999999999999989e-01
80	-2.9411764705882351e+01	-7.5862068965517253e+01	9.9999999999999978e-01
81	-2.3529411764705880e+01	-7.5862068965517238e+01	1.0000000000000000e+00
82	-1.7647058823529409e+01	-7.5862068965517253e+01	9.9999999999999989e-01
83	-1.1764705882352940e+01	-7.5862068965517238e+01	1.0000000000000000e+00
84	-5.8823529411764710e+00	-7.5862068965517238e+01	1.0000000000000000e+00
85	0.0000000000000000e+00	-7.5862068965517238e+01	1.0000000000000000e+00
86	5.8823529411764710e+00	-7.5862068965517238e+01	1.0000000000000000e+00
87	1.1764705882352947e+01	-7.5862068965517238e+01	1.0000000000000000e+00
88	1.7647058823529420e+01	-7.5862068965517238e+01	1.0000000000000000e+00
89	2.3529411764705880e+01	-7.5862068965517238e+01	1.0000000000000000e+00
90	2.9411764705882344e+01	-7.5862068965517238e+01	1.0000000000000000e+00
91	3.5294117647058819e+01	-7.5862068965517238e+01	1.0000000000000000e+00
92	4.1176470588235290e+01	-7.5862068965517238e+01	1.0000000000000000e+00
93	4.7058823529411768e+01	-7.5862068965517238e+01	1.0000000000000000e+00
94	5.0000000000000000e+01	-7.5862068965517238e+01	1.0000000000000000e+00
95	-5.0000000000000000e+01	-6.8965517241379303e+01	1.0000000000000000e+00
96	-4.7058823529411761e+01	-6.8965517241379288e+01	1.0000000000000000e+00
97	-4.1176470588235297e+01	-6.8965517241379303e+01	9.9999999999999989e-01
98	-3.5294117647058826e+01	-6.8965517241379317e+01	9.9999999999999989e-01
99	-2.9411764705882348e+01	-6.8965517241379303e+01	9.9999999999999989e-01
100	-2.3529411764705877e+01	-6.8965517241379288e+01	1.0000000000000000e+00
101	-1.7647058823529409e+01	-6.8965517241379303e+01	9.9999999999999989e-01
102	-1.1764705882352938e+01	-6.8965517241379303e+01	1.0000000000000000e+00
103	-5.8823529411764719e+00	-6.8965517241379303e+01	1.0000000000000000e+00
104	0.0000000000000000e+00	-6.8965517241379303e+01	1.0000000000000000e+00
105	5.8823529411764719e+00	-6.8965517241379303e+01	1.0000000000000000e+00
106	1.1764705882352947e+01	-6.8965517241379303e+01	1.0000000000000000e+00
107	1.7647058823529417e+01	-6.8965517241379303e+01	1.0000000000000000e+00
108	2.3529411764705877e+01	-6.8965517241379303e+01	1.0000000000000000e+00
109	2.9411764705882344e+01	-6.8965517241379303e+01	1.0000000000000000e+00
110	3.5294117647058819e+01	-6.8965517241379303e+01	1.0000000000000000e+00
111	4.1176470588235290e+01	-6.8965517241379303e+01	1.0000000000000000e+00
112	4.7058823529411761e+01	-6.8965517241379303e+01	1.0000000000000000e+00
113	5.0000000000000000e+01	-6.8965517241379303e+01	1.0000000000000000e+00
114	-5.0000000000000000e+01	-6.2068965517241381e+01	1.0000000000000000e+00
115	-4.7058823529411761e+01	-6.2068965517241381e+01	1.0000000000000000e+00
116	-4.1176470588235290e+01	-6.2068965517241388e+01	9.9999999999999989e-01
117	-3.5294117647058826e+01	-6.2068965517241388e+01	9.9999999999999989e-01
118	-2.9411764705882348e+01	-6.2068965517241388e+01	9.9999999999999989e-01
119	-2.3529411764705877e+01	-6.2068965517241381e+01	1.0000000000000000e+00
120	-1.7647058823529409e+01	-6.2068965517241388e+01	9.9999999999999989e-01
121	-1.1764705882352938e+01	-6.2068965517241381e+01	1.0000000000000000e+00
122	-5.8823529411764710e+00	-6.2068965517241381e+01	1.0000000000000000e+00
123	0.0000000000000000e+00	-6.2068965517241381e+01	1.0000000000000000e+00
124	5.8823529411764710e+00	-6.2068965517241381e+01	1.0000000000000000e+00
125	1.1764705882352947e+01	-6.2068965517241381e+01	1.0000000000000000e+00
126	1.7647058823529417e+01	-6.2068965517241381e+01	1.0000000000000000e+00
127	2.3529411764705877e+01	-6.2068965517241381e+01	1.0000000000000000e+00
128	2.9411764705882344e+01	-6.2068965517241381e+01	1.0000000000000000e+00
129	3.5294117647058819e+01	-6.2068965517241381e+01	1.0000000000000000e+00
130	4.1176470588235283e+01	-6.2068965517241381e+01	1.0000000000000000e+00
131	4.7058823529411761e+01	-6.2068965517241381e+01	1.0000000000000000e+00
132	5.0000000000000000e+01	-6.2068965517241381e+01	1.0000000000000000e+00
133	-5.0000000000000000e+01	-5.5172413793103445e+01	1.0000000000000000e+00
134	-4.7058823529411761e+01	-5.5172413793103445e+01	1.0000000000000000e+00
135	-4.1176470588235304e+01	-5.5172413793103452e+01	9.9999999999999989e-01
136	-3.5294117647058833e+01	-5.5172413793103452e+01	9.9999999999999989e-01
137	-2.9411764705882359e+01	-5.5172413793103459e+01	9.9999999999999978e-01
138	-2.3529411764705880e+01	-5.5172413793103445e+01	1.0000000000000000e+00
139	-1.7647058823529409e+01	-5.5172413793103452e+01	9.9999999999999989e-01
140	-1.1764705882352940e+01	-5.5172413793103445e+01	1.0000000000000000e+00
141	-5.8823529411764719e+00	-5.5172413793103445e+01	1.0000000000000000e+00
142	0.0000000000000000e+00	-5.5172413793103445e+01	1.0000000000000000e+00
143	5.8823529411764719e+00	-5.5172413793103445e+01	1.0000000000000000e+00
144	1.1764705882352947e+01	-5.5172413793103445e+01	1.0000000000000000e+00
145	1.7647058823529420e+01	-5.5172413793103445e+01	1.0000000000000000e+00
146	2.3529411764705880e+01	-5.5172413793103445e+01	1.0000000000000000e+00
147	2.9411764705882351e+01	-5.5172413793103445e+01	1.0000000000000000e+00
148	3.5294117647058826e+01	-5.5172413793103445e+01	1.0000000000000000e+00
149	4.1176470588235297e+01	-5.5172413793103445e+01	1.0000000000000000e+00
150	4.7058823529411761e+01	-5.5172413793103445e+01	1.0000000000000000e+00
151	5.0000000000000000e+01	-5.5172413793103445e+01	1.0000000000000000e+00
152	-5.0000000000000000e+01	-4.8275862068965516e+01	1.0000000000000000e+00
153	-4.7058823529411761e+01	-4.8275862068965509e+01	1.0000000000000000e+00
154	-4.1176470588235304e+01	-4.8275862068965516e+01	9.9999999999999989e-01
155	-3.5294117647058833e+01	-4.8275862068965523e+01	9.9999999999999989e-01
156	-2.9411764705882351e+01	-4.8275862068965523e+01	9.9999999999999978e-01
157	-2.3529411764705880e+01	-4.8275862068965509e+01	1.0000000000000000e+00
158	-1.7647058823529413e+01	-4.8275862068965516e+01	9.9999999999999989e-01
159	-1.1764705882352940e+01	-4.8275862068965516e+01	1.0000000000000000e+00
160	-5.8823529411764719e+00	-4.8275862068965516e+01	1.0000000000000000e+00
161	0.0000000000000000e+00	-4.8275862068965516e+01	1.0000000000000000e+00
162	5.8823529411764719e+00	-4.8275862068965516e+01	1.0000000000000000e+00
163	1.1764705882352947e+01	-4.8275862068965516e+01	1.0000000000000000e+00
164	1.7647058823529417e+01	-4.8275862068965516e+01	1.0000000000000000e+00
165	2.3529411764705880e+01	-4.8275862068965516e+01	1.0000000000000000e+00
166	2.9411764705882344e+01	-4.8275862068965516e+01	1.0000000000000000e+00
167	3.5294117647058826e+01	-4.8275862068965516e+01	1.0000000000000000e+00
168	4.1176470588235297e+01	-4.8275862068965516e+01	1.0000000000000000e+00
169	4.7058823529411761e+01	-4.8275862068965516e+01	1.0000000000000000e+00
170	5.0000000000000000e+01	-4.8275862068965516e+01	1.0000000000000000e+00
171	-5.0000000000000000e+01	-4.1379310344827587e+01	1.0000000000000000e+00
172	-4.7058823529411754e+01	-4.1379310344827587e+01	1.0000000000000000e+00
173	-4.1176470588235290e+01	-4.1379310344827587e+01	1.0000000000000000e+00
174	-3.5294117647058819e+01	-4.1379310344827587e+01	1.0000000000000000e+00
175	-2.9411764705882355e+01	-4.1379310344827594e+01	9.9999999999999978e-01
176	-2.3529411764705877e+01	-4.1379310344827587e+01	1.0000000000000000e+00
177	-1.7647058823529406e+01	-4.1379310344827587e+01	1.0000000000000000e+00
178	-1.1764705882352938e+01	-4.1379310344827587e+01	1.0000000000000000e+00
179	-5.8823529411764719e+00	-4.1379310344827587e+01	1.0000000000000000e+00
180	0.0000000000000000e+00	-4.1379310344827587e+01	1.0000000000000000e+00
181	5.8823529411764719e+00	-4.1379310344827587e+01	1.0000000000000000e+00
182	1.1764705882352947e+01	-4.1379310344827587e+01	1.0000000000000000e+00
183	1.7647058823529420e+01	-4.1379310344827587e+01	1.0000000000000000e+00
184	2.3529411764705877e+01	-4.1379310344827587e+01	1.0000000000000000e+00
185	2.9411764705882348e+01	-4.1379310344827587e+01	1.0000000000000000e+00
186	3.5294117647058819e+01	-4.1379310344827587e+01	1.0000000000000000e+00
187	4.1176470588235290e+01	-4.1379310344827587e+01	1.0000000000000000e+00
188	4.7058823529411754e+01	-4.1379310344827587e+01	1.0000000000000000e+00
189	5.0000000000000000e+01	-4.1379310344827587e+01	1.0000000000000000e+00
190	-5.0000000000000007e+01	-3.4482758620689658e+01	1.0000000000000000e+00
191	-4.7058823529411768e+01	-3.4482758620689651e+01	1.0000000000000000e+00
192	-4.1176470588235297e+01	-3.4482758620689658e+01	9.9999999999999989e-01
193	-3.5294117647058826e+01	-3.4482758620689665e+01	9.9999999999999989e-01
194	-2.9411764705882348e+01	-3.4482758620689658e+01	9.9999999999999978e-01
195	-2.3529411764705877e+01	-3.4482758620689651e+01	1.0000000000000000e+00
196	-1.7647058823529409e+01	-3.4482758620689658e+01	9.9999999999999989e-01
197	-1.1764705882352938e+01	-3.4482758620689658e+01	1.0000000000000000e+00
198	-5.8823529411764710e+00	-3.4482758620689658e+01	1.0000000000000000e+00
199	0.0000000000000000e+00	-3.4482758620689658e+01	1.0000000000000000e+00
200	5.8823529411764710e+00	-3.4482758620689658e+01	1.0000000000000000e+00
201	1.1764705882352947e+01	-3.4482758620689658e+01	1.0000000000000000e+00
202	1.7647058823529417e+01	-3.4482758620689658e+01	1.0000000000000000e+00
203	2.3529411764705877e+01	-3.4482758620689658e+01	1.0000000000000000e+00
204	2.9411764705882341e+01	-3.4482758620689658e+01	1.0000000000000000e+00
205	3.5294117647058819e+01	-3.4482758620689658e+01	1.0000000000000000e+00
206	4.1176470588235290e+01	-3.4482758620689658e+01	1.0000000000000000e+00
207	4.7058823529411768e+01	-3.4482758620689658e+01	1.0000000000000000e+00
208	5.0000000000000007e+01	-3.4482758620689658e+01	1.0000000000000000e+00
209	-4.9999999999999993e+01	-2.7586206896551719e+01	1.0000000000000000e+00
210	-4.7058823529411754e+01	-2.7586206896551722e+01	1.0000000000000000e+00
211	-4.1176470588235297e+01	-2.7586206896551730e+01	9.9999999999999978e-01
212	-3.5294117647058826e+01	-2.7586206896551726e+01	9.9999999999999978e-01
213	-2.9411764705882351e+01	-2.7586206896551730e+01	9.9999999999999978e-01
214	-2.3529411764705877e+01	-2.7586206896551722e+01	1.0000000000000000e+00
215	-1.7647058823529409e+01	-2.7586206896551730e+01	9.9999999999999978e-01
216	-1.1764705882352938e+01	-2.7586206896551719e+01	1.0000000000000000e+00
217	-5.8823529411764710e+00	-2.7586206896551719e+01	1.0000000000000000e+00
218	0.0000000000000000e+00	-2.7586206896551719e+01	1.0000000000000000e+00
219	5.8823529411764710e+00	-2.7586206896551719e+01	1.0000000000000000e+00
220	1.1764705882352947e+01	-2.7586206896551719e+01	1.0000000000000000e+00
221	1.7647058823529417e+01	-2.7586206896551719e+01	1.0000000000000000e+00
222	2.3529411764705877e+01	-2.7586206896551719e+01	1.0000000000000000e+00
223	2.9411764705882344e+01	-2.7586206896551719e+01	1.0000000000000000e+00
224	3.5294117647058819e+01	-2.7586206896551719e+01	1.0000000000000000e+00
225	4.1176470588235290e+01	-2.7586206896551719e+01	1.0000000000000000e+00
226	4.7058823529411754e+01	-2.7586206896551719e+01	1.0000000000000000e+00
227	4.9999999999999993e+01	-2.7586206896551719e+01	1.0000000000000000e+00
228	-5.0000000000000007e+01	-2.0689655172413801e+01	1.0000000000000000e+00
229	-4.7058823529411768e+01	-2.0689655172413801e+01	1.0000000000000000e+00
230	-4.1176470588235297e+01	-2.0689655172413804e+01	9.9999999999999989e-01
231	-3.5294117647058826e+01	-2.0689655172413804e+01	9.9999999999999989e-01
232	-2.9411764705882348e+01	-2.0689655172413804e+01	9.9999999999999989e-01
233	-2.3529411764705877e+01	-2.0689655172413801e+01	1.0000000000000000e+00
234	-1.7647058823529409e+01	-2.0689655172413804e+01	9.9999999999999989e-01
235	-1.1764705882352938e+01	-2.0689655172413801e+01	1.0000000000000000e+00
236	-5.8823529411764710e+00	-2.0689655172413801e+01	1.0000000000000000e+00
237	0.0000000000000000e+00	-2.0689655172413801e+01	1.0000000000000000e+00
238	5.8823529411764710e+00	-2.0689655172413801e+01	1.0000000000000000e+00
239	1.1764705882352947e+01	-2.0689655172413801e+01	1.0000000000000000e+00
240	1.7647058823529420e+01	-2.0689655172413801e+01	1.0000000000000000e+00
241	2.3529411764705877e+01	-2.0689655172413801e+01	1.0000000000000000e+00
242	2.9411764705882344e+01	-2.0689655172413801e+01	1.0000000000000000e+00
243	3.5294117647058819e+01	-2.0689655172413801e+01	1.0000000000000000e+00
244	4.1176470588235290e+01	-2.0689655172413801e+01	1.0000000000000000e+00
245	4.7058823529411768e+01	-2.0689655172413801e+01	1.0000000000000000e+00
246	5.0000000000000007e+01	-2.0689655172413801e+01	1.0000000000000000e+00
247	-5.0000000000000007e+01	-1.3793103448275868e+01	1.0000000000000000e+00
248	-4.7058823529411761e+01	-1.3793103448275865e+01	1.0000000000000000e+00
249	-4.1176470588235297e+01	-1.3793103448275868e+01	9.9999999999999978e-01
250	-3.5294117647058826e+01	-1.3793103448275872e+01	9.9999999999999978e-01
251	-2.9411764705882351e+01	-1.3793103448275868e+01	9.9999999999999978e-01
252	-2.3529411764705877e+01	-1.3793103448275865e+01	1.0000000000000000e+00
253	-1.7647058823529409e+01	-1.3793103448275868e+01	9.9999999999999978e-01
254	-1.1764705882352938e+01	-1.3793103448275868e+01	1.0000000000000000e+00
255	-5.8823529411764710e+00	-1.3793103448275868e+01	1.0000000000000000e+00
256	0.0000000000000000e+00	-1.3793103448275868e+01	1.0000000000000000e+00
257	5.8823529411764710e+00	-1.3793103448275868e+01	1.0000000000000000e+00
258	1.1764705882352946e+01	-1.3793103448275868e+01	1.0000000000000000e+00
259	1.7647058823529417e+01	-1.3793103448275868e+01	1.0000000000000000e+00
260	2.3529411764705877e+01	-1.3793103448275868e+01	1.0000000000000000e+00
261	2.9411764705882344e+01	-1.3793103448275868e+01	1.0000000000000000e+00
262	3.5294117647058819e+01	-1.3793103448275868e+01	1.0000000000000000e+00
263	4.1176470588235290e+01	-1.3793103448275868e+01	1.0000000000000000e+00
264	4.7058823529411761e+01	-1.3793103448275868e+01	1.0000000000000000e+00
265	5.0000000000000007e+01	-1.3793103448275868e+01	1.0000000000000000e+00
266	-4.9999999999999993e+01	-6.8965517241379217e+00	1.0000000000000000e+00
267	-4.7058823529411754e+01	-6.8965517241379217e+00	1.0000000000000000e+00
268	-4.1176470588235304e+01	-6.8965517241379244e+00	9.9999999999999967e-01
269	-3.5294117647058833e+01	-6.8965517241379244e+00	9.9999999999999967e-01
270	-2.9411764705882351e+01	-6.8965517241379244e+00	9.9999999999999967e-01
271	-2.3529411764705873e+01	-6.8965517241379217e+00	1.0000000000000000e+00
272	-1.7647058823529413e+01	-6.8965517241379244e+00	9.9999999999999967e-01
273	-1.1764705882352937e+01	-6.8965517241379217e+00	1.0000000000000000e+00
274	-5.8823529411764701e+00	-6.8965517241379217e+00	1.0000000000000000e+00
275	0.0000000000000000e+00	-6.8965517241379217e+00	1.0000000000000000e+00
276	5.8823529411764701e+00	-6.8965517241379217e+00	1.0000000000000000e+00
277	1.1764705882352946e+01	-6.8965517241379217e+00	1.0000000000000000e+00
278	1.7647058823529413e+01	-6.8965517241379217e+00	1.0000000000000000e+00
279	2.3529411764705873e+01	-6.8965517241379217e+00	1.0000000000000000e+00
280	2.9411764705882341e+01	-6.8965517241379217e+00	1.0000000000000000e+00
281	3.5294117647058819e+01	-6.8965517241379217e+00	1.0000000000000000e+00
282	4.1176470588235290e+01	-6.8965517241379217e+00	1.0000000000000000e+00
283	4.7058823529411754e+01	-6.8965517241379217e+00	1.0000000000000000e+00
284	4.9999999999999993e+01	-6.8965517241379217e+00	1.0000000000000000e+00
285	-5.0000000000000007e+01	0.0000000000000000e+00	9.9999999999999989e-01
286	-4.7058823529411775e+01	0.0000000000000000e+00	9.9999999999999989e-01
287	-4.1176470588235297e+01	0.0000000000000000e+00	9.9999999999999978e-01
288	-3.5294117647058819e+01	0.0000000000000000e+00	9.9999999999999978e-01
289	-2.9411764705882351e+01	0.0000000000000000e+00	9.9999999999999978e-01
290	-2.3529411764705880e+01	0.0000000000000000e+00	9.9999999999999989e-01
291	-1.7647058823529406e+01	0.0000000000000000e+00	9.9999999999999978e-01
292	-1.1764705882352940e+01	0.0000000000000000e+00	9.9999999999999989e-01
293	-5.8823529411764719e+00	0.0000000000000000e+00	9.9999999999999989e-01
294	0.0000000000000000e+00	0.0000000000000000e+00	9.9999999999999989e-01
295	5.8823529411764719e+00	0.0000000000000000e+00	9.9999999999999989e-01
296	1.1764705882352947e+01	0.0000000000000000e+00	9.9999999999999989e-01
297	1.7647058823529420e+01	0.0000000000000000e+00	9.9999999999999989e-01
298	2.3529411764705880e+01	0.0000000000000000e+00	9.9999999999999989e-01
299	2.9411764705882348e+01	0.0000000000000000e+00	9.9999999999999989e-01
300	3.5294117647058819e+01	0.0000000000000000e+00	9.9999999999999989e-01
301	4.1176470588235297e+01	0.0000000000000000e+00	9.9999999999999989e-01
302	4.7058823529411775e+01	0.0000000000000000e+00	9.9999999999999989e-01
303	5.0000000000000007e+01	0.0000000000000000e+00	9.9999999999999989e-01
304	-5.0000000000000000e+01	6.8965517241379324e+00	1.0000000000000000e+00
305	-4.7058823529411761e+01	6.8965517241379288e+00	1.0000000000000000e+00
306	-4.1176470588235290e+01	6.8965517241379288e+00	1.0000000000000000e+00
307	-3.5294117647058819e+01	6.8965517241379324e+00	1.0000000000000000e+00
308	-2.9411764705882355e+01	6.8965517241379306e+00	9.9999999999999978e-01
309	-2.3529411764705877e+01	6.8965517241379288e+00	1.0000000000000000e+00
310	-1.7647058823529406e+01	6.8965517241379288e+00	1.0000000000000000e+00
311	-1.1764705882352938e+01	6.8965517241379324e+00	1.0000000000000000e+00
312	-5.8823529411764710e+00	6.8965517241379324e+00	1.0000000000000000e+00
313	0.0000000000000000e+00	6.8965517241379324e+00	1.0000000000000000e+00
314	5.8823529411764710e+00	6.8965517241379324e+00	1.0000000000000000e+00
315	1.1764705882352947e+01	6.8965517241379324e+00	1.0000000000000000e+00
316	1.7647058823529417e+01	6.8965517241379324e+00	1.0000000000000000e+00
317	2.3529411764705877e+01	6.8965517241379324e+00	1.0000000000000000e+00
318	2.9411764705882348e+01	6.8965517241379324e+00	1.0000000000000000e+00
319	3.5294117647058819e+01	6.8965517241379324e+00	1.0000000000000000e+00
320	4.1176470588235290e+01	6.8965517241379324e+00	1.0000000000000000e+00
321	4.7058823529411761e+01	6.8965517241379324e+00	1.0000000000000000e+00
322	5.0000000000000000e+01	6.8965517241379324e+00	1.0000000000000000e+00
323	-5.0000000000000000e+01	1.3793103448275858e+01	1.0000000000000000e+00
324	-4.7058823529411761e+01	1.3793103448275854e+01	1.0000000000000000e+00
325	-4.1176470588235297e+01	1.3793103448275858e+01	9.9999999999999978e-01
326	-3.5294117647058826e+01	1.3793103448275861e+01	9.9999999999999978e-01
327	-2.9411764705882355e+01	1.3793103448275858e+01	9.9999999999999978e-01
328	-2.3529411764705877e+01	1.3793103448275854e+01	1.0000000000000000e+00
329	-1.7647058823529409e+01	1.3793103448275858e+01	9.9999999999999978e-01
330	-1.1764705882352938e+01	1.3793103448275858e+01	1.0000000000000000e+00
331	-5.8823529411764710e+00	1.3793103448275858e+01	1.0000000000000000e+00
332	0.0000000000000000e+00	1.3793103448275858e+01	1.0000000000000000e+00
333	5.8823529411764710e+00	1.3793103448275858e+01	1.0000000000000000e+00
334	1.1764705882352946e+01	1.3793103448275858e+01	1.0000000000000000e+00
335	1.7647058823529417e+01	1.3793103448275858e+01	1.0000000000000000e+00
336	2.3529411764705877e+01	1.3793103448275858e+01	1.0000000000000000e+00
337	2.9411764705882348e+01	1.3793103448275858e+01	1.0000000000000000e+00
338	3.5294117647058819e+01	1.3793103448275858e+01	1.0000000000000000e+00
339	4.1176470588235290e+01	1.3793103448275858e+01	1.0000000000000000e+00
340	4.7058823529411761e+01	1.3793103448275858e+01	1.0000000000000000e+00
341	5.0000000000000000e+01	1.3793103448275858e+01	1.0000000000000000e+00
342	-5.0000000000000000e+01	2.0689655172413797e+01	1.0000000000000000e+00
343	-4.7058823529411761e+01	2.0689655172413794e+01	1.0000000000000000e+00
344	-4.1176470588235297e+01	2.0689655172413797e+01	9.9999999999999978e-01
345	-3.5294117647058826e+01	2.0689655172413801e+01	9.9999999999999978e-01
346	-2.9411764705882351e+01	2.0689655172413797e+01	9.9999999999999978e-01
347	-2.3529411764705877e+01	2.0689655172413794e+01	1.0000000000000000e+00
348	-1.7647058823529409e+01	2.0689655172413797e+01	9.9999999999999978e-01
349	-1.1764705882352938e+01	2.0689655172413797e+01	1.0000000000000000e+00
350	-5.8823529411764710e+00	2.0689655172413797e+01	1.0000000000000000e+00
351	0.0000000000000000e+00	2.0689655172413797e+01	1.0000000000000000e+00
352	5.8823529411764710e+00	2.0689655172413797e+01	1.0000000000000000e+00
353	1.1764705882352947e+01	2.0689655172413797e+01	1.0000000000000000e+00
354	1.7647058823529417e+01	2.0689655172413797e+01	1.0000000000000000e+00
355	2.3529411764705877e+01	2.0689655172413797e+01	1.0000000000000000e+00
356	2.9411764705882344e+01	2.0689655172413797e+01	1.0000000000000000e+00
357	3.5294117647058819e+01	2.0689655172413797e+01	1.0000000000000000e+00
358	4.1176470588235290e+01	2.0689655172413797e+01	1.0000000000000000e+00
359	4.7058823529411761e+01	2.0689655172413797e+01	1.0000000000000000e+00
360	5.0000000000000000e+01	2.0689655172413797e+01	1.0000000000000000e+00
361	-5.0000000000000000e+01	2.7586206896551719e+01	1.0000000000000000e+00
362	-4.7058823529411761e+01	2.7586206896551722e+01	1.0000000000000000e+00
363	-4.1176470588235297e+01	2.7586206896551730e+01	9.9999999999999978e-01
364	-3.5294117647058819e+01	2.7586206896551726e+01	9.9999999999999978e-01
365	-2.9411764705882348e+01	2.7586206896551730e+01	9.9999999999999978e-01
366	-2.3529411764705877e+01	2.7586206896551722e+01	1.0000000000000000e+00
367	-1.7647058823529409e+01	2.7586206896551730e+01	9.9999999999999978e-01
368	-1.1764705882352938e+01	2.7586206896551719e+01	1.0000000000000000e+00
369	-5.8823529411764710e+00	2.7586206896551719e+01	1.0000000000000000e+00
370	0.0000000000000000e+00	2.7586206896551719e+01	1.0000000000000000e+00
371	5.8823529411764710e+00	2.7586206896551719e+01	1.0000000000000000e+00
372	1.1764705882352947e+01	2.7586206896551719e+01	1.0000000000000000e+00
373	1.7647058823529417e+01	2.7586206896551719e+01	1.0000000000000000e+00
374	2.3529411764705877e+01	2.7586206896551719e+01	1.0000000000000000e+00
375	2.9411764705882341e+01	2.7586206896551719e+01	1.0000000000000000e+00
376	3.5294117647058812e+01	2.7586206896551719e+01	1.0000000000000000e+00
377	4.1176470588235290e+01	2.7586206896551719e+01	1.0000000000000000e+00
378	4.7058823529411761e+01	2.7586206896551719e+01	1.0000000000000000e+00
379	5.0000000000000000e+01	2.7586206896551719e+01	1.0000000000000000e+00
380	-5.0000000000000000e+01	3.4482758620689658e+01	1.0000000000000000e+00
381	-4.7058823529411761e+01	3.4482758620689651e+01	1.0000000000000000e+00
382	-4.1176470588235297e+01	3.4482758620689658e+01	9.9999999999999978e-01
383	-3.5294117647058826e+01	3.4482758620689665e+01	9.9999999999999978e-01
384	-2.9411764705882351e+01	3.4482758620689658e+01	9.9999999999999978e-01
385	-2.3529411764705877e+01	3.4482758620689651e+01	1.0000000000000000e+00
386	-1.7647058823529409e+01	3.4482758620689658e+01	9.9999999999999978e-01
387	-1.1764705882352938e+01	3.4482758620689658e+01	1.0000000000000000e+00
388	-5.8823529411764710e+00	3.4482758620689658e+01	1.0000000000000000e+00
389	0.0000000000000000e+00	3.4482758620689658e+01	1.0000000000000000e+00
390	5.8823529411764710e+00	3.4482758620689658e+01	1.0000000000000000e+00
391	1.1764705882352947e+01	3.4482758620689658e+01	1.0000000000000000e+00
392	1.7647058823529417e+01	3.4482758620689658e+01	1.0000000000000000e+00
393	2.3529411764705877e+01	3.4482758620689658e+01	1.0000000000000000e+00
394	2.9411764705882344e+01	3.4482758620689658e+01	1.0000000000000000e+00
395	3.5294117647058819e+01	3.4482758620689658e+01	1.0000000000000000e+00
396	4.1176470588235290e+01	3.4482758620689658e+01	1.0000000000000000e+00
397	4.7058823529411761e+01	3.4482758620689658e+01	1.0000000000000000e+00
398	5.0000000000000000e+01	3.4482758620689658e+01	1.0000000000000000e+00
399	-5.0000000000000000e+01	4.1379310344827587e+01	1.0000000000000000e+00
400	-4.7058823529411761e+01	4.1379310344827587e+01	1.0000000000000000e+00
401	-4.1176470588235297e+01	4.1379310344827594e+01	9.9999999999999989e-01
402	-3.5294117647058826e+01	4.1379310344827594e+01	9.9999999999999989e-01
403	-2.9411764705882351e+01	4.1379310344827594e+01	9.9999999999999978e-01
404	-2.3529411764705877e+01	4.1379310344827587e+01	1.0000000000000000e+00
405	-1.7647058823529409e+01	4.1379310344827594e+01	9.9999999999999989e-01
406	-1.1764705882352938e+01	4.1379310344827587e+01	1.0000000000000000e+00
407	-5.8823529411764710e+00	4.1379310344827587e+01	1.0000000000000000e+00
408	0.0000000000000000e+00	4.1379310344827587e+01	1.0000000000000000e+00
409	5.8823529411764710e+00	4.1379310344827587e+01	1.0000000000000000e+00
410	1.1764705882352947e+01	4.1379310344827587e+01	1.0000000000000000e+00
411	1.7647058823529417e+01	4.1379310344827587e+01	1.0000000000000000e+00
412	2.3529411764705877e+01	4.1379310344827587e+01	1.0000000000000000e+00
413	2.9411764705882344e+01	4.1379310344827587e+01	1.0000000000000000e+00
414	3.5294117647058819e+01	4.1379310344827587e+01	1.0000000000000000e+00
415	4.1176470588235290e+01	4.1379310344827587e+01	1.0000000000000000e+00
416	4.7058823529411761e+01	4.1379310344827587e+01	1.0000000000000000e+00
417	5.0000000000000000e+01	4.1379310344827587e+01	1.0000000000000000e+00
418	-5.0000000000000000e+01	4.8275862068965516e+01	1.0000000000000000e+00
419	-4.7058823529411768e+01	4.8275862068965509e+01	1.0000000000000000e+00
420	-4.1176470588235297e+01	4.8275862068965516e+01	9.9999999999999989e-01
421	-3.5294117647058833e+01	4.8275862068965523e+01	9.9999999999999989e-01
422	-2.9411764705882351e+01	4.8275862068965523e+01	9.9999999999999978e-01
423	-2.3529411764705877e+01	4.8275862068965509e+01	1.0000000000000000e+00
424	-1.7647058823529409e+01	4.8275862068965516e+01	9.9999999999999989e-01
425	-1.1764705882352938e+01	4.8275862068965516e+01	1.0000000000000000e+00
426	-5.8823529411764710e+00	4.8275862068965516e+01	1.0000000000000000e+00
427	0.0000000000000000e+00	4.8275862068965516e+01	1.0000000000000000e+00
428	5.8823529411764710e+00	4.8275862068965516e+01	1.0000000000000000e+00
429	1.1764705882352949e+01	4.8275862068965516e+01	1.0000000000000000e+00
430	1.7647058823529420e+01	4.8275862068965516e+01	1.0000000000000000e+00
431	2.3529411764705877e+01	4.8275862068965516e+01	1.0000000000000000e+00
432	2.9411764705882344e+01	4.8275862068965516e+01	1.0000000000000000e+00
433	3.5294117647058826e+01	4.8275862068965516e+01	1.0000000000000000e+00
434	4.1176470588235290e+01	4.8275862068965516e+01	1.0000000000000000e+00
435	4.7058823529411768e+01	4.8275862068965516e+01	1.0000000000000000e+00
436	5.0000000000000000e+01	4.8275862068965516e+01	1.0000000000000000e+00
437	-5.0000000000000000e+01	5.5172413793103445e+01	1.0000000000000000e+00
438	-4.7058823529411761e+01	5.5172413793103445e+01	1.0000000000000000e+00
439	-4.1176470588235297e+01	5.5172413793103452e+01	9.9999999999999989e-01
440	-3.5294117647058826e+01	5.5172413793103452e+01	9.9999999999999989e-01
441	-2.9411764705882351e+01	5.5172413793103452e+01	9.9999999999999989e-01
442	-2.3529411764705877e+01	5.5172413793103445e+01	1.0000000000000000e+00
443	-1.7647058823529409e+01	5.5172413793103452e+01	9.9999999999999989e-01
444	-1.1764705882352938e+01	5.5172413793103445e+01	1.0000000000000000e+00
445	-5.8823529411764710e+00	5.5172413793103445e+01	1.0000000000000000e+00
446	0.0000000000000000e+00	5.5172413793103445e+01	1.0000000000000000e+00
447	5.8823529411764710e+00	5.5172413793103445e+01	1.0000000000000000e+00
448	1.1764705882352949e+01	5.5172413793103445e+01	1.0000000000000000e+00
449	1.7647058823529420e+01	5.5172413793103445e+01	1.0000000000000000e+00
450	2.3529411764705877e+01	5.5172413793103445e+01	1.0000000000000000e+00
451	2.9411764705882348e+01	5.5172413793103445e+01	1.0000000000000000e+00
452	3.5294117647058819e+01	5.5172413793103445e+01	1.0000000000000000e+00
453	4.1176470588235290e+01	5.5172413793103445e+01	1.0000000000000000e+00
454	4.7058823529411761e+01	5.5172413793103445e+01	1.0000000000000000e+00
455	5.0000000000000000e+01	5.5172413793103445e+01	1.0000000000000000e+00
456	-5.0000000000000000e+01	6.2068965517241381e+01	1.0000000000000000e+00
457	-4.7058823529411761e+01	6.2068965517241381e+01	1.0000000000000000e+00
458	-4.1176470588235297e+01	6.2068965517241395e+01	9.9999999999999978e-01
459	-3.5294117647058826e+01	6.2068965517241395e+01	9.9999999999999978e-01
460	-2.9411764705882355e+01	6.2068965517241395e+01	9.9999999999999978e-01
461	-2.3529411764705877e+01	6.2068965517241381e+01	1.0000000000000000e+00
462	-1.7647058823529409e+01	6.2068965517241395e+01	9.9999999999999978e-01
463	-1.1764705882352938e+01	6.2068965517241381e+01	1.0000000000000000e+00
464	-5.8823529411764710e+00	6.2068965517241381e+01	1.0000000000000000e+00
465	0.0000000000000000e+00	6.2068965517241381e+01	1.0000000000000000e+00
466	5.8823529411764710e+00	6.2068965517241381e+01	1.0000000000000000e+00
467	1.1764705882352947e+01	6.2068965517241381e+01	1.0000000000000000e+00
468	1.7647058823529417e+01	6.2068965517241381e+01	1.0000000000000000e+00
469	2.3529411764705877e+01	6.2068965517241381e+01	1.0000000000000000e+00
470	2.9411764705882348e+01	6.2068965517241381e+01	1.0000000000000000e+00
471	3.5294117647058819e+01	6.2068965517241381e+01	1.0000000000000000e+00
472	4.1176470588235290e+01	6.2068965517241381e+01	1.0000000000000000e+00
473	4.7058823529411761e+01	6.2068965517241381e+01	1.0000000000000000e+00
474	5.0000000000000000e+01	6.2068965517241381e+01	1.0000000000000000e+00
475	-5.0000000000000000e+01	6.8965517241379303e+01	1.0000000000000000e+00
476	-4.7058823529411768e+01	6.8965517241379288e+01	1.0000000000000000e+00
477	-4.1176470588235297e+01	6.8965517241379303e+01	9.9999999999999989e-01
478	-3.5294117647058826e+01	6.8965517241379317e+01	9.9999999999999989e-01
479	-2.9411764705882355e+01	6.8965517241379303e+01	9.9999999999999978e-01
480	-2.3529411764705877e+01	6.8965517241379288e+01	1.0000000000000000e+00
481	-1.7647058823529409e+01	6.8965517241379303e+01	9.9999999999999989e-01
482	-1.1764705882352938e+01	6.8965517241379303e+01	1.0000000000000000e+00
483	-5.8823529411764719e+00	6.8965517241379303e+01	1.0000000000000000e+00
484	0.0000000000000000e+00	6.8965517241379303e+01	1.0000000000000000e+00
485	5.8823529411764719e+00	6.8965517241379303e+01	1.0000000000000000e+00
486	1.1764705882352949e+01	6.8965517241379303e+01	1.0000000000000000e+00
487	1.7647058823529417e+01	6.8965517241379303e+01	1.0000000000000000e+00
488	2.3529411764705877e+01	6.8965517241379303e+01	1.0000000000000000e+00
489	2.9411764705882348e+01	6.8965517241379303e+01	1.0000000000000000e+00
490	3.5294117647058819e+01	6.8965517241379303e+01	1.0000000000000000e+00
491	4.1176470588235290e+01	6.8965517241379303e+01	1.0000000000000000e+00
492	4.7058823529411768e+01	6.8965517241379303e+01	1.0000000000000000e+00
493	5.0000000000000000e+01	6.8965517241379303e+01	1.0000000000000000e+00
494	-5.0000000000000000e+01	7.5862068965517238e+01	1.0000000000000000e+00
495	-4.7058823529411768e+01	7.5862068965517238e+01	1.0000000000000000e+00
496	-4.1176470588235297e+01	7.5862068965517253e+01	9.9999999999999989e-01
497	-3.5294117647058826e+01	7.5862068965517253e+01	9.9999999999999989e-01
498	-2.9411764705882351e+01	7.5862068965517253e+01	9.9999999999999978e-01
499	-2.3529411764705877e+01	7.5862068965517238e+01	1.0000000000000000e+00
500	-1.7647058823529409e+01	7.5862068965517253e+01	9.9999999999999989e-01
501	-1.1764705882352938e+01	7.5862068965517238e+01	1.0000000000000000e+00
502	-5.8823529411764710e+00	7.5862068965517238e+01	1.0000000000000000e+00
503	0.0000000000000000e+00	7.5862068965517238e+01	1.0000000000000000e+00
504	5.8823529411764710e+00	7.5862068965517238e+01	1.0000000000000000e+00
505	1.1764705882352949e+01	7.5862068965517238e+01	1.0000000000000000e+00
506	1.7647058823529417e+01	7.5862068965517238e+01	1.0000000000000000e+00
507	2.3529411764705877e+01	7.5862068965517238e+01	1.0000000000000000e+00
508	2.9411764705882344e+01	7.5862068965517238e+01	1.0000000000000000e+00
509	3.5294117647058819e+01	7.5862068965517238e+01	1.0000000000000000e+00
510	4.1176470588235290e+01	7.5862068965517238e+01	1.0000000000000000e+00
511	4.7058823529411768e+01	7.5862068965517238e+01	1.0000000000000000e+00
512	5.0000000000000000e+01	7.5862068965517238e+01	1.0000000000000000e+00
513	-5.0000000000000000e+01	8.2758620689655174e+01	1.0000000000000000e+00
514	-4.7058823529411768e+01	8.2758620689655160e+01	1.0000000000000000e+00
515	-4.1176470588235297e+01	8.2758620689655174e+01	9.9999999999999989e-01
516	-3.5294117647058826e+01	8.2758620689655189e+01	9.9999999999999989e-01
517	-2.9411764705882351e+01	8.2758620689655174e+01	9.9999999999999978e-01
518	-2.3529411764705877e+01	8.2758620689655160e+01	1.0000000000000000e+00
519	-1.7647058823529409e+01	8.2758620689655174e+01	9.9999999999999989e-01
520	-1.1764705882352938e+01	8.2758620689655174e+01	1.0000000000000000e+00
521	-5.8823529411764710e+00	8.2758620689655174e+01	1.0000000000000000e+00
522	0.0000000000000000e+00	8.2758620689655174e+01	1.0000000000000000e+00
523	5.8823529411764710e+00	8.2758620689655174e+01	1.0000000000000000e+00
524	1.1764705882352947e+01	8.2758620689655174e+01	1.0000000000000000e+00
525	1.7647058823529417e+01	8.2758620689655174e+01	1.0000000000000000e+00
526	2.3529411764705877e+01	8.2758620689655174e+01	1.0000000000000000e+00
527	2.9411764705882344e+01	8.2758620689655174e+01	1.0000000000000000e+00
528	3.5294117647058819e+01	8.2758620689655174e+01	1.0000000000000000e+00
529	4.1176470588235290e+01	8.2758620689655174e+01	1.0000000000000000e+00
530	4.7058823529411768e+01	8.2758620689655174e+01	1.0000000000000000e+00
531	5.0000000000000000e+01	8.2758620689655174e+01	1.0000000000000000e+00
532	-5.0000000000000000e+01	8.9655172413793096e+01	1.0000000000000000e+00
533	-4.7058823529411761e+01	8.9655172413793082e+01	1.0000000000000000e+00
534	-4.1176470588235297e+01	8.9655172413793096e+01	9.9999999999999989e-01
535	-3.5294117647058826e+01	8.9655172413793110e+01	9.9999999999999989e-01
536	-2.9411764705882348e+01	8.9655172413793096e+01	9.9999999999999978e-01
537	-2.3529411764705877e+01	8.9655172413793082e+01	1.0000000000000000e+00
538	-1.7647058823529409e+01	8.9655172413793096e+01	9.9999999999999989e-01
539	-1.1764705882352938e+01	8.9655172413793096e+01	1.0000000000000000e+00
540	-5.8823529411764710e+00	8.9655172413793096e+01	1.0000000000000000e+00
541	0.0000000000000000e+00	8.9655172413793096e+01	1.0000000000000000e+00
542	5.8823529411764710e+00	8.9655172413793096e+01	1.0000000000000000e+00
543	1.1764705882352946e+01	8.9655172413793096e+01	1.0000000000000000e+00
544	1.7647058823529417e+01	8.9655172413793096e+01	1.0000000000000000e+00
545	2.3529411764705877e+01	8.9655172413793096e+01	1.0000000000000000e+00
546	2.9411764705882341e+01	8.9655172413793096e+01	1.0000000000000000e+00
547	3.5294117647058819e+01	8.9655172413793096e+01	1.0000000000000000e+00
548	4.1176470588235290e+01	8.9655172413793096e+01	1.0000000000000000e+00
549	4.7058823529411761e+01	8.9655172413793096e+01	1.0000000000000000e+00
550	5.0000000000000000e+01	8.9655172413793096e+01	1.0000000000000000e+00
551	-5.0000000000000000e+01	9.6551724137931032e+01	1.0000000000000000e+00
552	-4.7058823529411761e+01	9.6551724137931032e+01	1.0000000000000000e+00
553	-4.1176470588235297e+01	9.6551724137931046e+01	9.9999999999999989e-01
554	-3.5294117647058826e+01	9.6551724137931046e+01	9.9999999999999989e-01
555	-2.9411764705882351e+01	9.6551724137931060e+01	9.9999999999999978e-01
556	-2.3529411764705877e+01	9.6551724137931032e+01	1.0000000000000000e+00
557	-1.7647058823529409e+01	9.6551724137931046e+01	9.9999999999999989e-01
558	-1.1764705882352938e+01	9.6551724137931032e+01	1.0000000000000000e+00
559	-5.8823529411764710e+00	9.6551724137931032e+01	1.0000000000000000e+00
560	0.0000000000000000e+00	9.6551724137931032e+01	1.0000000000000000e+00
561	5.8823529411764710e+00	9.6551724137931032e+01	1.0000000000000000e+00
562	1.1764705882352947e+01	9.6551724137931032e+01	1.0000000000000000e+00
563	1.7647058823529417e+01	9.6551724137931032e+01	1.0000000000000000e+00
564	2.3529411764705877e+01	9.6551724137931032e+01	1.0000000000000000e+00
565	2.9411764705882344e+01	9.6551724137931032e+01	1.0000000000000000e+00
566	3.5294117647058819e+01	9.6551724137931032e+01	1.0000000000000000e+00
567	4.1176470588235290e+01	9.6551724137931032e+01	1.0000000000000000e+00
568	4.7058823529411761e+01	9.6551724137931032e+01	1.0000000000000000e+00
569	5.0000000000000000e+01	9.6551724137931032e+01	1.0000000000000000e+00
570	-5.0000000000000000e+01	1.0000000000000000e+02	1.0000000000000000e+00
571	-4.7058823529411761e+01	9.9999999999999986e+01	1.0000000000000000e+00
572	-4.1176470588235297e+01	1.0000000000000000e+02	9.9999999999999989e-01
573	-3.5294117647058826e+01	1.0000000000000001e+02	9.9999999999999989e-01
574	-2.9411764705882351e+01	1.0000000000000001e+02	9.9999999999999978e-01
575	-2.3529411764705877e+01	9.9999999999999986e+01	1.0000000000000000e+00
576	-1.7647058823529409e+01	1.0000000000000000e+02	9.9999999999999989e-01
577	-1.1764705882352938e+01	1.0000000000000000e+02	1.0000000000000000e+00
578	-5.8823529411764710e+00	1.0000000000000000e+02	1.0000000000000000e+00
579	0.0000000000000000e+00	1.0000000000000000e+02	1.0000000000000000e+00
580	5.8823529411764710e+00	1.0000000000000000e+02	1.0000000000000000e+00
581	1.1764705882352947e+01	1.0000000000000000e+02	1.0000000000000000e+00
582	1.7647058823529417e+01	1.0000000000000000e+02	1.0000000000000000e+00
583	2.3529411764705877e+01	1.0000000000000000e+02	1.0000000000000000e+00
584	2.9411764705882344e+01	1.0000000000000000e+02	1.0000000000000000e+00
585	3.5294117647058819e+01	1.0000000000000000e+02	1.0000000000000000e+00
586	4.1176470588235290e+01	1.0000000000000000e+02	1.0000000000000000e+00
587	4.7058823529411761e+01	1.0000000000000000e+02	1.0000000000000000e+00
588	5.0000000000000000e+01	1.0000000000000000e+02	1.0000000000000000e+00

285 1 0.0
294 0 0.0
294 1 0.0

1	0	0	1.0	0.0000000000	1.0000000000	1	0	0
1   0   0   0.0 0.0000000000	1.0000000000    -1  0   0