2

206000  0.3

1

900

2   2

33	33

30	30

0   1   2   3   4   5   6   7   8   9   10   11   12   13   14   15   16   17   18   19   20   21   22   23   24   25   26   27   28   29   30   31   32   33   34   35   36   37   38   39   40   41   42   43   44   45   46   47   48   49   50   51   52   53   54   55   56   57   58   59   60   61   62   63   64   65   66   67   68   69   70   71   72   73   74   75   76   77   78   79   80   81   82   83   84   85   86   87   88   89   90   91   92   93   94   95   96   97   98   99   100   101   102   103   104   105   106   107   108   109   110   111   112   113   114   115   116   117   118   119   120   121   122   123   124   125   126   127   128   129   130   131   132   133   134   135   136   137   138   139   140   141   142   143   144   145   146   147   148   149   150   151   152   153   154   155   156   157   158   159   160   161   162   163   164   165   166   167   168   169   170   171   172   173   174   175   176   177   178   179   180   181   182   183   184   185   186   187   188   189   190   191   192   193   194   195   196   197   198   199   200   201   202   203   204   205   206   207   208   209   210   211   212   213   214   215   216   217   218   219   220   221   222   223   224   225   226   227   228   229   230   231   232   233   234   235   236   237   238   239   240   241   242   243   244   245   246   247   248   249   250   251   252   253   254   255   256   257   258   259   260   261   262   263   264   265   266   267   268   269   270   271   272   273   274   275   276   277   278   279   280   281   282   283   284   285   286   287   288   289   290   291   292   293   294   295   296   297   298   299   300   301   302   303   304   305   306   307   308   309   310   311   312   313   314   315   316   317   318   319   320   321   322   323   324   325   326   327   328   329   330   331   332   333   334   335   336   337   338   339   340   341   342   343   344   345   346   347   348   349   350   351   352   353   354   355   356   357   358   359   360   361   362   363   364   365   366   367   368   369   370   371   372   373   374   375   376   377   378   379   380   381   382   383   384   385   386   387   388   389   390   391   392   393   394   395   396   397   398   399   400   401   402   403   404   405   406   407   408   409   410   411   412   413   414   415   416   417   418   419   420   421   422   423   424   425   426   427   428   429   430   431   432   433   434   435   436   437   438   439   440   441   442   443   444   445   446   447   448   449   450   451   452   453   454   455   456   457   458   459   460   461   462   463   464   465   466   467   468   469   470   471   472   473   474   475   476   477   478   479   480   481   482   483   484   485   486   487   488   489   490   491   492   493   494   495   496   497   498   499   500   501   502   503   504   505   506   507   508   509   510   511   512   513   514   515   516   517   518   519   520   521   522   523   524   525   526   527   528   529   530   531   532   533   534   535   536   537   538   539   540   541   542   543   544   545   546   547   548   549   550   551   552   553   554   555   556   557   558   559   560   561   562   563   564   565   566   567   568   569   570   571   572   573   574   575   576   577   578   579   580   581   582   583   584   585   586   587   588   589   590   591   592   593   594   595   596   597   598   599   600   601   602   603   604   605   606   607   608   609   610   611   612   613   614   615   616   617   618   619   620   621   622   623   624   625   626   627   628   629   630   631   632   633   634   635   636   637   638   639   640   641   642   643   644   645   646   647   648   649   650   651   652   653   654   655   656   657   658   659   660   661   662   663   664   665   666   667   668   669   670   671   672   673   674   675   676   677   678   679   680   681   682   683   684   685   686   687   688   689   690   691   692   693   694   695   696   697   698   699   700   701   702   703   704   705   706   707   708   709   710   711   712   713   714   715   716   717   718   719   720   721   722   723   724   725   726   727   728   729   730   731   732   733   734   735   736   737   738   739   740   741   742   743   744   745   746   747   748   749   750   751   752   753   754   755   756   757   758   759   760   761   762   763   764   765   766   767   768   769   770   771   772   773   774   775   776   777   778   779   780   781   782   783   784   785   786   787   788   789   790   791   792   793   794   795   796   797   798   799   800   801   802   803   804   805   806   807   808   809   810   811   812   813   814   815   816   817   818   819   820   821   822   823   824   825   826   827   828   829   830   831   832   833   834   835   836   837   838   839   840   841   842   843   844   845   846   847   848   849   850   851   852   853   854   855   856   857   858   859   860   861   862   863   864   865   866   867   868   869   870   871   872   873   874   875   876   877   878   879   880   881   882   883   884   885   886   887   888   889   890   891   892   893   894   895   896   897   898   899

60  0   1

0.0000000000000000e+00	0.0000000000000000e+00	0.0000000000000000e+00	3.5714285714285712e-02	7.1428571428571425e-02	1.0714285714285714e-01	1.4285714285714285e-01	1.7857142857142858e-01	2.1428571428571427e-01	2.5000000000000000e-01	2.8571428571428570e-01	3.2142857142857145e-01	3.5714285714285715e-01	3.9285714285714285e-01	4.2857142857142855e-01	4.6428571428571430e-01	5.0000000000000000e-01	5.3571428571428570e-01	5.7142857142857140e-01	6.0714285714285710e-01	6.4285714285714290e-01	6.7857142857142860e-01	7.1428571428571430e-01	7.5000000000000000e-01	7.8571428571428570e-01	8.2142857142857140e-01	8.5714285714285710e-01	8.9285714285714290e-01	9.2857142857142860e-01	9.6428571428571430e-01	1.0000000000000000e+00	1.0000000000000000e+00	1.0000000000000000e+00
0.0000000000000000e+00	0.0000000000000000e+00	0.0000000000000000e+00	3.5714285714285712e-02	7.1428571428571425e-02	1.0714285714285714e-01	1.4285714285714285e-01	1.7857142857142858e-01	2.1428571428571427e-01	2.5000000000000000e-01	2.8571428571428570e-01	3.2142857142857145e-01	3.5714285714285715e-01	3.9285714285714285e-01	4.2857142857142855e-01	4.6428571428571430e-01	5.0000000000000000e-01	5.3571428571428570e-01	5.7142857142857140e-01	6.0714285714285710e-01	6.4285714285714290e-01	6.7857142857142860e-01	7.1428571428571430e-01	7.5000000000000000e-01	7.8571428571428570e-01	8.2142857142857140e-01	8.5714285714285710e-01	8.9285714285714290e-01	9.2857142857142860e-01	9.6428571428571430e-01	1.0000000000000000e+00	1.0000000000000000e+00	1.0000000000000000e+00

0	0.0000000000000000e+00	0.0000000000000000e+00	1.0000000000000000e+00
1	1.7857142857142855e-01	0.0000000000000000e+00	1.0000000000000000e+00
2	5.3571428571428570e-01	0.0000000000000000e+00	1.0000000000000000e+00
3	8.9285714285714268e-01	0.0000000000000000e+00	1.0000000000000002e+00
4	1.2500000000000000e+00	0.0000000000000000e+00	1.0000000000000002e+00
5	1.6071428571428572e+00	0.0000000000000000e+00	1.0000000000000000e+00
6	1.9642857142857146e+00	0.0000000000000000e+00	9.9999999999999978e-01
7	2.3214285714285712e+00	0.0000000000000000e+00	1.0000000000000000e+00
8	2.6785714285714284e+00	0.0000000000000000e+00	1.0000000000000000e+00
9	3.0357142857142856e+00	0.0000000000000000e+00	1.0000000000000000e+00
10	3.3928571428571432e+00	0.0000000000000000e+00	1.0000000000000000e+00
11	3.7500000000000000e+00	0.0000000000000000e+00	9.9999999999999989e-01
12	4.1071428571428577e+00	0.0000000000000000e+00	1.0000000000000000e+00
13	4.4642857142857144e+00	0.0000000000000000e+00	1.0000000000000000e+00
14	4.8214285714285712e+00	0.0000000000000000e+00	1.0000000000000000e+00
15	5.1785714285714288e+00	0.0000000000000000e+00	1.0000000000000000e+00
16	5.5357142857142856e+00	0.0000000000000000e+00	1.0000000000000000e+00
17	5.8928571428571423e+00	0.0000000000000000e+00	1.0000000000000000e+00
18	6.2500000000000000e+00	0.0000000000000000e+00	1.0000000000000000e+00
19	6.6071428571428577e+00	0.0000000000000000e+00	1.0000000000000000e+00
20	6.9642857142857144e+00	0.0000000000000000e+00	1.0000000000000000e+00
21	7.3214285714285712e+00	0.0000000000000000e+00	1.0000000000000000e+00
22	7.6785714285714288e+00	0.0000000000000000e+00	1.0000000000000000e+00
23	8.0357142857142847e+00	0.0000000000000000e+00	1.0000000000000000e+00
24	8.3928571428571423e+00	0.0000000000000000e+00	1.0000000000000000e+00
25	8.7500000000000000e+00	0.0000000000000000e+00	1.0000000000000000e+00
26	9.1071428571428577e+00	0.0000000000000000e+00	1.0000000000000000e+00
27	9.4642857142857135e+00	0.0000000000000000e+00	1.0000000000000000e+00
28	9.8214285714285712e+00	0.0000000000000000e+00	1.0000000000000000e+00
29	1.0000000000000000e+01	0.0000000000000000e+00	1.0000000000000000e+00
30	0.0000000000000000e+00	1.7857142857142855e-01	1.0000000000000000e+00
31	1.7857142857142855e-01	1.7857142857142855e-01	1.0000000000000000e+00
32	5.3571428571428570e-01	1.7857142857142855e-01	1.0000000000000000e+00
33	8.9285714285714268e-01	1.7857142857142858e-01	1.0000000000000002e+00
34	1.2500000000000000e+00	1.7857142857142858e-01	1.0000000000000002e+00
35	1.6071428571428572e+00	1.7857142857142855e-01	1.0000000000000000e+00
36	1.9642857142857146e+00	1.7857142857142855e-01	9.9999999999999978e-01
37	2.3214285714285712e+00	1.7857142857142860e-01	1.0000000000000000e+00
38	2.6785714285714284e+00	1.7857142857142852e-01	1.0000000000000000e+00
39	3.0357142857142856e+00	1.7857142857142855e-01	1.0000000000000000e+00
40	3.3928571428571432e+00	1.7857142857142855e-01	1.0000000000000000e+00
41	3.7500000000000004e+00	1.7857142857142858e-01	9.9999999999999989e-01
42	4.1071428571428577e+00	1.7857142857142855e-01	1.0000000000000000e+00
43	4.4642857142857144e+00	1.7857142857142855e-01	1.0000000000000000e+00
44	4.8214285714285712e+00	1.7857142857142855e-01	1.0000000000000000e+00
45	5.1785714285714288e+00	1.7857142857142855e-01	1.0000000000000000e+00
46	5.5357142857142856e+00	1.7857142857142855e-01	1.0000000000000000e+00
47	5.8928571428571423e+00	1.7857142857142855e-01	1.0000000000000000e+00
48	6.2500000000000000e+00	1.7857142857142855e-01	1.0000000000000000e+00
49	6.6071428571428577e+00	1.7857142857142855e-01	1.0000000000000000e+00
50	6.9642857142857144e+00	1.7857142857142855e-01	1.0000000000000000e+00
51	7.3214285714285712e+00	1.7857142857142855e-01	1.0000000000000000e+00
52	7.6785714285714288e+00	1.7857142857142855e-01	1.0000000000000000e+00
53	8.0357142857142847e+00	1.7857142857142855e-01	1.0000000000000000e+00
54	8.3928571428571423e+00	1.7857142857142855e-01	1.0000000000000000e+00
55	8.7500000000000000e+00	1.7857142857142855e-01	1.0000000000000000e+00
56	9.1071428571428577e+00	1.7857142857142855e-01	1.0000000000000000e+00
57	9.4642857142857135e+00	1.7857142857142855e-01	1.0000000000000000e+00
58	9.8214285714285712e+00	1.7857142857142855e-01	1.0000000000000000e+00
59	1.0000000000000000e+01	1.7857142857142855e-01	1.0000000000000000e+00
60	0.0000000000000000e+00	5.3571428571428570e-01	1.0000000000000000e+00
61	1.7857142857142855e-01	5.3571428571428570e-01	1.0000000000000000e+00
62	5.3571428571428570e-01	5.3571428571428570e-01	1.0000000000000000e+00
63	8.9285714285714268e-01	5.3571428571428570e-01	1.0000000000000002e+00
64	1.2500000000000000e+00	5.3571428571428570e-01	1.0000000000000002e+00
65	1.6071428571428572e+00	5.3571428571428570e-01	1.0000000000000000e+00
66	1.9642857142857149e+00	5.3571428571428570e-01	9.9999999999999978e-01
67	2.3214285714285712e+00	5.3571428571428581e-01	1.0000000000000000e+00
68	2.6785714285714284e+00	5.3571428571428559e-01	1.0000000000000000e+00
69	3.0357142857142860e+00	5.3571428571428570e-01	1.0000000000000000e+00
70	3.3928571428571437e+00	5.3571428571428570e-01	1.0000000000000000e+00
71	3.7500000000000000e+00	5.3571428571428581e-01	9.9999999999999989e-01
72	4.1071428571428585e+00	5.3571428571428570e-01	1.0000000000000000e+00
73	4.4642857142857153e+00	5.3571428571428570e-01	1.0000000000000000e+00
74	4.8214285714285721e+00	5.3571428571428570e-01	1.0000000000000000e+00
75	5.1785714285714297e+00	5.3571428571428570e-01	1.0000000000000000e+00
76	5.5357142857142856e+00	5.3571428571428570e-01	1.0000000000000000e+00
77	5.8928571428571432e+00	5.3571428571428570e-01	1.0000000000000000e+00
78	6.2500000000000000e+00	5.3571428571428570e-01	1.0000000000000000e+00
79	6.6071428571428577e+00	5.3571428571428570e-01	1.0000000000000000e+00
80	6.9642857142857135e+00	5.3571428571428570e-01	1.0000000000000000e+00
81	7.3214285714285712e+00	5.3571428571428570e-01	1.0000000000000000e+00
82	7.6785714285714288e+00	5.3571428571428570e-01	1.0000000000000000e+00
83	8.0357142857142847e+00	5.3571428571428570e-01	1.0000000000000000e+00
84	8.3928571428571423e+00	5.3571428571428570e-01	1.0000000000000000e+00
85	8.7500000000000000e+00	5.3571428571428570e-01	1.0000000000000000e+00
86	9.1071428571428577e+00	5.3571428571428570e-01	1.0000000000000000e+00
87	9.4642857142857135e+00	5.3571428571428570e-01	1.0000000000000000e+00
88	9.8214285714285712e+00	5.3571428571428570e-01	1.0000000000000000e+00
89	1.0000000000000000e+01	5.3571428571428570e-01	1.0000000000000000e+00
90	0.0000000000000000e+00	8.9285714285714268e-01	1.0000000000000002e+00
91	1.7857142857142852e-01	8.9285714285714268e-01	1.0000000000000002e+00
92	5.3571428571428559e-01	8.9285714285714268e-01	1.0000000000000002e+00
93	8.9285714285714257e-01	8.9285714285714268e-01	1.0000000000000004e+00
94	1.2500000000000000e+00	8.9285714285714268e-01	1.0000000000000004e+00
95	1.6071428571428570e+00	8.9285714285714268e-01	1.0000000000000002e+00
96	1.9642857142857146e+00	8.9285714285714290e-01	9.9999999999999989e-01
97	2.3214285714285712e+00	8.9285714285714290e-01	1.0000000000000002e+00
98	2.6785714285714284e+00	8.9285714285714257e-01	1.0000000000000002e+00
99	3.0357142857142851e+00	8.9285714285714268e-01	1.0000000000000002e+00
100	3.3928571428571428e+00	8.9285714285714268e-01	1.0000000000000002e+00
101	3.7500000000000004e+00	8.9285714285714290e-01	1.0000000000000000e+00
102	4.1071428571428577e+00	8.9285714285714268e-01	1.0000000000000002e+00
103	4.4642857142857144e+00	8.9285714285714268e-01	1.0000000000000002e+00
104	4.8214285714285712e+00	8.9285714285714268e-01	1.0000000000000002e+00
105	5.1785714285714279e+00	8.9285714285714268e-01	1.0000000000000002e+00
106	5.5357142857142856e+00	8.9285714285714268e-01	1.0000000000000002e+00
107	5.8928571428571423e+00	8.9285714285714268e-01	1.0000000000000002e+00
108	6.2499999999999982e+00	8.9285714285714268e-01	1.0000000000000002e+00
109	6.6071428571428568e+00	8.9285714285714268e-01	1.0000000000000002e+00
110	6.9642857142857135e+00	8.9285714285714268e-01	1.0000000000000002e+00
111	7.3214285714285703e+00	8.9285714285714268e-01	1.0000000000000002e+00
112	7.6785714285714279e+00	8.9285714285714268e-01	1.0000000000000002e+00
113	8.0357142857142829e+00	8.9285714285714268e-01	1.0000000000000002e+00
114	8.3928571428571406e+00	8.9285714285714268e-01	1.0000000000000002e+00
115	8.7500000000000000e+00	8.9285714285714268e-01	1.0000000000000002e+00
116	9.1071428571428559e+00	8.9285714285714268e-01	1.0000000000000002e+00
117	9.4642857142857135e+00	8.9285714285714268e-01	1.0000000000000002e+00
118	9.8214285714285712e+00	8.9285714285714268e-01	1.0000000000000002e+00
119	1.0000000000000000e+01	8.9285714285714268e-01	1.0000000000000002e+00
120	0.0000000000000000e+00	1.2500000000000000e+00	1.0000000000000002e+00
121	1.7857142857142855e-01	1.2500000000000000e+00	1.0000000000000002e+00
122	5.3571428571428570e-01	1.2500000000000000e+00	1.0000000000000002e+00
123	8.9285714285714257e-01	1.2500000000000000e+00	1.0000000000000004e+00
124	1.2500000000000000e+00	1.2500000000000000e+00	1.0000000000000004e+00
125	1.6071428571428570e+00	1.2500000000000000e+00	1.0000000000000002e+00
126	1.9642857142857149e+00	1.2500000000000002e+00	9.9999999999999978e-01
127	2.3214285714285712e+00	1.2500000000000002e+00	1.0000000000000002e+00
128	2.6785714285714284e+00	1.2499999999999998e+00	1.0000000000000002e+00
129	3.0357142857142847e+00	1.2500000000000000e+00	1.0000000000000002e+00
130	3.3928571428571423e+00	1.2500000000000000e+00	1.0000000000000002e+00
131	3.7500000000000000e+00	1.2500000000000004e+00	9.9999999999999989e-01
132	4.1071428571428568e+00	1.2500000000000000e+00	1.0000000000000002e+00
133	4.4642857142857144e+00	1.2500000000000000e+00	1.0000000000000002e+00
134	4.8214285714285703e+00	1.2500000000000000e+00	1.0000000000000002e+00
135	5.1785714285714288e+00	1.2500000000000000e+00	1.0000000000000002e+00
136	5.5357142857142847e+00	1.2500000000000000e+00	1.0000000000000002e+00
137	5.8928571428571415e+00	1.2500000000000000e+00	1.0000000000000002e+00
138	6.2499999999999982e+00	1.2500000000000000e+00	1.0000000000000002e+00
139	6.6071428571428568e+00	1.2500000000000000e+00	1.0000000000000002e+00
140	6.9642857142857135e+00	1.2500000000000000e+00	1.0000000000000002e+00
141	7.3214285714285694e+00	1.2500000000000000e+00	1.0000000000000002e+00
142	7.6785714285714279e+00	1.2500000000000000e+00	1.0000000000000002e+00
143	8.0357142857142847e+00	1.2500000000000000e+00	1.0000000000000002e+00
144	8.3928571428571406e+00	1.2500000000000000e+00	1.0000000000000002e+00
145	8.7499999999999982e+00	1.2500000000000000e+00	1.0000000000000002e+00
146	9.1071428571428559e+00	1.2500000000000000e+00	1.0000000000000002e+00
147	9.4642857142857135e+00	1.2500000000000000e+00	1.0000000000000002e+00
148	9.8214285714285694e+00	1.2500000000000000e+00	1.0000000000000002e+00
149	1.0000000000000000e+01	1.2500000000000000e+00	1.0000000000000002e+00
150	0.0000000000000000e+00	1.6071428571428572e+00	1.0000000000000000e+00
151	1.7857142857142855e-01	1.6071428571428572e+00	1.0000000000000000e+00
152	5.3571428571428570e-01	1.6071428571428572e+00	1.0000000000000000e+00
153	8.9285714285714268e-01	1.6071428571428572e+00	1.0000000000000002e+00
154	1.2500000000000000e+00	1.6071428571428572e+00	1.0000000000000002e+00
155	1.6071428571428572e+00	1.6071428571428572e+00	1.0000000000000000e+00
156	1.9642857142857149e+00	1.6071428571428574e+00	9.9999999999999978e-01
157	2.3214285714285712e+00	1.6071428571428577e+00	1.0000000000000000e+00
158	2.6785714285714288e+00	1.6071428571428570e+00	1.0000000000000000e+00
159	3.0357142857142856e+00	1.6071428571428572e+00	1.0000000000000000e+00
160	3.3928571428571437e+00	1.6071428571428572e+00	1.0000000000000000e+00
161	3.7500000000000004e+00	1.6071428571428577e+00	9.9999999999999978e-01
162	4.1071428571428577e+00	1.6071428571428572e+00	1.0000000000000000e+00
163	4.4642857142857144e+00	1.6071428571428572e+00	1.0000000000000000e+00
164	4.8214285714285712e+00	1.6071428571428572e+00	1.0000000000000000e+00
165	5.1785714285714288e+00	1.6071428571428572e+00	1.0000000000000000e+00
166	5.5357142857142856e+00	1.6071428571428572e+00	1.0000000000000000e+00
167	5.8928571428571423e+00	1.6071428571428572e+00	1.0000000000000000e+00
168	6.2500000000000009e+00	1.6071428571428572e+00	1.0000000000000000e+00
169	6.6071428571428577e+00	1.6071428571428572e+00	1.0000000000000000e+00
170	6.9642857142857153e+00	1.6071428571428572e+00	1.0000000000000000e+00
171	7.3214285714285712e+00	1.6071428571428572e+00	1.0000000000000000e+00
172	7.6785714285714288e+00	1.6071428571428572e+00	1.0000000000000000e+00
173	8.0357142857142847e+00	1.6071428571428572e+00	1.0000000000000000e+00
174	8.3928571428571423e+00	1.6071428571428572e+00	1.0000000000000000e+00
175	8.7500000000000018e+00	1.6071428571428572e+00	1.0000000000000000e+00
176	9.1071428571428577e+00	1.6071428571428572e+00	1.0000000000000000e+00
177	9.4642857142857135e+00	1.6071428571428572e+00	1.0000000000000000e+00
178	9.8214285714285712e+00	1.6071428571428572e+00	1.0000000000000000e+00
179	1.0000000000000000e+01	1.6071428571428572e+00	1.0000000000000000e+00
180	0.0000000000000000e+00	1.9642857142857146e+00	9.9999999999999978e-01
181	1.7857142857142855e-01	1.9642857142857146e+00	9.9999999999999978e-01
182	5.3571428571428570e-01	1.9642857142857146e+00	9.9999999999999978e-01
183	8.9285714285714279e-01	1.9642857142857144e+00	1.0000000000000000e+00
184	1.2500000000000002e+00	1.9642857142857144e+00	1.0000000000000000e+00
185	1.6071428571428572e+00	1.9642857142857146e+00	9.9999999999999978e-01
186	1.9642857142857146e+00	1.9642857142857142e+00	9.9999999999999967e-01
187	2.3214285714285716e+00	1.9642857142857149e+00	9.9999999999999978e-01
188	2.6785714285714284e+00	1.9642857142857140e+00	9.9999999999999978e-01
189	3.0357142857142860e+00	1.9642857142857146e+00	9.9999999999999978e-01
190	3.3928571428571437e+00	1.9642857142857146e+00	9.9999999999999978e-01
191	3.7500000000000000e+00	1.9642857142857149e+00	9.9999999999999967e-01
192	4.1071428571428585e+00	1.9642857142857146e+00	9.9999999999999978e-01
193	4.4642857142857144e+00	1.9642857142857146e+00	9.9999999999999978e-01
194	4.8214285714285721e+00	1.9642857142857146e+00	9.9999999999999978e-01
195	5.1785714285714288e+00	1.9642857142857146e+00	9.9999999999999978e-01
196	5.5357142857142856e+00	1.9642857142857146e+00	9.9999999999999978e-01
197	5.8928571428571423e+00	1.9642857142857146e+00	9.9999999999999978e-01
198	6.2500000000000009e+00	1.9642857142857146e+00	9.9999999999999978e-01
199	6.6071428571428585e+00	1.9642857142857146e+00	9.9999999999999978e-01
200	6.9642857142857153e+00	1.9642857142857146e+00	9.9999999999999978e-01
201	7.3214285714285712e+00	1.9642857142857146e+00	9.9999999999999978e-01
202	7.6785714285714297e+00	1.9642857142857146e+00	9.9999999999999978e-01
203	8.0357142857142847e+00	1.9642857142857146e+00	9.9999999999999978e-01
204	8.3928571428571441e+00	1.9642857142857146e+00	9.9999999999999978e-01
205	8.7500000000000000e+00	1.9642857142857146e+00	9.9999999999999978e-01
206	9.1071428571428577e+00	1.9642857142857146e+00	9.9999999999999978e-01
207	9.4642857142857135e+00	1.9642857142857146e+00	9.9999999999999978e-01
208	9.8214285714285712e+00	1.9642857142857146e+00	9.9999999999999978e-01
209	1.0000000000000000e+01	1.9642857142857146e+00	9.9999999999999978e-01
210	0.0000000000000000e+00	2.3214285714285712e+00	1.0000000000000000e+00
211	1.7857142857142855e-01	2.3214285714285712e+00	1.0000000000000000e+00
212	5.3571428571428570e-01	2.3214285714285712e+00	1.0000000000000000e+00
213	8.9285714285714268e-01	2.3214285714285712e+00	1.0000000000000002e+00
214	1.2500000000000000e+00	2.3214285714285712e+00	1.0000000000000002e+00
215	1.6071428571428572e+00	2.3214285714285712e+00	1.0000000000000000e+00
216	1.9642857142857146e+00	2.3214285714285712e+00	9.9999999999999978e-01
217	2.3214285714285712e+00	2.3214285714285716e+00	1.0000000000000000e+00
218	2.6785714285714279e+00	2.3214285714285707e+00	1.0000000000000000e+00
219	3.0357142857142851e+00	2.3214285714285712e+00	1.0000000000000000e+00
220	3.3928571428571432e+00	2.3214285714285712e+00	1.0000000000000000e+00
221	3.7500000000000004e+00	2.3214285714285716e+00	9.9999999999999978e-01
222	4.1071428571428577e+00	2.3214285714285712e+00	1.0000000000000000e+00
223	4.4642857142857144e+00	2.3214285714285712e+00	1.0000000000000000e+00
224	4.8214285714285712e+00	2.3214285714285712e+00	1.0000000000000000e+00
225	5.1785714285714288e+00	2.3214285714285712e+00	1.0000000000000000e+00
226	5.5357142857142856e+00	2.3214285714285712e+00	1.0000000000000000e+00
227	5.8928571428571423e+00	2.3214285714285712e+00	1.0000000000000000e+00
228	6.2500000000000000e+00	2.3214285714285712e+00	1.0000000000000000e+00
229	6.6071428571428577e+00	2.3214285714285712e+00	1.0000000000000000e+00
230	6.9642857142857153e+00	2.3214285714285712e+00	1.0000000000000000e+00
231	7.3214285714285703e+00	2.3214285714285712e+00	1.0000000000000000e+00
232	7.6785714285714279e+00	2.3214285714285712e+00	1.0000000000000000e+00
233	8.0357142857142847e+00	2.3214285714285712e+00	1.0000000000000000e+00
234	8.3928571428571423e+00	2.3214285714285712e+00	1.0000000000000000e+00
235	8.7500000000000000e+00	2.3214285714285712e+00	1.0000000000000000e+00
236	9.1071428571428559e+00	2.3214285714285712e+00	1.0000000000000000e+00
237	9.4642857142857135e+00	2.3214285714285712e+00	1.0000000000000000e+00
238	9.8214285714285712e+00	2.3214285714285712e+00	1.0000000000000000e+00
239	1.0000000000000002e+01	2.3214285714285712e+00	1.0000000000000000e+00
240	0.0000000000000000e+00	2.6785714285714284e+00	1.0000000000000000e+00
241	1.7857142857142855e-01	2.6785714285714284e+00	1.0000000000000000e+00
242	5.3571428571428570e-01	2.6785714285714284e+00	1.0000000000000000e+00
243	8.9285714285714268e-01	2.6785714285714284e+00	1.0000000000000002e+00
244	1.2499999999999998e+00	2.6785714285714284e+00	1.0000000000000002e+00
245	1.6071428571428572e+00	2.6785714285714284e+00	1.0000000000000000e+00
246	1.9642857142857146e+00	2.6785714285714284e+00	9.9999999999999978e-01
247	2.3214285714285712e+00	2.6785714285714288e+00	1.0000000000000000e+00
248	2.6785714285714284e+00	2.6785714285714279e+00	1.0000000000000000e+00
249	3.0357142857142856e+00	2.6785714285714284e+00	1.0000000000000000e+00
250	3.3928571428571432e+00	2.6785714285714284e+00	1.0000000000000000e+00
251	3.7500000000000004e+00	2.6785714285714288e+00	9.9999999999999978e-01
252	4.1071428571428577e+00	2.6785714285714284e+00	1.0000000000000000e+00
253	4.4642857142857144e+00	2.6785714285714284e+00	1.0000000000000000e+00
254	4.8214285714285712e+00	2.6785714285714284e+00	1.0000000000000000e+00
255	5.1785714285714297e+00	2.6785714285714284e+00	1.0000000000000000e+00
256	5.5357142857142856e+00	2.6785714285714284e+00	1.0000000000000000e+00
257	5.8928571428571423e+00	2.6785714285714284e+00	1.0000000000000000e+00
258	6.2500000000000000e+00	2.6785714285714284e+00	1.0000000000000000e+00
259	6.6071428571428577e+00	2.6785714285714284e+00	1.0000000000000000e+00
260	6.9642857142857144e+00	2.6785714285714284e+00	1.0000000000000000e+00
261	7.3214285714285712e+00	2.6785714285714284e+00	1.0000000000000000e+00
262	7.6785714285714288e+00	2.6785714285714284e+00	1.0000000000000000e+00
263	8.0357142857142829e+00	2.6785714285714284e+00	1.0000000000000000e+00
264	8.3928571428571423e+00	2.6785714285714284e+00	1.0000000000000000e+00
265	8.7500000000000000e+00	2.6785714285714284e+00	1.0000000000000000e+00
266	9.1071428571428559e+00	2.6785714285714284e+00	1.0000000000000000e+00
267	9.4642857142857117e+00	2.6785714285714284e+00	1.0000000000000000e+00
268	9.8214285714285712e+00	2.6785714285714284e+00	1.0000000000000000e+00
269	9.9999999999999982e+00	2.6785714285714284e+00	1.0000000000000000e+00
270	0.0000000000000000e+00	3.0357142857142856e+00	1.0000000000000000e+00
271	1.7857142857142855e-01	3.0357142857142856e+00	1.0000000000000000e+00
272	5.3571428571428570e-01	3.0357142857142856e+00	1.0000000000000000e+00
273	8.9285714285714268e-01	3.0357142857142856e+00	1.0000000000000002e+00
274	1.2500000000000002e+00	3.0357142857142856e+00	1.0000000000000002e+00
275	1.6071428571428574e+00	3.0357142857142856e+00	1.0000000000000000e+00
276	1.9642857142857149e+00	3.0357142857142865e+00	9.9999999999999978e-01
277	2.3214285714285712e+00	3.0357142857142865e+00	1.0000000000000000e+00
278	2.6785714285714284e+00	3.0357142857142856e+00	1.0000000000000000e+00
279	3.0357142857142856e+00	3.0357142857142856e+00	1.0000000000000000e+00
280	3.3928571428571432e+00	3.0357142857142856e+00	1.0000000000000000e+00
281	3.7500000000000000e+00	3.0357142857142856e+00	1.0000000000000000e+00
282	4.1071428571428577e+00	3.0357142857142856e+00	1.0000000000000000e+00
283	4.4642857142857153e+00	3.0357142857142856e+00	1.0000000000000000e+00
284	4.8214285714285712e+00	3.0357142857142856e+00	1.0000000000000000e+00
285	5.1785714285714297e+00	3.0357142857142856e+00	1.0000000000000000e+00
286	5.5357142857142865e+00	3.0357142857142856e+00	1.0000000000000000e+00
287	5.8928571428571432e+00	3.0357142857142856e+00	1.0000000000000000e+00
288	6.2500000000000009e+00	3.0357142857142856e+00	1.0000000000000000e+00
289	6.6071428571428577e+00	3.0357142857142856e+00	1.0000000000000000e+00
290	6.9642857142857153e+00	3.0357142857142856e+00	1.0000000000000000e+00
291	7.3214285714285721e+00	3.0357142857142856e+00	1.0000000000000000e+00
292	7.6785714285714288e+00	3.0357142857142856e+00	1.0000000000000000e+00
293	8.0357142857142865e+00	3.0357142857142856e+00	1.0000000000000000e+00
294	8.3928571428571423e+00	3.0357142857142856e+00	1.0000000000000000e+00
295	8.7500000000000000e+00	3.0357142857142856e+00	1.0000000000000000e+00
296	9.1071428571428594e+00	3.0357142857142856e+00	1.0000000000000000e+00
297	9.4642857142857135e+00	3.0357142857142856e+00	1.0000000000000000e+00
298	9.8214285714285730e+00	3.0357142857142856e+00	1.0000000000000000e+00
299	1.0000000000000000e+01	3.0357142857142856e+00	1.0000000000000000e+00
300	0.0000000000000000e+00	3.3928571428571432e+00	1.0000000000000000e+00
301	1.7857142857142855e-01	3.3928571428571432e+00	1.0000000000000000e+00
302	5.3571428571428570e-01	3.3928571428571432e+00	1.0000000000000000e+00
303	8.9285714285714279e-01	3.3928571428571432e+00	1.0000000000000002e+00
304	1.2500000000000000e+00	3.3928571428571432e+00	1.0000000000000002e+00
305	1.6071428571428572e+00	3.3928571428571432e+00	1.0000000000000000e+00
306	1.9642857142857149e+00	3.3928571428571432e+00	9.9999999999999978e-01
307	2.3214285714285712e+00	3.3928571428571441e+00	1.0000000000000000e+00
308	2.6785714285714284e+00	3.3928571428571423e+00	1.0000000000000000e+00
309	3.0357142857142856e+00	3.3928571428571432e+00	1.0000000000000000e+00
310	3.3928571428571432e+00	3.3928571428571432e+00	1.0000000000000000e+00
311	3.7500000000000000e+00	3.3928571428571437e+00	9.9999999999999989e-01
312	4.1071428571428577e+00	3.3928571428571432e+00	1.0000000000000000e+00
313	4.4642857142857144e+00	3.3928571428571432e+00	1.0000000000000000e+00
314	4.8214285714285712e+00	3.3928571428571432e+00	1.0000000000000000e+00
315	5.1785714285714297e+00	3.3928571428571432e+00	1.0000000000000000e+00
316	5.5357142857142865e+00	3.3928571428571432e+00	1.0000000000000000e+00
317	5.8928571428571432e+00	3.3928571428571432e+00	1.0000000000000000e+00
318	6.2500000000000000e+00	3.3928571428571432e+00	1.0000000000000000e+00
319	6.6071428571428585e+00	3.3928571428571432e+00	1.0000000000000000e+00
320	6.9642857142857144e+00	3.3928571428571432e+00	1.0000000000000000e+00
321	7.3214285714285721e+00	3.3928571428571432e+00	1.0000000000000000e+00
322	7.6785714285714288e+00	3.3928571428571432e+00	1.0000000000000000e+00
323	8.0357142857142847e+00	3.3928571428571432e+00	1.0000000000000000e+00
324	8.3928571428571423e+00	3.3928571428571432e+00	1.0000000000000000e+00
325	8.7500000000000000e+00	3.3928571428571432e+00	1.0000000000000000e+00
326	9.1071428571428577e+00	3.3928571428571432e+00	1.0000000000000000e+00
327	9.4642857142857153e+00	3.3928571428571432e+00	1.0000000000000000e+00
328	9.8214285714285712e+00	3.3928571428571432e+00	1.0000000000000000e+00
329	1.0000000000000000e+01	3.3928571428571432e+00	1.0000000000000000e+00
330	0.0000000000000000e+00	3.7500000000000000e+00	9.9999999999999989e-01
331	1.7857142857142855e-01	3.7500000000000000e+00	9.9999999999999989e-01
332	5.3571428571428581e-01	3.7500000000000000e+00	9.9999999999999989e-01
333	8.9285714285714279e-01	3.7499999999999991e+00	1.0000000000000002e+00
334	1.2500000000000000e+00	3.7499999999999991e+00	1.0000000000000002e+00
335	1.6071428571428572e+00	3.7500000000000000e+00	9.9999999999999989e-01
336	1.9642857142857149e+00	3.7500000000000004e+00	9.9999999999999967e-01
337	2.3214285714285716e+00	3.7500000000000004e+00	9.9999999999999989e-01
338	2.6785714285714293e+00	3.7499999999999996e+00	9.9999999999999989e-01
339	3.0357142857142856e+00	3.7500000000000000e+00	9.9999999999999989e-01
340	3.3928571428571437e+00	3.7500000000000000e+00	9.9999999999999989e-01
341	3.7500000000000000e+00	3.7500000000000000e+00	9.9999999999999989e-01
342	4.1071428571428585e+00	3.7500000000000000e+00	9.9999999999999989e-01
343	4.4642857142857153e+00	3.7500000000000000e+00	9.9999999999999989e-01
344	4.8214285714285721e+00	3.7500000000000000e+00	9.9999999999999989e-01
345	5.1785714285714297e+00	3.7500000000000000e+00	9.9999999999999989e-01
346	5.5357142857142856e+00	3.7500000000000000e+00	9.9999999999999989e-01
347	5.8928571428571432e+00	3.7500000000000000e+00	9.9999999999999989e-01
348	6.2500000000000009e+00	3.7500000000000000e+00	9.9999999999999989e-01
349	6.6071428571428585e+00	3.7500000000000000e+00	9.9999999999999989e-01
350	6.9642857142857144e+00	3.7500000000000000e+00	9.9999999999999989e-01
351	7.3214285714285721e+00	3.7500000000000000e+00	9.9999999999999989e-01
352	7.6785714285714297e+00	3.7500000000000000e+00	9.9999999999999989e-01
353	8.0357142857142865e+00	3.7500000000000000e+00	9.9999999999999989e-01
354	8.3928571428571441e+00	3.7500000000000000e+00	9.9999999999999989e-01
355	8.7500000000000018e+00	3.7500000000000000e+00	9.9999999999999989e-01
356	9.1071428571428594e+00	3.7500000000000000e+00	9.9999999999999989e-01
357	9.4642857142857153e+00	3.7500000000000000e+00	9.9999999999999989e-01
358	9.8214285714285730e+00	3.7500000000000000e+00	9.9999999999999989e-01
359	1.0000000000000002e+01	3.7500000000000000e+00	9.9999999999999989e-01
360	0.0000000000000000e+00	4.1071428571428577e+00	1.0000000000000000e+00
361	1.7857142857142852e-01	4.1071428571428577e+00	1.0000000000000000e+00
362	5.3571428571428570e-01	4.1071428571428577e+00	1.0000000000000000e+00
363	8.9285714285714290e-01	4.1071428571428577e+00	1.0000000000000000e+00
364	1.2500000000000004e+00	4.1071428571428577e+00	1.0000000000000000e+00
365	1.6071428571428570e+00	4.1071428571428577e+00	1.0000000000000000e+00
366	1.9642857142857146e+00	4.1071428571428568e+00	9.9999999999999978e-01
367	2.3214285714285712e+00	4.1071428571428577e+00	1.0000000000000000e+00
368	2.6785714285714284e+00	4.1071428571428559e+00	1.0000000000000000e+00
369	3.0357142857142851e+00	4.1071428571428577e+00	1.0000000000000000e+00
370	3.3928571428571432e+00	4.1071428571428577e+00	1.0000000000000000e+00
371	3.7500000000000004e+00	4.1071428571428585e+00	9.9999999999999978e-01
372	4.1071428571428577e+00	4.1071428571428577e+00	1.0000000000000000e+00
373	4.4642857142857135e+00	4.1071428571428577e+00	1.0000000000000000e+00
374	4.8214285714285712e+00	4.1071428571428577e+00	1.0000000000000000e+00
375	5.1785714285714288e+00	4.1071428571428577e+00	1.0000000000000000e+00
376	5.5357142857142856e+00	4.1071428571428577e+00	1.0000000000000000e+00
377	5.8928571428571415e+00	4.1071428571428577e+00	1.0000000000000000e+00
378	6.2499999999999991e+00	4.1071428571428577e+00	1.0000000000000000e+00
379	6.6071428571428577e+00	4.1071428571428577e+00	1.0000000000000000e+00
380	6.9642857142857144e+00	4.1071428571428577e+00	1.0000000000000000e+00
381	7.3214285714285703e+00	4.1071428571428577e+00	1.0000000000000000e+00
382	7.6785714285714279e+00	4.1071428571428577e+00	1.0000000000000000e+00
383	8.0357142857142847e+00	4.1071428571428577e+00	1.0000000000000000e+00
384	8.3928571428571423e+00	4.1071428571428577e+00	1.0000000000000000e+00
385	8.7500000000000000e+00	4.1071428571428577e+00	1.0000000000000000e+00
386	9.1071428571428577e+00	4.1071428571428577e+00	1.0000000000000000e+00
387	9.4642857142857117e+00	4.1071428571428577e+00	1.0000000000000000e+00
388	9.8214285714285694e+00	4.1071428571428577e+00	1.0000000000000000e+00
389	1.0000000000000000e+01	4.1071428571428577e+00	1.0000000000000000e+00
390	0.0000000000000000e+00	4.4642857142857144e+00	1.0000000000000000e+00
391	1.7857142857142855e-01	4.4642857142857144e+00	1.0000000000000000e+00
392	5.3571428571428559e-01	4.4642857142857144e+00	1.0000000000000000e+00
393	8.9285714285714268e-01	4.4642857142857144e+00	1.0000000000000002e+00
394	1.2500000000000000e+00	4.4642857142857144e+00	1.0000000000000002e+00
395	1.6071428571428570e+00	4.4642857142857144e+00	1.0000000000000000e+00
396	1.9642857142857149e+00	4.4642857142857153e+00	9.9999999999999967e-01
397	2.3214285714285712e+00	4.4642857142857153e+00	1.0000000000000000e+00
398	2.6785714285714284e+00	4.4642857142857135e+00	1.0000000000000000e+00
399	3.0357142857142856e+00	4.4642857142857144e+00	1.0000000000000000e+00
400	3.3928571428571432e+00	4.4642857142857144e+00	1.0000000000000000e+00
401	3.7500000000000000e+00	4.4642857142857153e+00	9.9999999999999978e-01
402	4.1071428571428577e+00	4.4642857142857144e+00	1.0000000000000000e+00
403	4.4642857142857135e+00	4.4642857142857144e+00	1.0000000000000000e+00
404	4.8214285714285712e+00	4.4642857142857144e+00	1.0000000000000000e+00
405	5.1785714285714279e+00	4.4642857142857144e+00	1.0000000000000000e+00
406	5.5357142857142847e+00	4.4642857142857144e+00	1.0000000000000000e+00
407	5.8928571428571415e+00	4.4642857142857144e+00	1.0000000000000000e+00
408	6.2500000000000000e+00	4.4642857142857144e+00	1.0000000000000000e+00
409	6.6071428571428577e+00	4.4642857142857144e+00	1.0000000000000000e+00
410	6.9642857142857135e+00	4.4642857142857144e+00	1.0000000000000000e+00
411	7.3214285714285712e+00	4.4642857142857144e+00	1.0000000000000000e+00
412	7.6785714285714288e+00	4.4642857142857144e+00	1.0000000000000000e+00
413	8.0357142857142847e+00	4.4642857142857144e+00	1.0000000000000000e+00
414	8.3928571428571423e+00	4.4642857142857144e+00	1.0000000000000000e+00
415	8.7500000000000000e+00	4.4642857142857144e+00	1.0000000000000000e+00
416	9.1071428571428559e+00	4.4642857142857144e+00	1.0000000000000000e+00
417	9.4642857142857135e+00	4.4642857142857144e+00	1.0000000000000000e+00
418	9.8214285714285694e+00	4.4642857142857144e+00	1.0000000000000000e+00
419	1.0000000000000000e+01	4.4642857142857144e+00	1.0000000000000000e+00
420	0.0000000000000000e+00	4.8214285714285712e+00	1.0000000000000000e+00
421	1.7857142857142855e-01	4.8214285714285712e+00	1.0000000000000000e+00
422	5.3571428571428570e-01	4.8214285714285712e+00	1.0000000000000000e+00
423	8.9285714285714268e-01	4.8214285714285721e+00	1.0000000000000002e+00
424	1.2500000000000000e+00	4.8214285714285721e+00	1.0000000000000002e+00
425	1.6071428571428572e+00	4.8214285714285712e+00	1.0000000000000000e+00
426	1.9642857142857146e+00	4.8214285714285721e+00	9.9999999999999978e-01
427	2.3214285714285712e+00	4.8214285714285730e+00	1.0000000000000000e+00
428	2.6785714285714284e+00	4.8214285714285712e+00	1.0000000000000000e+00
429	3.0357142857142856e+00	4.8214285714285712e+00	1.0000000000000000e+00
430	3.3928571428571432e+00	4.8214285714285712e+00	1.0000000000000000e+00
431	3.7500000000000004e+00	4.8214285714285721e+00	9.9999999999999989e-01
432	4.1071428571428577e+00	4.8214285714285712e+00	1.0000000000000000e+00
433	4.4642857142857144e+00	4.8214285714285712e+00	1.0000000000000000e+00
434	4.8214285714285712e+00	4.8214285714285712e+00	1.0000000000000000e+00
435	5.1785714285714288e+00	4.8214285714285712e+00	1.0000000000000000e+00
436	5.5357142857142856e+00	4.8214285714285712e+00	1.0000000000000000e+00
437	5.8928571428571423e+00	4.8214285714285712e+00	1.0000000000000000e+00
438	6.2500000000000000e+00	4.8214285714285712e+00	1.0000000000000000e+00
439	6.6071428571428577e+00	4.8214285714285712e+00	1.0000000000000000e+00
440	6.9642857142857144e+00	4.8214285714285712e+00	1.0000000000000000e+00
441	7.3214285714285712e+00	4.8214285714285712e+00	1.0000000000000000e+00
442	7.6785714285714288e+00	4.8214285714285712e+00	1.0000000000000000e+00
443	8.0357142857142847e+00	4.8214285714285712e+00	1.0000000000000000e+00
444	8.3928571428571423e+00	4.8214285714285712e+00	1.0000000000000000e+00
445	8.7500000000000000e+00	4.8214285714285712e+00	1.0000000000000000e+00
446	9.1071428571428577e+00	4.8214285714285712e+00	1.0000000000000000e+00
447	9.4642857142857135e+00	4.8214285714285712e+00	1.0000000000000000e+00
448	9.8214285714285712e+00	4.8214285714285712e+00	1.0000000000000000e+00
449	1.0000000000000000e+01	4.8214285714285712e+00	1.0000000000000000e+00
450	0.0000000000000000e+00	5.1785714285714288e+00	1.0000000000000000e+00
451	1.7857142857142855e-01	5.1785714285714288e+00	1.0000000000000000e+00
452	5.3571428571428570e-01	5.1785714285714288e+00	1.0000000000000000e+00
453	8.9285714285714268e-01	5.1785714285714279e+00	1.0000000000000002e+00
454	1.2500000000000000e+00	5.1785714285714279e+00	1.0000000000000002e+00
455	1.6071428571428572e+00	5.1785714285714288e+00	1.0000000000000000e+00
456	1.9642857142857144e+00	5.1785714285714279e+00	9.9999999999999978e-01
457	2.3214285714285712e+00	5.1785714285714288e+00	1.0000000000000000e+00
458	2.6785714285714284e+00	5.1785714285714270e+00	1.0000000000000000e+00
459	3.0357142857142856e+00	5.1785714285714288e+00	1.0000000000000000e+00
460	3.3928571428571432e+00	5.1785714285714288e+00	1.0000000000000000e+00
461	3.7500000000000000e+00	5.1785714285714297e+00	9.9999999999999989e-01
462	4.1071428571428577e+00	5.1785714285714288e+00	1.0000000000000000e+00
463	4.4642857142857144e+00	5.1785714285714288e+00	1.0000000000000000e+00
464	4.8214285714285712e+00	5.1785714285714288e+00	1.0000000000000000e+00
465	5.1785714285714288e+00	5.1785714285714288e+00	1.0000000000000000e+00
466	5.5357142857142865e+00	5.1785714285714288e+00	1.0000000000000000e+00
467	5.8928571428571423e+00	5.1785714285714288e+00	1.0000000000000000e+00
468	6.2500000000000000e+00	5.1785714285714288e+00	1.0000000000000000e+00
469	6.6071428571428577e+00	5.1785714285714288e+00	1.0000000000000000e+00
470	6.9642857142857153e+00	5.1785714285714288e+00	1.0000000000000000e+00
471	7.3214285714285712e+00	5.1785714285714288e+00	1.0000000000000000e+00
472	7.6785714285714288e+00	5.1785714285714288e+00	1.0000000000000000e+00
473	8.0357142857142847e+00	5.1785714285714288e+00	1.0000000000000000e+00
474	8.3928571428571423e+00	5.1785714285714288e+00	1.0000000000000000e+00
475	8.7500000000000000e+00	5.1785714285714288e+00	1.0000000000000000e+00
476	9.1071428571428577e+00	5.1785714285714288e+00	1.0000000000000000e+00
477	9.4642857142857135e+00	5.1785714285714288e+00	1.0000000000000000e+00
478	9.8214285714285712e+00	5.1785714285714288e+00	1.0000000000000000e+00
479	1.0000000000000000e+01	5.1785714285714288e+00	1.0000000000000000e+00
480	0.0000000000000000e+00	5.5357142857142856e+00	1.0000000000000000e+00
481	1.7857142857142855e-01	5.5357142857142856e+00	1.0000000000000000e+00
482	5.3571428571428570e-01	5.5357142857142856e+00	1.0000000000000000e+00
483	8.9285714285714279e-01	5.5357142857142856e+00	1.0000000000000002e+00
484	1.2500000000000000e+00	5.5357142857142856e+00	1.0000000000000002e+00
485	1.6071428571428572e+00	5.5357142857142856e+00	1.0000000000000000e+00
486	1.9642857142857146e+00	5.5357142857142856e+00	9.9999999999999978e-01
487	2.3214285714285712e+00	5.5357142857142865e+00	1.0000000000000000e+00
488	2.6785714285714284e+00	5.5357142857142847e+00	1.0000000000000000e+00
489	3.0357142857142856e+00	5.5357142857142856e+00	1.0000000000000000e+00
490	3.3928571428571432e+00	5.5357142857142856e+00	1.0000000000000000e+00
491	3.7500000000000000e+00	5.5357142857142865e+00	9.9999999999999989e-01
492	4.1071428571428577e+00	5.5357142857142856e+00	1.0000000000000000e+00
493	4.4642857142857144e+00	5.5357142857142856e+00	1.0000000000000000e+00
494	4.8214285714285712e+00	5.5357142857142856e+00	1.0000000000000000e+00
495	5.1785714285714288e+00	5.5357142857142856e+00	1.0000000000000000e+00
496	5.5357142857142856e+00	5.5357142857142856e+00	1.0000000000000000e+00
497	5.8928571428571423e+00	5.5357142857142856e+00	1.0000000000000000e+00
498	6.2500000000000000e+00	5.5357142857142856e+00	1.0000000000000000e+00
499	6.6071428571428577e+00	5.5357142857142856e+00	1.0000000000000000e+00
500	6.9642857142857144e+00	5.5357142857142856e+00	1.0000000000000000e+00
501	7.3214285714285712e+00	5.5357142857142856e+00	1.0000000000000000e+00
502	7.6785714285714288e+00	5.5357142857142856e+00	1.0000000000000000e+00
503	8.0357142857142847e+00	5.5357142857142856e+00	1.0000000000000000e+00
504	8.3928571428571423e+00	5.5357142857142856e+00	1.0000000000000000e+00
505	8.7500000000000000e+00	5.5357142857142856e+00	1.0000000000000000e+00
506	9.1071428571428577e+00	5.5357142857142856e+00	1.0000000000000000e+00
507	9.4642857142857135e+00	5.5357142857142856e+00	1.0000000000000000e+00
508	9.8214285714285712e+00	5.5357142857142856e+00	1.0000000000000000e+00
509	1.0000000000000000e+01	5.5357142857142856e+00	1.0000000000000000e+00
510	0.0000000000000000e+00	5.8928571428571423e+00	1.0000000000000000e+00
511	1.7857142857142855e-01	5.8928571428571423e+00	1.0000000000000000e+00
512	5.3571428571428570e-01	5.8928571428571423e+00	1.0000000000000000e+00
513	8.9285714285714279e-01	5.8928571428571423e+00	1.0000000000000002e+00
514	1.2500000000000000e+00	5.8928571428571423e+00	1.0000000000000002e+00
515	1.6071428571428572e+00	5.8928571428571423e+00	1.0000000000000000e+00
516	1.9642857142857144e+00	5.8928571428571423e+00	9.9999999999999978e-01
517	2.3214285714285712e+00	5.8928571428571432e+00	1.0000000000000000e+00
518	2.6785714285714284e+00	5.8928571428571415e+00	1.0000000000000000e+00
519	3.0357142857142856e+00	5.8928571428571423e+00	1.0000000000000000e+00
520	3.3928571428571432e+00	5.8928571428571423e+00	1.0000000000000000e+00
521	3.7500000000000009e+00	5.8928571428571432e+00	9.9999999999999978e-01
522	4.1071428571428577e+00	5.8928571428571423e+00	1.0000000000000000e+00
523	4.4642857142857153e+00	5.8928571428571423e+00	1.0000000000000000e+00
524	4.8214285714285712e+00	5.8928571428571423e+00	1.0000000000000000e+00
525	5.1785714285714288e+00	5.8928571428571423e+00	1.0000000000000000e+00
526	5.5357142857142856e+00	5.8928571428571423e+00	1.0000000000000000e+00
527	5.8928571428571423e+00	5.8928571428571423e+00	1.0000000000000000e+00
528	6.2500000000000000e+00	5.8928571428571423e+00	1.0000000000000000e+00
529	6.6071428571428568e+00	5.8928571428571423e+00	1.0000000000000000e+00
530	6.9642857142857153e+00	5.8928571428571423e+00	1.0000000000000000e+00
531	7.3214285714285712e+00	5.8928571428571423e+00	1.0000000000000000e+00
532	7.6785714285714288e+00	5.8928571428571423e+00	1.0000000000000000e+00
533	8.0357142857142847e+00	5.8928571428571423e+00	1.0000000000000000e+00
534	8.3928571428571423e+00	5.8928571428571423e+00	1.0000000000000000e+00
535	8.7500000000000000e+00	5.8928571428571423e+00	1.0000000000000000e+00
536	9.1071428571428577e+00	5.8928571428571423e+00	1.0000000000000000e+00
537	9.4642857142857135e+00	5.8928571428571423e+00	1.0000000000000000e+00
538	9.8214285714285712e+00	5.8928571428571423e+00	1.0000000000000000e+00
539	1.0000000000000000e+01	5.8928571428571423e+00	1.0000000000000000e+00
540	0.0000000000000000e+00	6.2500000000000000e+00	1.0000000000000000e+00
541	1.7857142857142855e-01	6.2500000000000000e+00	1.0000000000000000e+00
542	5.3571428571428570e-01	6.2500000000000000e+00	1.0000000000000000e+00
543	8.9285714285714268e-01	6.2499999999999991e+00	1.0000000000000002e+00
544	1.2499999999999998e+00	6.2499999999999991e+00	1.0000000000000002e+00
545	1.6071428571428572e+00	6.2500000000000000e+00	1.0000000000000000e+00
546	1.9642857142857146e+00	6.2500000000000000e+00	9.9999999999999978e-01
547	2.3214285714285712e+00	6.2500000000000009e+00	1.0000000000000000e+00
548	2.6785714285714284e+00	6.2499999999999982e+00	1.0000000000000000e+00
549	3.0357142857142856e+00	6.2500000000000000e+00	1.0000000000000000e+00
550	3.3928571428571432e+00	6.2500000000000000e+00	1.0000000000000000e+00
551	3.7500000000000000e+00	6.2500000000000009e+00	9.9999999999999989e-01
552	4.1071428571428577e+00	6.2500000000000000e+00	1.0000000000000000e+00
553	4.4642857142857144e+00	6.2500000000000000e+00	1.0000000000000000e+00
554	4.8214285714285712e+00	6.2500000000000000e+00	1.0000000000000000e+00
555	5.1785714285714288e+00	6.2500000000000000e+00	1.0000000000000000e+00
556	5.5357142857142856e+00	6.2500000000000000e+00	1.0000000000000000e+00
557	5.8928571428571423e+00	6.2500000000000000e+00	1.0000000000000000e+00
558	6.2500000000000000e+00	6.2500000000000000e+00	1.0000000000000000e+00
559	6.6071428571428577e+00	6.2500000000000000e+00	1.0000000000000000e+00
560	6.9642857142857135e+00	6.2500000000000000e+00	1.0000000000000000e+00
561	7.3214285714285712e+00	6.2500000000000000e+00	1.0000000000000000e+00
562	7.6785714285714288e+00	6.2500000000000000e+00	1.0000000000000000e+00
563	8.0357142857142847e+00	6.2500000000000000e+00	1.0000000000000000e+00
564	8.3928571428571423e+00	6.2500000000000000e+00	1.0000000000000000e+00
565	8.7500000000000000e+00	6.2500000000000000e+00	1.0000000000000000e+00
566	9.1071428571428577e+00	6.2500000000000000e+00	1.0000000000000000e+00
567	9.4642857142857135e+00	6.2500000000000000e+00	1.0000000000000000e+00
568	9.8214285714285712e+00	6.2500000000000000e+00	1.0000000000000000e+00
569	1.0000000000000000e+01	6.2500000000000000e+00	1.0000000000000000e+00
570	0.0000000000000000e+00	6.6071428571428577e+00	1.0000000000000000e+00
571	1.7857142857142855e-01	6.6071428571428577e+00	1.0000000000000000e+00
572	5.3571428571428570e-01	6.6071428571428577e+00	1.0000000000000000e+00
573	8.9285714285714257e-01	6.6071428571428559e+00	1.0000000000000004e+00
574	1.2499999999999998e+00	6.6071428571428559e+00	1.0000000000000004e+00
575	1.6071428571428572e+00	6.6071428571428577e+00	1.0000000000000000e+00
576	1.9642857142857149e+00	6.6071428571428585e+00	9.9999999999999978e-01
577	2.3214285714285712e+00	6.6071428571428585e+00	1.0000000000000000e+00
578	2.6785714285714284e+00	6.6071428571428568e+00	1.0000000000000000e+00
579	3.0357142857142856e+00	6.6071428571428577e+00	1.0000000000000000e+00
580	3.3928571428571432e+00	6.6071428571428577e+00	1.0000000000000000e+00
581	3.7500000000000000e+00	6.6071428571428577e+00	1.0000000000000000e+00
582	4.1071428571428577e+00	6.6071428571428577e+00	1.0000000000000000e+00
583	4.4642857142857144e+00	6.6071428571428577e+00	1.0000000000000000e+00
584	4.8214285714285712e+00	6.6071428571428577e+00	1.0000000000000000e+00
585	5.1785714285714288e+00	6.6071428571428577e+00	1.0000000000000000e+00
586	5.5357142857142865e+00	6.6071428571428577e+00	1.0000000000000000e+00
587	5.8928571428571423e+00	6.6071428571428577e+00	1.0000000000000000e+00
588	6.2500000000000000e+00	6.6071428571428577e+00	1.0000000000000000e+00
589	6.6071428571428577e+00	6.6071428571428577e+00	1.0000000000000000e+00
590	6.9642857142857144e+00	6.6071428571428577e+00	1.0000000000000000e+00
591	7.3214285714285721e+00	6.6071428571428577e+00	1.0000000000000000e+00
592	7.6785714285714288e+00	6.6071428571428577e+00	1.0000000000000000e+00
593	8.0357142857142847e+00	6.6071428571428577e+00	1.0000000000000000e+00
594	8.3928571428571423e+00	6.6071428571428577e+00	1.0000000000000000e+00
595	8.7500000000000000e+00	6.6071428571428577e+00	1.0000000000000000e+00
596	9.1071428571428577e+00	6.6071428571428577e+00	1.0000000000000000e+00
597	9.4642857142857135e+00	6.6071428571428577e+00	1.0000000000000000e+00
598	9.8214285714285712e+00	6.6071428571428577e+00	1.0000000000000000e+00
599	1.0000000000000000e+01	6.6071428571428577e+00	1.0000000000000000e+00
600	0.0000000000000000e+00	6.9642857142857144e+00	1.0000000000000000e+00
601	1.7857142857142855e-01	6.9642857142857144e+00	1.0000000000000000e+00
602	5.3571428571428570e-01	6.9642857142857144e+00	1.0000000000000000e+00
603	8.9285714285714268e-01	6.9642857142857135e+00	1.0000000000000002e+00
604	1.2500000000000000e+00	6.9642857142857135e+00	1.0000000000000002e+00
605	1.6071428571428572e+00	6.9642857142857144e+00	1.0000000000000000e+00
606	1.9642857142857146e+00	6.9642857142857153e+00	9.9999999999999978e-01
607	2.3214285714285712e+00	6.9642857142857153e+00	1.0000000000000000e+00
608	2.6785714285714279e+00	6.9642857142857135e+00	1.0000000000000000e+00
609	3.0357142857142856e+00	6.9642857142857144e+00	1.0000000000000000e+00
610	3.3928571428571432e+00	6.9642857142857144e+00	1.0000000000000000e+00
611	3.7500000000000004e+00	6.9642857142857162e+00	9.9999999999999978e-01
612	4.1071428571428577e+00	6.9642857142857144e+00	1.0000000000000000e+00
613	4.4642857142857144e+00	6.9642857142857144e+00	1.0000000000000000e+00
614	4.8214285714285712e+00	6.9642857142857144e+00	1.0000000000000000e+00
615	5.1785714285714288e+00	6.9642857142857144e+00	1.0000000000000000e+00
616	5.5357142857142865e+00	6.9642857142857144e+00	1.0000000000000000e+00
617	5.8928571428571423e+00	6.9642857142857144e+00	1.0000000000000000e+00
618	6.2500000000000000e+00	6.9642857142857144e+00	1.0000000000000000e+00
619	6.6071428571428577e+00	6.9642857142857144e+00	1.0000000000000000e+00
620	6.9642857142857144e+00	6.9642857142857144e+00	1.0000000000000000e+00
621	7.3214285714285712e+00	6.9642857142857144e+00	1.0000000000000000e+00
622	7.6785714285714288e+00	6.9642857142857144e+00	1.0000000000000000e+00
623	8.0357142857142847e+00	6.9642857142857144e+00	1.0000000000000000e+00
624	8.3928571428571423e+00	6.9642857142857144e+00	1.0000000000000000e+00
625	8.7500000000000000e+00	6.9642857142857144e+00	1.0000000000000000e+00
626	9.1071428571428577e+00	6.9642857142857144e+00	1.0000000000000000e+00
627	9.4642857142857135e+00	6.9642857142857144e+00	1.0000000000000000e+00
628	9.8214285714285712e+00	6.9642857142857144e+00	1.0000000000000000e+00
629	1.0000000000000000e+01	6.9642857142857144e+00	1.0000000000000000e+00
630	0.0000000000000000e+00	7.3214285714285712e+00	1.0000000000000000e+00
631	1.7857142857142855e-01	7.3214285714285712e+00	1.0000000000000000e+00
632	5.3571428571428570e-01	7.3214285714285712e+00	1.0000000000000000e+00
633	8.9285714285714257e-01	7.3214285714285703e+00	1.0000000000000002e+00
634	1.2500000000000000e+00	7.3214285714285703e+00	1.0000000000000002e+00
635	1.6071428571428572e+00	7.3214285714285712e+00	1.0000000000000000e+00
636	1.9642857142857144e+00	7.3214285714285712e+00	9.9999999999999978e-01
637	2.3214285714285712e+00	7.3214285714285721e+00	1.0000000000000000e+00
638	2.6785714285714284e+00	7.3214285714285694e+00	1.0000000000000000e+00
639	3.0357142857142856e+00	7.3214285714285712e+00	1.0000000000000000e+00
640	3.3928571428571432e+00	7.3214285714285712e+00	1.0000000000000000e+00
641	3.7500000000000004e+00	7.3214285714285730e+00	9.9999999999999978e-01
642	4.1071428571428577e+00	7.3214285714285712e+00	1.0000000000000000e+00
643	4.4642857142857135e+00	7.3214285714285712e+00	1.0000000000000000e+00
644	4.8214285714285712e+00	7.3214285714285712e+00	1.0000000000000000e+00
645	5.1785714285714288e+00	7.3214285714285712e+00	1.0000000000000000e+00
646	5.5357142857142847e+00	7.3214285714285712e+00	1.0000000000000000e+00
647	5.8928571428571423e+00	7.3214285714285712e+00	1.0000000000000000e+00
648	6.2500000000000000e+00	7.3214285714285712e+00	1.0000000000000000e+00
649	6.6071428571428577e+00	7.3214285714285712e+00	1.0000000000000000e+00
650	6.9642857142857144e+00	7.3214285714285712e+00	1.0000000000000000e+00
651	7.3214285714285712e+00	7.3214285714285712e+00	1.0000000000000000e+00
652	7.6785714285714288e+00	7.3214285714285712e+00	1.0000000000000000e+00
653	8.0357142857142847e+00	7.3214285714285712e+00	1.0000000000000000e+00
654	8.3928571428571423e+00	7.3214285714285712e+00	1.0000000000000000e+00
655	8.7500000000000000e+00	7.3214285714285712e+00	1.0000000000000000e+00
656	9.1071428571428577e+00	7.3214285714285712e+00	1.0000000000000000e+00
657	9.4642857142857117e+00	7.3214285714285712e+00	1.0000000000000000e+00
658	9.8214285714285712e+00	7.3214285714285712e+00	1.0000000000000000e+00
659	1.0000000000000000e+01	7.3214285714285712e+00	1.0000000000000000e+00
660	0.0000000000000000e+00	7.6785714285714288e+00	1.0000000000000000e+00
661	1.7857142857142855e-01	7.6785714285714288e+00	1.0000000000000000e+00
662	5.3571428571428570e-01	7.6785714285714288e+00	1.0000000000000000e+00
663	8.9285714285714279e-01	7.6785714285714288e+00	1.0000000000000002e+00
664	1.2500000000000000e+00	7.6785714285714288e+00	1.0000000000000002e+00
665	1.6071428571428572e+00	7.6785714285714288e+00	1.0000000000000000e+00
666	1.9642857142857146e+00	7.6785714285714297e+00	9.9999999999999978e-01
667	2.3214285714285712e+00	7.6785714285714306e+00	1.0000000000000000e+00
668	2.6785714285714284e+00	7.6785714285714279e+00	1.0000000000000000e+00
669	3.0357142857142856e+00	7.6785714285714288e+00	1.0000000000000000e+00
670	3.3928571428571432e+00	7.6785714285714288e+00	1.0000000000000000e+00
671	3.7500000000000009e+00	7.6785714285714306e+00	9.9999999999999978e-01
672	4.1071428571428577e+00	7.6785714285714288e+00	1.0000000000000000e+00
673	4.4642857142857144e+00	7.6785714285714288e+00	1.0000000000000000e+00
674	4.8214285714285712e+00	7.6785714285714288e+00	1.0000000000000000e+00
675	5.1785714285714288e+00	7.6785714285714288e+00	1.0000000000000000e+00
676	5.5357142857142856e+00	7.6785714285714288e+00	1.0000000000000000e+00
677	5.8928571428571423e+00	7.6785714285714288e+00	1.0000000000000000e+00
678	6.2500000000000000e+00	7.6785714285714288e+00	1.0000000000000000e+00
679	6.6071428571428577e+00	7.6785714285714288e+00	1.0000000000000000e+00
680	6.9642857142857153e+00	7.6785714285714288e+00	1.0000000000000000e+00
681	7.3214285714285712e+00	7.6785714285714288e+00	1.0000000000000000e+00
682	7.6785714285714288e+00	7.6785714285714288e+00	1.0000000000000000e+00
683	8.0357142857142847e+00	7.6785714285714288e+00	1.0000000000000000e+00
684	8.3928571428571423e+00	7.6785714285714288e+00	1.0000000000000000e+00
685	8.7500000000000000e+00	7.6785714285714288e+00	1.0000000000000000e+00
686	9.1071428571428577e+00	7.6785714285714288e+00	1.0000000000000000e+00
687	9.4642857142857135e+00	7.6785714285714288e+00	1.0000000000000000e+00
688	9.8214285714285730e+00	7.6785714285714288e+00	1.0000000000000000e+00
689	1.0000000000000000e+01	7.6785714285714288e+00	1.0000000000000000e+00
690	0.0000000000000000e+00	8.0357142857142847e+00	1.0000000000000000e+00
691	1.7857142857142855e-01	8.0357142857142847e+00	1.0000000000000000e+00
692	5.3571428571428570e-01	8.0357142857142847e+00	1.0000000000000000e+00
693	8.9285714285714279e-01	8.0357142857142865e+00	1.0000000000000000e+00
694	1.2500000000000002e+00	8.0357142857142865e+00	1.0000000000000000e+00
695	1.6071428571428572e+00	8.0357142857142847e+00	1.0000000000000000e+00
696	1.9642857142857144e+00	8.0357142857142847e+00	9.9999999999999978e-01
697	2.3214285714285712e+00	8.0357142857142865e+00	1.0000000000000000e+00
698	2.6785714285714279e+00	8.0357142857142829e+00	1.0000000000000000e+00
699	3.0357142857142856e+00	8.0357142857142847e+00	1.0000000000000000e+00
700	3.3928571428571432e+00	8.0357142857142847e+00	1.0000000000000000e+00
701	3.7500000000000000e+00	8.0357142857142865e+00	9.9999999999999978e-01
702	4.1071428571428577e+00	8.0357142857142847e+00	1.0000000000000000e+00
703	4.4642857142857144e+00	8.0357142857142847e+00	1.0000000000000000e+00
704	4.8214285714285712e+00	8.0357142857142847e+00	1.0000000000000000e+00
705	5.1785714285714288e+00	8.0357142857142847e+00	1.0000000000000000e+00
706	5.5357142857142856e+00	8.0357142857142847e+00	1.0000000000000000e+00
707	5.8928571428571423e+00	8.0357142857142847e+00	1.0000000000000000e+00
708	6.2500000000000000e+00	8.0357142857142847e+00	1.0000000000000000e+00
709	6.6071428571428568e+00	8.0357142857142847e+00	1.0000000000000000e+00
710	6.9642857142857135e+00	8.0357142857142847e+00	1.0000000000000000e+00
711	7.3214285714285712e+00	8.0357142857142847e+00	1.0000000000000000e+00
712	7.6785714285714288e+00	8.0357142857142847e+00	1.0000000000000000e+00
713	8.0357142857142847e+00	8.0357142857142847e+00	1.0000000000000000e+00
714	8.3928571428571423e+00	8.0357142857142847e+00	1.0000000000000000e+00
715	8.7500000000000000e+00	8.0357142857142847e+00	1.0000000000000000e+00
716	9.1071428571428577e+00	8.0357142857142847e+00	1.0000000000000000e+00
717	9.4642857142857135e+00	8.0357142857142847e+00	1.0000000000000000e+00
718	9.8214285714285712e+00	8.0357142857142847e+00	1.0000000000000000e+00
719	1.0000000000000000e+01	8.0357142857142847e+00	1.0000000000000000e+00
720	0.0000000000000000e+00	8.3928571428571423e+00	1.0000000000000000e+00
721	1.7857142857142855e-01	8.3928571428571423e+00	1.0000000000000000e+00
722	5.3571428571428570e-01	8.3928571428571423e+00	1.0000000000000000e+00
723	8.9285714285714257e-01	8.3928571428571423e+00	1.0000000000000002e+00
724	1.2500000000000000e+00	8.3928571428571423e+00	1.0000000000000002e+00
725	1.6071428571428572e+00	8.3928571428571423e+00	1.0000000000000000e+00
726	1.9642857142857149e+00	8.3928571428571423e+00	9.9999999999999978e-01
727	2.3214285714285712e+00	8.3928571428571441e+00	1.0000000000000000e+00
728	2.6785714285714279e+00	8.3928571428571406e+00	1.0000000000000000e+00
729	3.0357142857142856e+00	8.3928571428571423e+00	1.0000000000000000e+00
730	3.3928571428571432e+00	8.3928571428571423e+00	1.0000000000000000e+00
731	3.7500000000000000e+00	8.3928571428571441e+00	9.9999999999999978e-01
732	4.1071428571428577e+00	8.3928571428571423e+00	1.0000000000000000e+00
733	4.4642857142857144e+00	8.3928571428571423e+00	1.0000000000000000e+00
734	4.8214285714285712e+00	8.3928571428571423e+00	1.0000000000000000e+00
735	5.1785714285714288e+00	8.3928571428571423e+00	1.0000000000000000e+00
736	5.5357142857142856e+00	8.3928571428571423e+00	1.0000000000000000e+00
737	5.8928571428571423e+00	8.3928571428571423e+00	1.0000000000000000e+00
738	6.2500000000000000e+00	8.3928571428571423e+00	1.0000000000000000e+00
739	6.6071428571428577e+00	8.3928571428571423e+00	1.0000000000000000e+00
740	6.9642857142857144e+00	8.3928571428571423e+00	1.0000000000000000e+00
741	7.3214285714285712e+00	8.3928571428571423e+00	1.0000000000000000e+00
742	7.6785714285714288e+00	8.3928571428571423e+00	1.0000000000000000e+00
743	8.0357142857142847e+00	8.3928571428571423e+00	1.0000000000000000e+00
744	8.3928571428571423e+00	8.3928571428571423e+00	1.0000000000000000e+00
745	8.7500000000000000e+00	8.3928571428571423e+00	1.0000000000000000e+00
746	9.1071428571428577e+00	8.3928571428571423e+00	1.0000000000000000e+00
747	9.4642857142857135e+00	8.3928571428571423e+00	1.0000000000000000e+00
748	9.8214285714285712e+00	8.3928571428571423e+00	1.0000000000000000e+00
749	1.0000000000000000e+01	8.3928571428571423e+00	1.0000000000000000e+00
750	0.0000000000000000e+00	8.7500000000000000e+00	1.0000000000000000e+00
751	1.7857142857142855e-01	8.7500000000000000e+00	1.0000000000000000e+00
752	5.3571428571428570e-01	8.7500000000000000e+00	1.0000000000000000e+00
753	8.9285714285714257e-01	8.7500000000000000e+00	1.0000000000000002e+00
754	1.2500000000000000e+00	8.7500000000000000e+00	1.0000000000000002e+00
755	1.6071428571428572e+00	8.7500000000000000e+00	1.0000000000000000e+00
756	1.9642857142857149e+00	8.7500000000000018e+00	9.9999999999999967e-01
757	2.3214285714285712e+00	8.7500000000000018e+00	1.0000000000000000e+00
758	2.6785714285714279e+00	8.7499999999999982e+00	1.0000000000000000e+00
759	3.0357142857142856e+00	8.7500000000000000e+00	1.0000000000000000e+00
760	3.3928571428571432e+00	8.7500000000000000e+00	1.0000000000000000e+00
761	3.7500000000000000e+00	8.7500000000000018e+00	9.9999999999999978e-01
762	4.1071428571428577e+00	8.7500000000000000e+00	1.0000000000000000e+00
763	4.4642857142857144e+00	8.7500000000000000e+00	1.0000000000000000e+00
764	4.8214285714285712e+00	8.7500000000000000e+00	1.0000000000000000e+00
765	5.1785714285714288e+00	8.7500000000000000e+00	1.0000000000000000e+00
766	5.5357142857142856e+00	8.7500000000000000e+00	1.0000000000000000e+00
767	5.8928571428571423e+00	8.7500000000000000e+00	1.0000000000000000e+00
768	6.2500000000000000e+00	8.7500000000000000e+00	1.0000000000000000e+00
769	6.6071428571428577e+00	8.7500000000000000e+00	1.0000000000000000e+00
770	6.9642857142857144e+00	8.7500000000000000e+00	1.0000000000000000e+00
771	7.3214285714285712e+00	8.7500000000000000e+00	1.0000000000000000e+00
772	7.6785714285714288e+00	8.7500000000000000e+00	1.0000000000000000e+00
773	8.0357142857142847e+00	8.7500000000000000e+00	1.0000000000000000e+00
774	8.3928571428571423e+00	8.7500000000000000e+00	1.0000000000000000e+00
775	8.7500000000000000e+00	8.7500000000000000e+00	1.0000000000000000e+00
776	9.1071428571428577e+00	8.7500000000000000e+00	1.0000000000000000e+00
777	9.4642857142857135e+00	8.7500000000000000e+00	1.0000000000000000e+00
778	9.8214285714285712e+00	8.7500000000000000e+00	1.0000000000000000e+00
779	1.0000000000000000e+01	8.7500000000000000e+00	1.0000000000000000e+00
780	0.0000000000000000e+00	9.1071428571428577e+00	1.0000000000000000e+00
781	1.7857142857142855e-01	9.1071428571428577e+00	1.0000000000000000e+00
782	5.3571428571428570e-01	9.1071428571428577e+00	1.0000000000000000e+00
783	8.9285714285714279e-01	9.1071428571428577e+00	1.0000000000000002e+00
784	1.2500000000000002e+00	9.1071428571428577e+00	1.0000000000000002e+00
785	1.6071428571428572e+00	9.1071428571428577e+00	1.0000000000000000e+00
786	1.9642857142857149e+00	9.1071428571428577e+00	9.9999999999999978e-01
787	2.3214285714285712e+00	9.1071428571428594e+00	1.0000000000000000e+00
788	2.6785714285714284e+00	9.1071428571428559e+00	1.0000000000000000e+00
789	3.0357142857142856e+00	9.1071428571428577e+00	1.0000000000000000e+00
790	3.3928571428571432e+00	9.1071428571428577e+00	1.0000000000000000e+00
791	3.7500000000000004e+00	9.1071428571428594e+00	9.9999999999999989e-01
792	4.1071428571428577e+00	9.1071428571428577e+00	1.0000000000000000e+00
793	4.4642857142857144e+00	9.1071428571428577e+00	1.0000000000000000e+00
794	4.8214285714285712e+00	9.1071428571428577e+00	1.0000000000000000e+00
795	5.1785714285714288e+00	9.1071428571428577e+00	1.0000000000000000e+00
796	5.5357142857142856e+00	9.1071428571428577e+00	1.0000000000000000e+00
797	5.8928571428571423e+00	9.1071428571428577e+00	1.0000000000000000e+00
798	6.2500000000000000e+00	9.1071428571428577e+00	1.0000000000000000e+00
799	6.6071428571428577e+00	9.1071428571428577e+00	1.0000000000000000e+00
800	6.9642857142857144e+00	9.1071428571428577e+00	1.0000000000000000e+00
801	7.3214285714285712e+00	9.1071428571428577e+00	1.0000000000000000e+00
802	7.6785714285714288e+00	9.1071428571428577e+00	1.0000000000000000e+00
803	8.0357142857142847e+00	9.1071428571428577e+00	1.0000000000000000e+00
804	8.3928571428571423e+00	9.1071428571428577e+00	1.0000000000000000e+00
805	8.7500000000000000e+00	9.1071428571428577e+00	1.0000000000000000e+00
806	9.1071428571428577e+00	9.1071428571428577e+00	1.0000000000000000e+00
807	9.4642857142857135e+00	9.1071428571428577e+00	1.0000000000000000e+00
808	9.8214285714285730e+00	9.1071428571428577e+00	1.0000000000000000e+00
809	1.0000000000000000e+01	9.1071428571428577e+00	1.0000000000000000e+00
810	0.0000000000000000e+00	9.4642857142857135e+00	1.0000000000000000e+00
811	1.7857142857142855e-01	9.4642857142857135e+00	1.0000000000000000e+00
812	5.3571428571428570e-01	9.4642857142857135e+00	1.0000000000000000e+00
813	8.9285714285714268e-01	9.4642857142857135e+00	1.0000000000000002e+00
814	1.2500000000000000e+00	9.4642857142857135e+00	1.0000000000000002e+00
815	1.6071428571428570e+00	9.4642857142857135e+00	1.0000000000000000e+00
816	1.9642857142857146e+00	9.4642857142857135e+00	9.9999999999999978e-01
817	2.3214285714285712e+00	9.4642857142857153e+00	1.0000000000000000e+00
818	2.6785714285714284e+00	9.4642857142857117e+00	1.0000000000000000e+00
819	3.0357142857142856e+00	9.4642857142857135e+00	1.0000000000000000e+00
820	3.3928571428571432e+00	9.4642857142857135e+00	1.0000000000000000e+00
821	3.7499999999999996e+00	9.4642857142857153e+00	9.9999999999999989e-01
822	4.1071428571428577e+00	9.4642857142857135e+00	1.0000000000000000e+00
823	4.4642857142857144e+00	9.4642857142857135e+00	1.0000000000000000e+00
824	4.8214285714285712e+00	9.4642857142857135e+00	1.0000000000000000e+00
825	5.1785714285714288e+00	9.4642857142857135e+00	1.0000000000000000e+00
826	5.5357142857142856e+00	9.4642857142857135e+00	1.0000000000000000e+00
827	5.8928571428571423e+00	9.4642857142857135e+00	1.0000000000000000e+00
828	6.2500000000000000e+00	9.4642857142857135e+00	1.0000000000000000e+00
829	6.6071428571428577e+00	9.4642857142857135e+00	1.0000000000000000e+00
830	6.9642857142857135e+00	9.4642857142857135e+00	1.0000000000000000e+00
831	7.3214285714285712e+00	9.4642857142857135e+00	1.0000000000000000e+00
832	7.6785714285714288e+00	9.4642857142857135e+00	1.0000000000000000e+00
833	8.0357142857142847e+00	9.4642857142857135e+00	1.0000000000000000e+00
834	8.3928571428571423e+00	9.4642857142857135e+00	1.0000000000000000e+00
835	8.7500000000000000e+00	9.4642857142857135e+00	1.0000000000000000e+00
836	9.1071428571428577e+00	9.4642857142857135e+00	1.0000000000000000e+00
837	9.4642857142857117e+00	9.4642857142857135e+00	1.0000000000000000e+00
838	9.8214285714285712e+00	9.4642857142857135e+00	1.0000000000000000e+00
839	1.0000000000000000e+01	9.4642857142857135e+00	1.0000000000000000e+00
840	0.0000000000000000e+00	9.8214285714285712e+00	1.0000000000000000e+00
841	1.7857142857142855e-01	9.8214285714285712e+00	1.0000000000000000e+00
842	5.3571428571428570e-01	9.8214285714285712e+00	1.0000000000000000e+00
843	8.9285714285714268e-01	9.8214285714285712e+00	1.0000000000000002e+00
844	1.2500000000000000e+00	9.8214285714285712e+00	1.0000000000000002e+00
845	1.6071428571428572e+00	9.8214285714285712e+00	1.0000000000000000e+00
846	1.9642857142857146e+00	9.8214285714285712e+00	9.9999999999999978e-01
847	2.3214285714285712e+00	9.8214285714285730e+00	1.0000000000000000e+00
848	2.6785714285714284e+00	9.8214285714285694e+00	1.0000000000000000e+00
849	3.0357142857142856e+00	9.8214285714285712e+00	1.0000000000000000e+00
850	3.3928571428571432e+00	9.8214285714285712e+00	1.0000000000000000e+00
851	3.7500000000000000e+00	9.8214285714285730e+00	9.9999999999999989e-01
852	4.1071428571428577e+00	9.8214285714285712e+00	1.0000000000000000e+00
853	4.4642857142857144e+00	9.8214285714285712e+00	1.0000000000000000e+00
854	4.8214285714285712e+00	9.8214285714285712e+00	1.0000000000000000e+00
855	5.1785714285714288e+00	9.8214285714285712e+00	1.0000000000000000e+00
856	5.5357142857142847e+00	9.8214285714285712e+00	1.0000000000000000e+00
857	5.8928571428571423e+00	9.8214285714285712e+00	1.0000000000000000e+00
858	6.2500000000000000e+00	9.8214285714285712e+00	1.0000000000000000e+00
859	6.6071428571428577e+00	9.8214285714285712e+00	1.0000000000000000e+00
860	6.9642857142857144e+00	9.8214285714285712e+00	1.0000000000000000e+00
861	7.3214285714285712e+00	9.8214285714285712e+00	1.0000000000000000e+00
862	7.6785714285714288e+00	9.8214285714285712e+00	1.0000000000000000e+00
863	8.0357142857142847e+00	9.8214285714285712e+00	1.0000000000000000e+00
864	8.3928571428571423e+00	9.8214285714285712e+00	1.0000000000000000e+00
865	8.7500000000000000e+00	9.8214285714285712e+00	1.0000000000000000e+00
866	9.1071428571428577e+00	9.8214285714285712e+00	1.0000000000000000e+00
867	9.4642857142857135e+00	9.8214285714285712e+00	1.0000000000000000e+00
868	9.8214285714285712e+00	9.8214285714285712e+00	1.0000000000000000e+00
869	1.0000000000000000e+01	9.8214285714285712e+00	1.0000000000000000e+00
870	0.0000000000000000e+00	1.0000000000000000e+01	1.0000000000000000e+00
871	1.7857142857142855e-01	1.0000000000000000e+01	1.0000000000000000e+00
872	5.3571428571428570e-01	1.0000000000000000e+01	1.0000000000000000e+00
873	8.9285714285714268e-01	1.0000000000000000e+01	1.0000000000000002e+00
874	1.2500000000000000e+00	1.0000000000000000e+01	1.0000000000000002e+00
875	1.6071428571428572e+00	1.0000000000000000e+01	1.0000000000000000e+00
876	1.9642857142857146e+00	1.0000000000000000e+01	9.9999999999999978e-01
877	2.3214285714285712e+00	1.0000000000000002e+01	1.0000000000000000e+00
878	2.6785714285714284e+00	9.9999999999999982e+00	1.0000000000000000e+00
879	3.0357142857142856e+00	1.0000000000000000e+01	1.0000000000000000e+00
880	3.3928571428571432e+00	1.0000000000000000e+01	1.0000000000000000e+00
881	3.7500000000000000e+00	1.0000000000000002e+01	9.9999999999999989e-01
882	4.1071428571428577e+00	1.0000000000000000e+01	1.0000000000000000e+00
883	4.4642857142857144e+00	1.0000000000000000e+01	1.0000000000000000e+00
884	4.8214285714285712e+00	1.0000000000000000e+01	1.0000000000000000e+00
885	5.1785714285714288e+00	1.0000000000000000e+01	1.0000000000000000e+00
886	5.5357142857142856e+00	1.0000000000000000e+01	1.0000000000000000e+00
887	5.8928571428571423e+00	1.0000000000000000e+01	1.0000000000000000e+00
888	6.2500000000000000e+00	1.0000000000000000e+01	1.0000000000000000e+00
889	6.6071428571428577e+00	1.0000000000000000e+01	1.0000000000000000e+00
890	6.9642857142857144e+00	1.0000000000000000e+01	1.0000000000000000e+00
891	7.3214285714285712e+00	1.0000000000000000e+01	1.0000000000000000e+00
892	7.6785714285714288e+00	1.0000000000000000e+01	1.0000000000000000e+00
893	8.0357142857142847e+00	1.0000000000000000e+01	1.0000000000000000e+00
894	8.3928571428571423e+00	1.0000000000000000e+01	1.0000000000000000e+00
895	8.7500000000000000e+00	1.0000000000000000e+01	1.0000000000000000e+00
896	9.1071428571428577e+00	1.0000000000000000e+01	1.0000000000000000e+00
897	9.4642857142857135e+00	1.0000000000000000e+01	1.0000000000000000e+00
898	9.8214285714285712e+00	1.0000000000000000e+01	1.0000000000000000e+00
899	1.0000000000000000e+01	1.0000000000000000e+01	1.0000000000000000e+00

0   1   0.0
1   1   0.0
2   1   0.0
3   1   0.0
4   1   0.0
5   1   0.0
6   1   0.0
7   1   0.0
8   1   0.0
9   1   0.0
10  1   0.0
11  1   0.0
12  1   0.0
13  1   0.0
14  1   0.0
15  1   0.0
16  1   0.0
17  1   0.0
18  1   0.0
19  1   0.0
20  1   0.0
21  1   0.0
22  1   0.0
23  1   0.0
24  1   0.0
25  1   0.0
26  1   0.0
27  1   0.0
28  1   0.0
29  1   0.0
0   0   0.0
30  0   0.0
60  0   0.0
90  0   0.0
120 0   0.0
150 0   0.0
180 0   0.0
210 0   0.0
240 0   0.0
270 0   0.0
300 0   0.0
330 0   0.0
360 0   0.0
390 0   0.0
420 0   0.0
450 0   0.0
480 0   0.0
510 0   0.0
540 0   0.0
570 0   0.0
600 0   0.0
630 0   0.0
660 0   0.0
690 0   0.0
720 0   0.0
750 0   0.0
780 0   0.0
810 0   0.0
840 0   0.0
870 0   0.0

1   0   0   1.0   0.0   1.0   10.0    0.0 0.0