xi	eta	x	y	stress_vm
 0.0000000000e+00	 0.0000000000e+00	 1.0000000000e+00	 0.0000000000e+00	 3.0989725727e+01
 0.0000000000e+00	 5.0000000000e-02	 9.9742844691e-01	 7.1669333080e-02	 3.0584199037e+01
 0.0000000000e+00	 1.0000000000e-01	 9.8944345048e-01	 1.4491948904e-01	 2.9867771577e+01
 0.0000000000e+00	 1.5000000000e-01	 9.7568388346e-01	 2.1918248005e-01	 2.8811781282e+01
 0.0000000000e+00	 2.0000000000e-01	 9.5586324611e-01	 2.9381193773e-01	 2.7329516632e+01
 0.0000000000e+00	 2.5000000000e-01	 9.2978830106e-01	 3.6809470958e-01	 2.5280731748e+01
 0.0000000000e+00	 3.0000000000e-01	 8.9737565000e-01	 4.4126742776e-01	 2.2644896143e+01
 0.0000000000e+00	 3.5000000000e-01	 8.5866475921e-01	 5.1253763891e-01	 1.9617378185e+01
 0.0000000000e+00	 4.0000000000e-01	 8.1382603605e-01	 5.8110858112e-01	 1.6406430571e+01
 0.0000000000e+00	 4.5000000000e-01	 7.6316284108e-01	 6.4620621940e-01	 1.3246574804e+01
 0.0000000000e+00	 5.0000000000e-01	 7.0710678119e-01	 7.0710678119e-01	 1.0276247783e+01
 5.0000000000e-02	 0.0000000000e+00	 1.0750000000e+00	 0.0000000000e+00	 2.5718778507e+01
 5.0000000000e-02	 5.0000000000e-02	 1.0722355804e+00	 7.7044533058e-02	 2.5360359234e+01
 5.0000000000e-02	 1.0000000000e-01	 1.0636517093e+00	 1.5578845071e-01	 2.4797390110e+01
 5.0000000000e-02	 1.5000000000e-01	 1.0488601747e+00	 2.3562116605e-01	 2.4025171773e+01
 5.0000000000e-02	 2.0000000000e-01	 1.0275529896e+00	 3.1584783305e-01	 2.2970856856e+01
 5.0000000000e-02	 2.5000000000e-01	 9.9952242364e-01	 3.9570181279e-01	 2.1478494315e+01
 5.0000000000e-02	 3.0000000000e-01	 9.6467882374e-01	 4.7436248484e-01	 1.9470280893e+01
 5.0000000000e-02	 3.5000000000e-01	 9.2306461615e-01	 5.5097796182e-01	 1.7077410036e+01
 5.0000000000e-02	 4.0000000000e-01	 8.7486298875e-01	 6.2469172470e-01	 1.4551139821e+01
 5.0000000000e-02	 4.5000000000e-01	 8.2040005416e-01	 6.9467168585e-01	 1.2186390151e+01
 5.0000000000e-02	 5.0000000000e-01	 7.6013978977e-01	 7.6013978977e-01	 1.0180538623e+01
 1.0000000000e-01	 0.0000000000e+00	 1.1500000000e+00	 0.0000000000e+00	 2.1802297321e+01
 1.0000000000e-01	 5.0000000000e-02	 1.1470427139e+00	 8.2419733036e-02	 2.1492841202e+01
 1.0000000000e-01	 1.0000000000e-01	 1.1378599681e+00	 1.6665741238e-01	 2.1053689251e+01
 1.0000000000e-01	 1.5000000000e-01	 1.1220364660e+00	 2.5205985205e-01	 2.0508177546e+01
 1.0000000000e-01	 2.0000000000e-01	 1.0992427330e+00	 3.3788372837e-01	 1.9836872737e+01
 1.0000000000e-01	 2.5000000000e-01	 1.0692565462e+00	 4.2330891600e-01	 1.8883676733e+01
 1.0000000000e-01	 3.0000000000e-01	 1.0319819975e+00	 5.0745754191e-01	 1.7455714006e+01
 1.0000000000e-01	 3.5000000000e-01	 9.8746447309e-01	 5.8941828473e-01	 1.5657832603e+01
 1.0000000000e-01	 4.0000000000e-01	 9.3589994146e-01	 6.6827486828e-01	 1.3760467333e+01
 1.0000000000e-01	 4.5000000000e-01	 8.7763726724e-01	 7.4313715230e-01	 1.2099821224e+01
 1.0000000000e-01	 5.0000000000e-01	 8.1317279836e-01	 8.1317279836e-01	 1.0693008713e+01
 1.5000000000e-01	 0.0000000000e+00	 1.2250000000e+00	 0.0000000000e+00	 1.8976432919e+01
 1.5000000000e-01	 5.0000000000e-02	 1.2218498475e+00	 8.7794933015e-02	 1.8729619541e+01
 1.5000000000e-01	 1.0000000000e-01	 1.2120682268e+00	 1.7752637406e-01	 1.8408174018e+01
 1.5000000000e-01	 1.5000000000e-01	 1.1952127572e+00	 2.6849853805e-01	 1.8052277818e+01
 1.5000000000e-01	 2.0000000000e-01	 1.1709324765e+00	 3.5991962370e-01	 1.7690459026e+01
 1.5000000000e-01	 2.5000000000e-01	 1.1389906688e+00	 4.5091601921e-01	 1.7171218119e+01
 1.5000000000e-01	 3.0000000000e-01	 1.0992851712e+00	 5.4055259899e-01	 1.6277921631e+01
 1.5000000000e-01	 3.5000000000e-01	 1.0518643300e+00	 6.2785860765e-01	 1.5047274616e+01
 1.5000000000e-01	 4.0000000000e-01	 9.9693689416e-01	 7.1185801186e-01	 1.3719878659e+01
 1.5000000000e-01	 4.5000000000e-01	 9.3487448032e-01	 7.9160261875e-01	 1.2565463157e+01
 1.5000000000e-01	 5.0000000000e-01	 8.6620580695e-01	 8.6620580695e-01	 1.1493857191e+01
 2.0000000000e-01	 0.0000000000e+00	 1.3000000000e+00	 0.0000000000e+00	 1.6993770364e+01
 2.0000000000e-01	 5.0000000000e-02	 1.2966569810e+00	 9.3170132995e-02	 1.6823331221e+01
 2.0000000000e-01	 1.0000000000e-01	 1.2862764856e+00	 1.8839533573e-01	 1.6610913240e+01
 2.0000000000e-01	 1.5000000000e-01	 1.2683890485e+00	 2.8493722405e-01	 1.6414150132e+01
 2.0000000000e-01	 2.0000000000e-01	 1.2426222199e+00	 3.8195551902e-01	 1.6304558718e+01
 2.0000000000e-01	 2.5000000000e-01	 1.2087247914e+00	 4.7852312243e-01	 1.6081862662e+01
 2.0000000000e-01	 3.0000000000e-01	 1.1665883450e+00	 5.7364765607e-01	 1.5598462333e+01
 2.0000000000e-01	 3.5000000000e-01	 1.1162641870e+00	 6.6629893056e-01	 1.4873157194e+01
 2.0000000000e-01	 4.0000000000e-01	 1.0579738469e+00	 7.5544115544e-01	 1.4028124237e+01
 2.0000000000e-01	 4.5000000000e-01	 9.9211169340e-01	 8.4006808521e-01	 1.3144255985e+01
 2.0000000000e-01	 5.0000000000e-01	 9.1923881553e-01	 9.1923881553e-01	 1.2286549876e+01
 2.5000000000e-01	 0.0000000000e+00	 1.3750000000e+00	 0.0000000000e+00	 1.5628046928e+01
 2.5000000000e-01	 5.0000000000e-02	 1.3714641145e+00	 9.8545332974e-02	 1.5536261610e+01
 2.5000000000e-01	 1.0000000000e-01	 1.3604847444e+00	 1.9926429741e-01	 1.5414620849e+01
 2.5000000000e-01	 1.5000000000e-01	 1.3415653398e+00	 3.0137591005e-01	 1.5332921822e+01
 2.5000000000e-01	 2.0000000000e-01	 1.3143119634e+00	 4.0399141435e-01	 1.5377840182e+01
 2.5000000000e-01	 2.5000000000e-01	 1.2784589140e+00	 5.0613022564e-01	 1.5339947753e+01
 2.5000000000e-01	 3.0000000000e-01	 1.2338915187e+00	 6.0674271315e-01	 1.5147265557e+01
 2.5000000000e-01	 3.5000000000e-01	 1.1806640439e+00	 7.0473925348e-01	 1.4804479164e+01
 2.5000000000e-01	 4.0000000000e-01	 1.1190107996e+00	 7.9902429902e-01	 1.4311354588e+01
 2.5000000000e-01	 4.5000000000e-01	 1.0493489065e+00	 8.8853355166e-01	 1.3606564997e+01
 2.5000000000e-01	 5.0000000000e-01	 9.7227182412e-01	 9.7227182412e-01	 1.2892543717e+01
 3.0000000000e-01	 0.0000000000e+00	 1.4500000000e+00	 0.0000000000e+00	 1.4666807285e+01
 3.0000000000e-01	 5.0000000000e-02	 1.4462712480e+00	 1.0392053295e-01	 1.4640504520e+01
 3.0000000000e-01	 1.0000000000e-01	 1.4346930032e+00	 2.1013325909e-01	 1.4591197044e+01
 3.0000000000e-01	 1.5000000000e-01	 1.4147416310e+00	 3.1781459605e-01	 1.4586783965e+01
 3.0000000000e-01	 2.0000000000e-01	 1.3860017069e+00	 4.2602730968e-01	 1.4699429579e+01
 3.0000000000e-01	 2.5000000000e-01	 1.3481930365e+00	 5.3373732886e-01	 1.4760722478e+01
 3.0000000000e-01	 3.0000000000e-01	 1.3011946925e+00	 6.3983777023e-01	 1.4757447815e+01
 3.0000000000e-01	 3.5000000000e-01	 1.2450639008e+00	 7.4317957640e-01	 1.4679532227e+01
 3.0000000000e-01	 4.0000000000e-01	 1.1800477523e+00	 8.4260744260e-01	 1.4402330285e+01
 3.0000000000e-01	 4.5000000000e-01	 1.1065861196e+00	 9.3699901811e-01	 1.3864570641e+01
 3.0000000000e-01	 5.0000000000e-01	 1.0253048327e+00	 1.0253048327e+00	 1.3250537440e+01
 3.5000000000e-01	 0.0000000000e+00	 1.5250000000e+00	 0.0000000000e+00	 1.3916838823e+01
 3.5000000000e-01	 5.0000000000e-02	 1.5210783815e+00	 1.0929573294e-01	 1.3932247304e+01
 3.5000000000e-01	 1.0000000000e-01	 1.5089012620e+00	 2.2100222076e-01	 1.3946775179e+01
 3.5000000000e-01	 1.5000000000e-01	 1.4879179223e+00	 3.3425328205e-01	 1.4008407600e+01
 3.5000000000e-01	 2.0000000000e-01	 1.4576914503e+00	 4.4806320501e-01	 1.4148043843e+01
 3.5000000000e-01	 2.5000000000e-01	 1.4179271591e+00	 5.6134443207e-01	 1.4258021342e+01
 3.5000000000e-01	 3.0000000000e-01	 1.3684978662e+00	 6.7293282731e-01	 1.4373100573e+01
 3.5000000000e-01	 3.5000000000e-01	 1.3094637578e+00	 7.8161989931e-01	 1.4460145161e+01
 3.5000000000e-01	 4.0000000000e-01	 1.2410847050e+00	 8.8619058619e-01	 1.4307005729e+01
 3.5000000000e-01	 4.5000000000e-01	 1.1638233326e+00	 9.8546448457e-01	 1.3912486541e+01
 3.5000000000e-01	 5.0000000000e-01	 1.0783378413e+00	 1.0783378413e+00	 1.3387866294e+01
 4.0000000000e-01	 0.0000000000e+00	 1.6000000000e+00	 0.0000000000e+00	 1.3271004927e+01
 4.0000000000e-01	 5.0000000000e-02	 1.5958855150e+00	 1.1467093292e-01	 1.3311209806e+01
 4.0000000000e-01	 1.0000000000e-01	 1.5831095208e+00	 2.3187118244e-01	 1.3382146924e+01
 4.0000000000e-01	 1.5000000000e-01	 1.5610942135e+00	 3.5069196806e-01	 1.3510597782e+01
 4.0000000000e-01	 2.0000000000e-01	 1.5293811938e+00	 4.7009910034e-01	 1.3678529786e+01
 4.0000000000e-01	 2.5000000000e-01	 1.4876612817e+00	 5.8895153529e-01	 1.3816698018e+01
 4.0000000000e-01	 3.0000000000e-01	 1.4358010400e+00	 7.0602788439e-01	 1.4004520810e+01
 4.0000000000e-01	 3.5000000000e-01	 1.3738636147e+00	 8.2006022223e-01	 1.4175060498e+01
 4.0000000000e-01	 4.0000000000e-01	 1.3021216577e+00	 9.2977372977e-01	 1.4098982513e+01
 4.0000000000e-01	 4.5000000000e-01	 1.2210605457e+00	 1.0339299510e+00	 1.3807815515e+01
 4.0000000000e-01	 5.0000000000e-01	 1.1313708499e+00	 1.1313708499e+00	 1.3384582565e+01
 4.5000000000e-01	 0.0000000000e+00	 1.6750000000e+00	 0.0000000000e+00	 1.2692631899e+01
 4.5000000000e-01	 5.0000000000e-02	 1.6706926486e+00	 1.2004613290e-01	 1.2750450810e+01
 4.5000000000e-01	 1.0000000000e-01	 1.6573177796e+00	 2.4274014412e-01	 1.2872160880e+01
 4.5000000000e-01	 1.5000000000e-01	 1.6342705048e+00	 3.6713065406e-01	 1.3068990210e+01
 4.5000000000e-01	 2.0000000000e-01	 1.6010709372e+00	 4.9213499567e-01	 1.3277808433e+01
 4.5000000000e-01	 2.5000000000e-01	 1.5573954043e+00	 6.1655863851e-01	 1.3452708950e+01
 4.5000000000e-01	 3.0000000000e-01	 1.5031042137e+00	 7.3912294147e-01	 1.3690882383e+01
 4.5000000000e-01	 3.5000000000e-01	 1.4382634717e+00	 8.5850054515e-01	 1.3878284681e+01
 4.5000000000e-01	 4.0000000000e-01	 1.3631586104e+00	 9.7335687335e-01	 1.3854350270e+01
 4.5000000000e-01	 4.5000000000e-01	 1.2782977588e+00	 1.0823954175e+00	 1.3653669612e+01
 4.5000000000e-01	 5.0000000000e-01	 1.1844038585e+00	 1.1844038585e+00	 1.3290389203e+01
 5.0000000000e-01	 0.0000000000e+00	 1.7500000000e+00	 0.0000000000e+00	 1.2171257875e+01
 5.0000000000e-01	 5.0000000000e-02	 1.7454997821e+00	 1.2542133288e-01	 1.2246010090e+01
 5.0000000000e-01	 1.0000000000e-01	 1.7315260383e+00	 2.5360910580e-01	 1.2411059259e+01
 5.0000000000e-01	 1.5000000000e-01	 1.7074467961e+00	 3.8356934006e-01	 1.2670912870e+01
 5.0000000000e-01	 2.0000000000e-01	 1.6727606807e+00	 5.1417089099e-01	 1.2924886050e+01
 5.0000000000e-01	 2.5000000000e-01	 1.6271295269e+00	 6.4416574173e-01	 1.3149139349e+01
 5.0000000000e-01	 3.0000000000e-01	 1.5704073875e+00	 7.7221799856e-01	 1.3440408618e+01
 5.0000000000e-01	 3.5000000000e-01	 1.5026633286e+00	 8.9694086807e-01	 1.3616447319e+01
 5.0000000000e-01	 4.0000000000e-01	 1.4241955631e+00	 1.0169400169e+00	 1.3635616017e+01
 5.0000000000e-01	 4.5000000000e-01	 1.3355349719e+00	 1.1308608839e+00	 1.3531604969e+01
 5.0000000000e-01	 5.0000000000e-01	 1.2374368671e+00	 1.2374368671e+00	 1.3197104121e+01
 0.0000000000e+00	 5.0000000000e-01	 7.0710678119e-01	 7.0710678119e-01	 1.0276247783e+01
 0.0000000000e+00	 5.5000000000e-01	 6.4620621940e-01	 7.6316284108e-01	 7.3051674119e+00
 0.0000000000e+00	 6.0000000000e-01	 5.8110858112e-01	 8.1382603605e-01	 4.3228740909e+00
 0.0000000000e+00	 6.5000000000e-01	 5.1253763891e-01	 8.5866475921e-01	 2.2946250127e+00
 0.0000000000e+00	 7.0000000000e-01	 4.4126742776e-01	 8.9737565000e-01	 3.3539699380e+00
 0.0000000000e+00	 7.5000000000e-01	 3.6809470958e-01	 9.2978830106e-01	 5.5145246198e+00
 0.0000000000e+00	 8.0000000000e-01	 2.9381193773e-01	 9.5586324611e-01	 7.4606763650e+00
 0.0000000000e+00	 8.5000000000e-01	 2.1918248005e-01	 9.7568388346e-01	 9.0106426921e+00
 0.0000000000e+00	 9.0000000000e-01	 1.4491948904e-01	 9.8944345048e-01	 1.0120969263e+01
 0.0000000000e+00	 9.5000000000e-01	 7.1669333080e-02	 9.9742844691e-01	 1.0779443572e+01
 0.0000000000e+00	 1.0000000000e+00	 0.0000000000e+00	 1.0000000000e+00	 1.1066898630e+01
 5.0000000000e-02	 5.0000000000e-01	 7.6013978977e-01	 7.6013978977e-01	 1.0180538623e+01
 5.0000000000e-02	 5.5000000000e-01	 6.9467168585e-01	 8.2040005416e-01	 8.2045028996e+00
 5.0000000000e-02	 6.0000000000e-01	 6.2469172470e-01	 8.7486298875e-01	 6.0288938550e+00
 5.0000000000e-02	 6.5000000000e-01	 5.5097796182e-01	 9.2306461615e-01	 4.1456909170e+00
 5.0000000000e-02	 7.0000000000e-01	 4.7436248484e-01	 9.6467882374e-01	 3.4035057736e+00
 5.0000000000e-02	 7.5000000000e-01	 3.9570181279e-01	 9.9952242364e-01	 4.0232684295e+00
 5.0000000000e-02	 8.0000000000e-01	 3.1584783305e-01	 1.0275529896e+00	 5.0957801152e+00
 5.0000000000e-02	 8.5000000000e-01	 2.3562116605e-01	 1.0488601747e+00	 6.0726889669e+00
 5.0000000000e-02	 9.0000000000e-01	 1.5578845071e-01	 1.0636517093e+00	 6.8044790069e+00
 5.0000000000e-02	 9.5000000000e-01	 7.7044533058e-02	 1.0722355804e+00	 7.2347189676e+00
 5.0000000000e-02	 1.0000000000e+00	 0.0000000000e+00	 1.0750000000e+00	 7.3823831667e+00
 1.0000000000e-01	 5.0000000000e-01	 8.1317279836e-01	 8.1317279836e-01	 1.0693008713e+01
 1.0000000000e-01	 5.5000000000e-01	 7.4313715230e-01	 8.7763726724e-01	 9.2636235566e+00
 1.0000000000e-01	 6.0000000000e-01	 6.6827486828e-01	 9.3589994146e-01	 7.6256629910e+00
 1.0000000000e-01	 6.5000000000e-01	 5.8941828473e-01	 9.8746447309e-01	 6.0242067383e+00
 1.0000000000e-01	 7.0000000000e-01	 5.0745754191e-01	 1.0319819975e+00	 4.9438179776e+00
 1.0000000000e-01	 7.5000000000e-01	 4.2330891600e-01	 1.0692565462e+00	 4.5768384796e+00
 1.0000000000e-01	 8.0000000000e-01	 3.3788372837e-01	 1.0992427330e+00	 4.6891978633e+00
 1.0000000000e-01	 8.5000000000e-01	 2.5205985205e-01	 1.1220364660e+00	 4.8917649710e+00
 1.0000000000e-01	 9.0000000000e-01	 1.6665741238e-01	 1.1378599681e+00	 5.0053980605e+00
 1.0000000000e-01	 9.5000000000e-01	 8.2419733036e-02	 1.1470427139e+00	 4.9886787828e+00
 1.0000000000e-01	 1.0000000000e+00	 0.0000000000e+00	 1.1500000000e+00	 4.8932955591e+00
 1.5000000000e-01	 5.0000000000e-01	 8.6620580695e-01	 8.6620580695e-01	 1.1493857191e+01
 1.5000000000e-01	 5.5000000000e-01	 7.9160261875e-01	 9.3487448032e-01	 1.0349655093e+01
 1.5000000000e-01	 6.0000000000e-01	 7.1185801186e-01	 9.9693689416e-01	 9.0048167654e+00
 1.5000000000e-01	 6.5000000000e-01	 6.2785860765e-01	 1.0518643300e+00	 7.5961053070e+00
 1.5000000000e-01	 7.0000000000e-01	 5.4055259899e-01	 1.0992851712e+00	 6.4916031070e+00
 1.5000000000e-01	 7.5000000000e-01	 4.5091601921e-01	 1.1389906688e+00	 5.7900693643e+00
 1.5000000000e-01	 8.0000000000e-01	 3.5991962370e-01	 1.1709324765e+00	 5.2662720082e+00
 1.5000000000e-01	 8.5000000000e-01	 2.6849853805e-01	 1.1952127572e+00	 4.7340997928e+00
 1.5000000000e-01	 9.0000000000e-01	 1.7752637406e-01	 1.2120682268e+00	 4.1511325693e+00
 1.5000000000e-01	 9.5000000000e-01	 8.7794933015e-02	 1.2218498475e+00	 3.6377099962e+00
 1.5000000000e-01	 1.0000000000e+00	 0.0000000000e+00	 1.2250000000e+00	 3.4741635153e+00
 2.0000000000e-01	 5.0000000000e-01	 9.1923881553e-01	 9.1923881553e-01	 1.2286549876e+01
 2.0000000000e-01	 5.5000000000e-01	 8.4006808521e-01	 9.9211169340e-01	 1.1338890942e+01
 2.0000000000e-01	 6.0000000000e-01	 7.5544115544e-01	 1.0579738469e+00	 1.0209612279e+01
 2.0000000000e-01	 6.5000000000e-01	 6.6629893056e-01	 1.1162641870e+00	 9.0825012178e+00
 2.0000000000e-01	 7.0000000000e-01	 5.7364765607e-01	 1.1665883450e+00	 8.0272669061e+00
 2.0000000000e-01	 7.5000000000e-01	 4.7852312243e-01	 1.2087247914e+00	 7.0028206987e+00
 2.0000000000e-01	 8.0000000000e-01	 3.8195551902e-01	 1.2426222199e+00	 6.0073728451e+00
 2.0000000000e-01	 8.5000000000e-01	 2.8493722405e-01	 1.2683890485e+00	 4.9610077192e+00
 2.0000000000e-01	 9.0000000000e-01	 1.8839533573e-01	 1.2862764856e+00	 3.8682736942e+00
 2.0000000000e-01	 9.5000000000e-01	 9.3170132995e-02	 1.2966569810e+00	 2.9575730536e+00
 2.0000000000e-01	 1.0000000000e+00	 0.0000000000e+00	 1.3000000000e+00	 2.7880590564e+00
 2.5000000000e-01	 5.0000000000e-01	 9.7227182412e-01	 9.7227182412e-01	 1.2892543717e+01
 2.5000000000e-01	 5.5000000000e-01	 8.8853355166e-01	 1.0493489065e+00	 1.2106535819e+01
 2.5000000000e-01	 6.0000000000e-01	 7.9902429902e-01	 1.1190107996e+00	 1.1231063090e+01
 2.5000000000e-01	 6.5000000000e-01	 7.0473925348e-01	 1.1806640439e+00	 1.0227902046e+01
 2.5000000000e-01	 7.0000000000e-01	 6.0674271315e-01	 1.2338915187e+00	 9.0546648612e+00
 2.5000000000e-01	 7.5000000000e-01	 5.0613022564e-01	 1.2784589140e+00	 7.8237015728e+00
 2.5000000000e-01	 8.0000000000e-01	 4.0399141435e-01	 1.3143119634e+00	 6.5434293742e+00
 2.5000000000e-01	 8.5000000000e-01	 3.0137591005e-01	 1.3415653398e+00	 5.1842284396e+00
 2.5000000000e-01	 9.0000000000e-01	 1.9926429741e-01	 1.3604847444e+00	 3.8065529164e+00
 2.5000000000e-01	 9.5000000000e-01	 9.8545332974e-02	 1.3714641145e+00	 2.6846346930e+00
 2.5000000000e-01	 1.0000000000e+00	 0.0000000000e+00	 1.3750000000e+00	 2.4856614079e+00
 3.0000000000e-01	 5.0000000000e-01	 1.0253048327e+00	 1.0253048327e+00	 1.3250537440e+01
 3.0000000000e-01	 5.5000000000e-01	 9.3699901811e-01	 1.1065861196e+00	 1.2607256968e+01
 3.0000000000e-01	 6.0000000000e-01	 8.4260744260e-01	 1.1800477523e+00	 1.1845486585e+01
 3.0000000000e-01	 6.5000000000e-01	 7.4317957640e-01	 1.2450639008e+00	 1.0843103295e+01
 3.0000000000e-01	 7.0000000000e-01	 6.3983777023e-01	 1.3011946925e+00	 9.6099515915e+00
 3.0000000000e-01	 7.5000000000e-01	 5.3373732886e-01	 1.3481930365e+00	 8.2679594094e+00
 3.0000000000e-01	 8.0000000000e-01	 4.2602730968e-01	 1.3860017069e+00	 6.8303728936e+00
 3.0000000000e-01	 8.5000000000e-01	 3.1781459605e-01	 1.4147416310e+00	 5.2929486589e+00
 3.0000000000e-01	 9.0000000000e-01	 2.1013325909e-01	 1.4346930032e+00	 3.7816546238e+00
 3.0000000000e-01	 9.5000000000e-01	 1.0392053295e-01	 1.4462712480e+00	 2.5946229183e+00
 3.0000000000e-01	 1.0000000000e+00	 0.0000000000e+00	 1.4500000000e+00	 2.3466224861e+00
 3.5000000000e-01	 5.0000000000e-01	 1.0783378413e+00	 1.0783378413e+00	 1.3387866294e+01
 3.5000000000e-01	 5.5000000000e-01	 9.8546448457e-01	 1.1638233326e+00	 1.2813292101e+01
 3.5000000000e-01	 6.0000000000e-01	 8.8619058619e-01	 1.2410847050e+00	 1.2049868693e+01
 3.5000000000e-01	 6.5000000000e-01	 7.8161989931e-01	 1.3094637578e+00	 1.1070023000e+01
 3.5000000000e-01	 7.0000000000e-01	 6.7293282731e-01	 1.3684978662e+00	 9.8219676795e+00
 3.5000000000e-01	 7.5000000000e-01	 5.6134443207e-01	 1.4179271591e+00	 8.4253688422e+00
 3.5000000000e-01	 8.0000000000e-01	 4.4806320501e-01	 1.4576914503e+00	 6.9099411494e+00
 3.5000000000e-01	 8.5000000000e-01	 3.3425328205e-01	 1.4879179223e+00	 5.2901630424e+00
 3.5000000000e-01	 9.0000000000e-01	 2.2100222076e-01	 1.5089012620e+00	 3.7535975009e+00
 3.5000000000e-01	 9.5000000000e-01	 1.0929573294e-01	 1.5210783815e+00	 2.5848095941e+00
 3.5000000000e-01	 1.0000000000e+00	 0.0000000000e+00	 1.5250000000e+00	 2.2825398310e+00
 4.0000000000e-01	 5.0000000000e-01	 1.1313708499e+00	 1.1313708499e+00	 1.3384582565e+01
 4.0000000000e-01	 5.5000000000e-01	 1.0339299510e+00	 1.2210605457e+00	 1.2780430867e+01
 4.0000000000e-01	 6.0000000000e-01	 9.2977372977e-01	 1.3021216577e+00	 1.2016692659e+01
 4.0000000000e-01	 6.5000000000e-01	 8.2006022223e-01	 1.3738636147e+00	 1.1066236969e+01
 4.0000000000e-01	 7.0000000000e-01	 7.0602788439e-01	 1.4358010400e+00	 9.8253575951e+00
 4.0000000000e-01	 7.5000000000e-01	 5.8895153529e-01	 1.4876612817e+00	 8.3914396296e+00
 4.0000000000e-01	 8.0000000000e-01	 4.7009910034e-01	 1.5293811938e+00	 6.8923515974e+00
 4.0000000000e-01	 8.5000000000e-01	 3.5069196806e-01	 1.5610942135e+00	 5.3480251475e+00
 4.0000000000e-01	 9.0000000000e-01	 2.3187118244e-01	 1.5831095208e+00	 3.8956878186e+00
 4.0000000000e-01	 9.5000000000e-01	 1.1467093292e-01	 1.5958855150e+00	 2.8089478834e+00
 4.0000000000e-01	 1.0000000000e+00	 0.0000000000e+00	 1.6000000000e+00	 2.4593690637e+00
 4.5000000000e-01	 5.0000000000e-01	 1.1844038585e+00	 1.1844038585e+00	 1.3290389203e+01
 4.5000000000e-01	 5.5000000000e-01	 1.0823954175e+00	 1.2782977588e+00	 1.2668458133e+01
 4.5000000000e-01	 6.0000000000e-01	 9.7335687335e-01	 1.3631586104e+00	 1.1908158598e+01
 4.5000000000e-01	 6.5000000000e-01	 8.5850054515e-01	 1.4382634717e+00	 1.0985854977e+01
 4.5000000000e-01	 7.0000000000e-01	 7.3912294147e-01	 1.5031042137e+00	 9.7513240345e+00
 4.5000000000e-01	 7.5000000000e-01	 6.1655863851e-01	 1.5573954043e+00	 8.3711407357e+00
 4.5000000000e-01	 8.0000000000e-01	 4.9213499567e-01	 1.6010709372e+00	 7.0025944883e+00
 4.5000000000e-01	 8.5000000000e-01	 3.6713065406e-01	 1.6342705048e+00	 5.6131470821e+00
 4.5000000000e-01	 9.0000000000e-01	 2.4274014412e-01	 1.6573177796e+00	 4.3301288481e+00
 4.5000000000e-01	 9.5000000000e-01	 1.2004613290e-01	 1.6706926486e+00	 3.4053454798e+00
 4.5000000000e-01	 1.0000000000e+00	 0.0000000000e+00	 1.6750000000e+00	 3.0240472163e+00
 5.0000000000e-01	 5.0000000000e-01	 1.2374368671e+00	 1.2374368671e+00	 1.3197104121e+01
 5.0000000000e-01	 5.5000000000e-01	 1.1308608839e+00	 1.3355349719e+00	 1.2607980396e+01
 5.0000000000e-01	 6.0000000000e-01	 1.0169400169e+00	 1.4241955631e+00	 1.1866903550e+01
 5.0000000000e-01	 6.5000000000e-01	 8.9694086807e-01	 1.5026633286e+00	 1.0976574820e+01
 5.0000000000e-01	 7.0000000000e-01	 7.7221799856e-01	 1.5704073875e+00	 9.8013221055e+00
 5.0000000000e-01	 7.5000000000e-01	 6.4416574173e-01	 1.6271295269e+00	 8.5394095638e+00
 5.0000000000e-01	 8.0000000000e-01	 5.1417089099e-01	 1.6727606807e+00	 7.3512394637e+00
 5.0000000000e-01	 8.5000000000e-01	 3.8356934006e-01	 1.7074467961e+00	 6.1949485217e+00
 5.0000000000e-01	 9.0000000000e-01	 2.5360910580e-01	 1.7315260383e+00	 5.1709503295e+00
 5.0000000000e-01	 9.5000000000e-01	 1.2542133288e-01	 1.7454997821e+00	 4.4674746934e+00
 5.0000000000e-01	 1.0000000000e+00	 0.0000000000e+00	 1.7500000000e+00	 4.1245427825e+00
 5.0000000000e-01	 0.0000000000e+00	 1.7500000000e+00	 0.0000000000e+00	 1.2171257875e+01
 5.0000000000e-01	 5.0000000000e-02	 1.7454997821e+00	 1.2542133288e-01	 1.2246010090e+01
 5.0000000000e-01	 1.0000000000e-01	 1.7315260383e+00	 2.5360910580e-01	 1.2411059259e+01
 5.0000000000e-01	 1.5000000000e-01	 1.7074467961e+00	 3.8356934006e-01	 1.2670912870e+01
 5.0000000000e-01	 2.0000000000e-01	 1.6727606807e+00	 5.1417089099e-01	 1.2924886050e+01
 5.0000000000e-01	 2.5000000000e-01	 1.6271295269e+00	 6.4416574173e-01	 1.3149139349e+01
 5.0000000000e-01	 3.0000000000e-01	 1.5704073875e+00	 7.7221799856e-01	 1.3440408618e+01
 5.0000000000e-01	 3.5000000000e-01	 1.5026633286e+00	 8.9694086807e-01	 1.3616447319e+01
 5.0000000000e-01	 4.0000000000e-01	 1.4241955631e+00	 1.0169400169e+00	 1.3635616017e+01
 5.0000000000e-01	 4.5000000000e-01	 1.3355349719e+00	 1.1308608839e+00	 1.3531604969e+01
 5.0000000000e-01	 5.0000000000e-01	 1.2374368671e+00	 1.2374368671e+00	 1.3197104121e+01
 5.5000000000e-01	 0.0000000000e+00	 1.8250000000e+00	 0.0000000000e+00	 1.1760538415e+01
 5.5000000000e-01	 5.0000000000e-02	 1.8203069156e+00	 1.3079653286e-01	 1.1851797652e+01
 5.5000000000e-01	 1.0000000000e-01	 1.8057342971e+00	 2.6447806748e-01	 1.2045817050e+01
 5.5000000000e-01	 1.5000000000e-01	 1.7806230873e+00	 4.0000802607e-01	 1.2349980241e+01
 5.5000000000e-01	 2.0000000000e-01	 1.7444504241e+00	 5.3620678632e-01	 1.2640909951e+01
 5.5000000000e-01	 2.5000000000e-01	 1.6968636494e+00	 6.7177284495e-01	 1.2914345767e+01
 5.5000000000e-01	 3.0000000000e-01	 1.6377105612e+00	 8.0531305564e-01	 1.3241365656e+01
 5.5000000000e-01	 3.5000000000e-01	 1.5670631856e+00	 9.3538119099e-01	 1.3422498706e+01
 5.5000000000e-01	 4.0000000000e-01	 1.4852325158e+00	 1.0605231605e+00	 1.3490736403e+01
 5.5000000000e-01	 4.5000000000e-01	 1.3927721850e+00	 1.1793263504e+00	 1.3453743365e+01
 5.5000000000e-01	 5.0000000000e-01	 1.2904698757e+00	 1.2904698757e+00	 1.3152384045e+01
 6.0000000000e-01	 0.0000000000e+00	 1.9000000000e+00	 0.0000000000e+00	 1.1475130436e+01
 6.0000000000e-01	 5.0000000000e-02	 1.8951140491e+00	 1.3617173284e-01	 1.1587214018e+01
 6.0000000000e-01	 1.0000000000e-01	 1.8799425559e+00	 2.7534702915e-01	 1.1791819865e+01
 6.0000000000e-01	 1.5000000000e-01	 1.8537993786e+00	 4.1644671207e-01	 1.2109840891e+01
 6.0000000000e-01	 2.0000000000e-01	 1.8161401676e+00	 5.5824268165e-01	 1.2423342775e+01
 6.0000000000e-01	 2.5000000000e-01	 1.7665977720e+00	 6.9937994816e-01	 1.2743787957e+01
 6.0000000000e-01	 3.0000000000e-01	 1.7050137350e+00	 8.3840811272e-01	 1.3088103292e+01
 6.0000000000e-01	 3.5000000000e-01	 1.6314630425e+00	 9.7382151390e-01	 1.3285335450e+01
 6.0000000000e-01	 4.0000000000e-01	 1.5462694685e+00	 1.1041063041e+00	 1.3420023008e+01
 6.0000000000e-01	 4.5000000000e-01	 1.4500093981e+00	 1.2277918168e+00	 1.3400068547e+01
 6.0000000000e-01	 5.0000000000e-01	 1.3435028842e+00	 1.3435028842e+00	 1.3137930258e+01
 6.5000000000e-01	 0.0000000000e+00	 1.9750000000e+00	 0.0000000000e+00	 1.1256492888e+01
 6.5000000000e-01	 5.0000000000e-02	 1.9699211826e+00	 1.4154693282e-01	 1.1396652171e+01
 6.5000000000e-01	 1.0000000000e-01	 1.9541508147e+00	 2.8621599083e-01	 1.1603626850e+01
 6.5000000000e-01	 1.5000000000e-01	 1.9269756698e+00	 4.3288539807e-01	 1.1911328096e+01
 6.5000000000e-01	 2.0000000000e-01	 1.8878299111e+00	 5.8027857698e-01	 1.2233417824e+01
 6.5000000000e-01	 2.5000000000e-01	 1.8363318946e+00	 7.2698705138e-01	 1.2601501068e+01
 6.5000000000e-01	 3.0000000000e-01	 1.7723169087e+00	 8.7150316980e-01	 1.2951539883e+01
 6.5000000000e-01	 3.5000000000e-01	 1.6958628994e+00	 1.0122618368e+00	 1.3173791454e+01
 6.5000000000e-01	 4.0000000000e-01	 1.6073064212e+00	 1.1476894477e+00	 1.3367298812e+01
 6.5000000000e-01	 4.5000000000e-01	 1.5072466111e+00	 1.2762572833e+00	 1.3331633359e+01
 6.5000000000e-01	 5.0000000000e-01	 1.3965358928e+00	 1.3965358928e+00	 1.3119481148e+01
 7.0000000000e-01	 0.0000000000e+00	 2.0500000000e+00	 0.0000000000e+00	 1.1086137140e+01
 7.0000000000e-01	 5.0000000000e-02	 2.0447283162e+00	 1.4692213280e-01	 1.1253280406e+01
 7.0000000000e-01	 1.0000000000e-01	 2.0283590735e+00	 2.9708495251e-01	 1.1452371752e+01
 7.0000000000e-01	 1.5000000000e-01	 2.0001519611e+00	 4.4932408408e-01	 1.1729064465e+01
 7.0000000000e-01	 2.0000000000e-01	 1.9595196545e+00	 6.0231447231e-01	 1.2048578115e+01
 7.0000000000e-01	 2.5000000000e-01	 1.9060660172e+00	 7.5459415460e-01	 1.2459538443e+01
 7.0000000000e-01	 3.0000000000e-01	 1.8396200825e+00	 9.0459822688e-01	 1.2806828787e+01
 7.0000000000e-01	 3.5000000000e-01	 1.7602627564e+00	 1.0507021597e+00	 1.3060682080e+01
 7.0000000000e-01	 4.0000000000e-01	 1.6683433739e+00	 1.1912725913e+00	 1.3269771580e+01
 7.0000000000e-01	 4.5000000000e-01	 1.5644838242e+00	 1.3247227497e+00	 1.3208396152e+01
 7.0000000000e-01	 5.0000000000e-01	 1.4495689014e+00	 1.4495689014e+00	 1.3054805666e+01
 7.5000000000e-01	 0.0000000000e+00	 2.1250000000e+00	 0.0000000000e+00	 1.0951887274e+01
 7.5000000000e-01	 5.0000000000e-02	 2.1195354497e+00	 1.5229733278e-01	 1.1137336682e+01
 7.5000000000e-01	 1.0000000000e-01	 2.1025673323e+00	 3.0795391418e-01	 1.1321474773e+01
 7.5000000000e-01	 1.5000000000e-01	 2.0733282524e+00	 4.6576277008e-01	 1.1557954866e+01
 7.5000000000e-01	 2.0000000000e-01	 2.0312093980e+00	 6.2435036764e-01	 1.1870371064e+01
 7.5000000000e-01	 2.5000000000e-01	 1.9758001398e+00	 7.8220125781e-01	 1.2307696672e+01
 7.5000000000e-01	 3.0000000000e-01	 1.9069232562e+00	 9.3769328396e-01	 1.2641321800e+01
 7.5000000000e-01	 3.5000000000e-01	 1.8246626133e+00	 1.0891424827e+00	 1.2925009742e+01
 7.5000000000e-01	 4.0000000000e-01	 1.7293803266e+00	 1.2348557349e+00	 1.3114885098e+01
 7.5000000000e-01	 4.5000000000e-01	 1.6217210373e+00	 1.3731882162e+00	 1.3016218777e+01
 7.5000000000e-01	 5.0000000000e-01	 1.5026019100e+00	 1.5026019100e+00	 1.2903539181e+01
 8.0000000000e-01	 0.0000000000e+00	 2.2000000000e+00	 0.0000000000e+00	 1.0843709734e+01
 8.0000000000e-01	 5.0000000000e-02	 2.1943425832e+00	 1.5767253276e-01	 1.1031259850e+01
 8.0000000000e-01	 1.0000000000e-01	 2.1767755911e+00	 3.1882287586e-01	 1.1199281139e+01
 8.0000000000e-01	 1.5000000000e-01	 2.1465045436e+00	 4.8220145608e-01	 1.1399950560e+01
 8.0000000000e-01	 2.0000000000e-01	 2.1028991414e+00	 6.4638626297e-01	 1.1707230685e+01
 8.0000000000e-01	 2.5000000000e-01	 2.0455342623e+00	 8.0980836103e-01	 1.2156396738e+01
 8.0000000000e-01	 3.0000000000e-01	 1.9742264300e+00	 9.7078834104e-01	 1.2469462664e+01
 8.0000000000e-01	 3.5000000000e-01	 1.8890624703e+00	 1.1275828056e+00	 1.2756242271e+01
 8.0000000000e-01	 4.0000000000e-01	 1.7904172793e+00	 1.2784388784e+00	 1.2914445414e+01
 8.0000000000e-01	 4.5000000000e-01	 1.6789582504e+00	 1.4216536827e+00	 1.2765259645e+01
 8.0000000000e-01	 5.0000000000e-01	 1.5556349186e+00	 1.5556349186e+00	 1.2668304537e+01
 8.5000000000e-01	 0.0000000000e+00	 2.2750000000e+00	 0.0000000000e+00	 1.0749678704e+01
 8.5000000000e-01	 5.0000000000e-02	 2.2691497167e+00	 1.6304773274e-01	 1.0917789562e+01
 8.5000000000e-01	 1.0000000000e-01	 2.2509838498e+00	 3.2969183754e-01	 1.1077810536e+01
 8.5000000000e-01	 1.5000000000e-01	 2.2196808349e+00	 4.9864014208e-01	 1.1262441155e+01
 8.5000000000e-01	 2.0000000000e-01	 2.1745888849e+00	 6.6842215829e-01	 1.1570921711e+01
 8.5000000000e-01	 2.5000000000e-01	 2.1152683849e+00	 8.3741546424e-01	 1.2021071054e+01
 8.5000000000e-01	 3.0000000000e-01	 2.0415296037e+00	 1.0038833981e+00	 1.2311565041e+01
 8.5000000000e-01	 3.5000000000e-01	 1.9534623272e+00	 1.1660231285e+00	 1.2573537869e+01
 8.5000000000e-01	 4.0000000000e-01	 1.8514542320e+00	 1.3220220220e+00	 1.2707837390e+01
 8.5000000000e-01	 4.5000000000e-01	 1.7361954635e+00	 1.4701191491e+00	 1.2491950172e+01
 8.5000000000e-01	 5.0000000000e-01	 1.6086679272e+00	 1.6086679272e+00	 1.2440077744e+01
 9.0000000000e-01	 0.0000000000e+00	 2.3500000000e+00	 0.0000000000e+00	 1.0657549640e+01
 9.0000000000e-01	 5.0000000000e-02	 2.3439568502e+00	 1.6842293272e-01	 1.0789772438e+01
 9.0000000000e-01	 1.0000000000e-01	 2.3251921086e+00	 3.4056079921e-01	 1.0950702705e+01
 9.0000000000e-01	 1.5000000000e-01	 2.2928571261e+00	 5.1507882808e-01	 1.1151553985e+01
 9.0000000000e-01	 2.0000000000e-01	 2.2462786283e+00	 6.9045805362e-01	 1.1475097939e+01
 9.0000000000e-01	 2.5000000000e-01	 2.1850025075e+00	 8.6502256746e-01	 1.1921760865e+01
 9.0000000000e-01	 3.0000000000e-01	 2.1088327775e+00	 1.0369784552e+00	 1.2197746484e+01
 9.0000000000e-01	 3.5000000000e-01	 2.0178621841e+00	 1.2044634514e+00	 1.2437542457e+01
 9.0000000000e-01	 4.0000000000e-01	 1.9124911847e+00	 1.3656051656e+00	 1.2573446743e+01
 9.0000000000e-01	 4.5000000000e-01	 1.7934326765e+00	 1.5185846156e+00	 1.2291982325e+01
 9.0000000000e-01	 5.0000000000e-01	 1.6617009358e+00	 1.6617009358e+00	 1.2332238325e+01
 9.5000000000e-01	 0.0000000000e+00	 2.4250000000e+00	 0.0000000000e+00	 1.0578297844e+01
 9.5000000000e-01	 5.0000000000e-02	 2.4187639837e+00	 1.7379813270e-01	 1.0670201195e+01
 9.5000000000e-01	 1.0000000000e-01	 2.3994003674e+00	 3.5142976088e-01	 1.0840585381e+01
 9.5000000000e-01	 1.5000000000e-01	 2.3660334174e+00	 5.3151751408e-01	 1.1078825008e+01
 9.5000000000e-01	 2.0000000000e-01	 2.3179683718e+00	 7.1249394894e-01	 1.1435343181e+01
 9.5000000000e-01	 2.5000000000e-01	 2.2547366301e+00	 8.9262967067e-01	 1.1886337584e+01
 9.5000000000e-01	 3.0000000000e-01	 2.1761359512e+00	 1.0700735123e+00	 1.2170677897e+01
 9.5000000000e-01	 3.5000000000e-01	 2.0822620411e+00	 1.2429037743e+00	 1.2425411406e+01
 9.5000000000e-01	 4.0000000000e-01	 1.9735281374e+00	 1.4091883092e+00	 1.2606330460e+01
 9.5000000000e-01	 4.5000000000e-01	 1.8506698896e+00	 1.5670500820e+00	 1.2339674176e+01
 9.5000000000e-01	 5.0000000000e-01	 1.7147339444e+00	 1.7147339444e+00	 1.2457902793e+01
 1.0000000000e+00	 0.0000000000e+00	 2.5000000000e+00	 0.0000000000e+00	 1.0534423185e+01
 1.0000000000e+00	 5.0000000000e-02	 2.4935711173e+00	 1.7917333268e-01	 1.0594636202e+01
 1.0000000000e+00	 1.0000000000e-01	 2.4736086262e+00	 3.6229872256e-01	 1.0785964804e+01
 1.0000000000e+00	 1.5000000000e-01	 2.4392097087e+00	 5.4795620008e-01	 1.1074383874e+01
 1.0000000000e+00	 2.0000000000e-01	 2.3896581153e+00	 7.3452984426e-01	 1.1474568911e+01
 1.0000000000e+00	 2.5000000000e-01	 2.3244707527e+00	 9.2023677388e-01	 1.1958522263e+01
 1.0000000000e+00	 3.0000000000e-01	 2.2434391250e+00	 1.1031685694e+00	 1.2288065868e+01
 1.0000000000e+00	 3.5000000000e-01	 2.1466618980e+00	 1.2813440972e+00	 1.2614286852e+01
 1.0000000000e+00	 4.0000000000e-01	 2.0345650901e+00	 1.4527714528e+00	 1.2888564251e+01
 1.0000000000e+00	 4.5000000000e-01	 1.9079071027e+00	 1.6155155485e+00	 1.2743932105e+01
 1.0000000000e+00	 5.0000000000e-01	 1.7677669529e+00	 1.7677669529e+00	 1.2919036130e+01
 5.0000000000e-01	 5.0000000000e-01	 1.2374368671e+00	 1.2374368671e+00	 1.3197104121e+01
 5.0000000000e-01	 5.5000000000e-01	 1.1308608839e+00	 1.3355349719e+00	 1.2607980396e+01
 5.0000000000e-01	 6.0000000000e-01	 1.0169400169e+00	 1.4241955631e+00	 1.1866903550e+01
 5.0000000000e-01	 6.5000000000e-01	 8.9694086807e-01	 1.5026633286e+00	 1.0976574820e+01
 5.0000000000e-01	 7.0000000000e-01	 7.7221799856e-01	 1.5704073875e+00	 9.8013221055e+00
 5.0000000000e-01	 7.5000000000e-01	 6.4416574173e-01	 1.6271295269e+00	 8.5394095638e+00
 5.0000000000e-01	 8.0000000000e-01	 5.1417089099e-01	 1.6727606807e+00	 7.3512394637e+00
 5.0000000000e-01	 8.5000000000e-01	 3.8356934006e-01	 1.7074467961e+00	 6.1949485217e+00
 5.0000000000e-01	 9.0000000000e-01	 2.5360910580e-01	 1.7315260383e+00	 5.1709503295e+00
 5.0000000000e-01	 9.5000000000e-01	 1.2542133288e-01	 1.7454997821e+00	 4.4674746934e+00
 5.0000000000e-01	 1.0000000000e+00	 0.0000000000e+00	 1.7500000000e+00	 4.1245427825e+00
 5.5000000000e-01	 5.0000000000e-01	 1.2904698757e+00	 1.2904698757e+00	 1.3152384045e+01
 5.5000000000e-01	 5.5000000000e-01	 1.1793263504e+00	 1.3927721850e+00	 1.2628875116e+01
 5.5000000000e-01	 6.0000000000e-01	 1.0605231605e+00	 1.4852325158e+00	 1.1945927724e+01
 5.5000000000e-01	 6.5000000000e-01	 9.3538119099e-01	 1.5670631856e+00	 1.1067129241e+01
 5.5000000000e-01	 7.0000000000e-01	 8.0531305564e-01	 1.6377105612e+00	 9.9647385213e+00
 5.5000000000e-01	 7.5000000000e-01	 6.7177284495e-01	 1.6968636494e+00	 8.8316037028e+00
 5.5000000000e-01	 8.0000000000e-01	 5.3620678632e-01	 1.7444504241e+00	 7.8067386108e+00
 5.5000000000e-01	 8.5000000000e-01	 4.0000802607e-01	 1.7806230873e+00	 6.8122925480e+00
 5.5000000000e-01	 9.0000000000e-01	 2.6447806748e-01	 1.8057342971e+00	 5.9087538368e+00
 5.5000000000e-01	 9.5000000000e-01	 1.3079653286e-01	 1.8203069156e+00	 5.2645384206e+00
 5.5000000000e-01	 1.0000000000e+00	 0.0000000000e+00	 1.8250000000e+00	 4.9502816978e+00
 6.0000000000e-01	 5.0000000000e-01	 1.3435028842e+00	 1.3435028842e+00	 1.3137930258e+01
 6.0000000000e-01	 5.5000000000e-01	 1.2277918168e+00	 1.4500093981e+00	 1.2696399696e+01
 6.0000000000e-01	 6.0000000000e-01	 1.1041063041e+00	 1.5462694685e+00	 1.2052508320e+01
 6.0000000000e-01	 6.5000000000e-01	 9.7382151390e-01	 1.6314630425e+00	 1.1147220198e+01
 6.0000000000e-01	 7.0000000000e-01	 8.3840811272e-01	 1.7050137350e+00	 1.0092922191e+01
 6.0000000000e-01	 7.5000000000e-01	 6.9937994816e-01	 1.7665977720e+00	 9.0296067608e+00
 6.0000000000e-01	 8.0000000000e-01	 5.5824268165e-01	 1.8161401676e+00	 8.0300839895e+00
 6.0000000000e-01	 8.5000000000e-01	 4.1644671207e-01	 1.8537993786e+00	 6.9578308109e+00
 6.0000000000e-01	 9.0000000000e-01	 2.7534702915e-01	 1.8799425559e+00	 5.9196364233e+00
 6.0000000000e-01	 9.5000000000e-01	 1.3617173284e-01	 1.8951140491e+00	 5.1675965703e+00
 6.0000000000e-01	 1.0000000000e+00	 0.0000000000e+00	 1.9000000000e+00	 4.8411456027e+00
 6.5000000000e-01	 5.0000000000e-01	 1.3965358928e+00	 1.3965358928e+00	 1.3119481148e+01
 6.5000000000e-01	 5.5000000000e-01	 1.2762572833e+00	 1.5072466111e+00	 1.2769551867e+01
 6.5000000000e-01	 6.0000000000e-01	 1.1476894477e+00	 1.6073064212e+00	 1.2097833229e+01
 6.5000000000e-01	 6.5000000000e-01	 1.0122618368e+00	 1.6958628994e+00	 1.1169145445e+01
 6.5000000000e-01	 7.0000000000e-01	 8.7150316980e-01	 1.7723169087e+00	 1.0140650400e+01
 6.5000000000e-01	 7.5000000000e-01	 7.2698705138e-01	 1.8363318946e+00	 9.0867702225e+00
 6.5000000000e-01	 8.0000000000e-01	 5.8027857698e-01	 1.8878299111e+00	 8.0092580604e+00
 6.5000000000e-01	 8.5000000000e-01	 4.3288539807e-01	 1.9269756698e+00	 6.8850439046e+00
 6.5000000000e-01	 9.0000000000e-01	 2.8621599083e-01	 1.9541508147e+00	 5.8295721527e+00
 6.5000000000e-01	 9.5000000000e-01	 1.4154693282e-01	 1.9699211826e+00	 5.0528481469e+00
 6.5000000000e-01	 1.0000000000e+00	 0.0000000000e+00	 1.9750000000e+00	 4.7274997960e+00
 7.0000000000e-01	 5.0000000000e-01	 1.4495689014e+00	 1.4495689014e+00	 1.3054805666e+01
 7.0000000000e-01	 5.5000000000e-01	 1.3247227497e+00	 1.5644838242e+00	 1.2746716089e+01
 7.0000000000e-01	 6.0000000000e-01	 1.1912725913e+00	 1.6683433739e+00	 1.2038137340e+01
 7.0000000000e-01	 6.5000000000e-01	 1.0507021597e+00	 1.7602627564e+00	 1.1093292024e+01
 7.0000000000e-01	 7.0000000000e-01	 9.0459822688e-01	 1.8396200825e+00	 1.0073630734e+01
 7.0000000000e-01	 7.5000000000e-01	 7.5459415460e-01	 1.9060660172e+00	 9.0491295251e+00
 7.0000000000e-01	 8.0000000000e-01	 6.0231447231e-01	 1.9595196545e+00	 7.9885533689e+00
 7.0000000000e-01	 8.5000000000e-01	 4.4932408408e-01	 2.0001519611e+00	 6.8476069925e+00
 7.0000000000e-01	 9.0000000000e-01	 2.9708495251e-01	 2.0283590735e+00	 5.7870521175e+00
 7.0000000000e-01	 9.5000000000e-01	 1.4692213280e-01	 2.0447283162e+00	 5.0126503567e+00
 7.0000000000e-01	 1.0000000000e+00	 0.0000000000e+00	 2.0500000000e+00	 4.6945850893e+00
 7.5000000000e-01	 5.0000000000e-01	 1.5026019100e+00	 1.5026019100e+00	 1.2903539181e+01
 7.5000000000e-01	 5.5000000000e-01	 1.3731882162e+00	 1.6217210373e+00	 1.2618174136e+01
 7.5000000000e-01	 6.0000000000e-01	 1.2348557349e+00	 1.7293803266e+00	 1.1861715483e+01
 7.5000000000e-01	 6.5000000000e-01	 1.0891424827e+00	 1.8246626133e+00	 1.0888862673e+01
 7.5000000000e-01	 7.0000000000e-01	 9.3769328396e-01	 1.9069232562e+00	 9.9399334834e+00
 7.5000000000e-01	 7.5000000000e-01	 7.8220125781e-01	 1.9758001398e+00	 9.0471147022e+00
 7.5000000000e-01	 8.0000000000e-01	 6.2435036764e-01	 2.0312093980e+00	 7.9856427788e+00
 7.5000000000e-01	 8.5000000000e-01	 4.6576277008e-01	 2.0733282524e+00	 6.8178512773e+00
 7.5000000000e-01	 9.0000000000e-01	 3.0795391418e-01	 2.1025673323e+00	 5.7683016700e+00
 7.5000000000e-01	 9.5000000000e-01	 1.5229733278e-01	 2.1195354497e+00	 5.0327385014e+00
 7.5000000000e-01	 1.0000000000e+00	 0.0000000000e+00	 2.1250000000e+00	 4.7435559949e+00
 8.0000000000e-01	 5.0000000000e-01	 1.5556349186e+00	 1.5556349186e+00	 1.2668304537e+01
 8.0000000000e-01	 5.5000000000e-01	 1.4216536827e+00	 1.6789582504e+00	 1.2417207603e+01
 8.0000000000e-01	 6.0000000000e-01	 1.2784388784e+00	 1.7904172793e+00	 1.1577408166e+01
 8.0000000000e-01	 6.5000000000e-01	 1.1275828056e+00	 1.8890624703e+00	 1.0589095467e+01
 8.0000000000e-01	 7.0000000000e-01	 9.7078834104e-01	 1.9742264300e+00	 9.8851024857e+00
 8.0000000000e-01	 7.5000000000e-01	 8.0980836103e-01	 2.0455342623e+00	 9.0744179069e+00
 8.0000000000e-01	 8.0000000000e-01	 6.4638626297e-01	 2.1028991414e+00	 7.9755811646e+00
 8.0000000000e-01	 8.5000000000e-01	 4.8220145608e-01	 2.1465045436e+00	 6.7690482817e+00
 8.0000000000e-01	 9.0000000000e-01	 3.1882287586e-01	 2.1767755911e+00	 5.7522811016e+00
 8.0000000000e-01	 9.5000000000e-01	 1.5767253276e-01	 2.1943425832e+00	 5.1002946844e+00
 8.0000000000e-01	 1.0000000000e+00	 0.0000000000e+00	 2.2000000000e+00	 4.8740976228e+00
 8.5000000000e-01	 5.0000000000e-01	 1.6086679272e+00	 1.6086679272e+00	 1.2440077744e+01
 8.5000000000e-01	 5.5000000000e-01	 1.4701191491e+00	 1.7361954635e+00	 1.2205974436e+01
 8.5000000000e-01	 6.0000000000e-01	 1.3220220220e+00	 1.8514542320e+00	 1.1215253720e+01
 8.5000000000e-01	 6.5000000000e-01	 1.1660231285e+00	 1.9534623272e+00	 1.0442215856e+01
 8.5000000000e-01	 7.0000000000e-01	 1.0038833981e+00	 2.0415296037e+00	 9.9360919004e+00
 8.5000000000e-01	 7.5000000000e-01	 8.3741546424e-01	 2.1152683849e+00	 9.1273684931e+00
 8.5000000000e-01	 8.0000000000e-01	 6.6842215829e-01	 2.1745888849e+00	 7.9362854856e+00
 8.5000000000e-01	 8.5000000000e-01	 4.9864014208e-01	 2.2196808349e+00	 6.6757157065e+00
 8.5000000000e-01	 9.0000000000e-01	 3.2969183754e-01	 2.2509838498e+00	 5.7532613277e+00
 8.5000000000e-01	 9.5000000000e-01	 1.6304773274e-01	 2.2691497167e+00	 5.2671742377e+00
 8.5000000000e-01	 1.0000000000e+00	 0.0000000000e+00	 2.2750000000e+00	 5.1390160244e+00
 9.0000000000e-01	 5.0000000000e-01	 1.6617009358e+00	 1.6617009358e+00	 1.2332238325e+01
 9.0000000000e-01	 5.5000000000e-01	 1.5185846156e+00	 1.7934326765e+00	 1.2072989558e+01
 9.0000000000e-01	 6.0000000000e-01	 1.3656051656e+00	 1.9124911847e+00	 1.1005144245e+01
 9.0000000000e-01	 6.5000000000e-01	 1.2044634514e+00	 2.0178621841e+00	 1.0535049807e+01
 9.0000000000e-01	 7.0000000000e-01	 1.0369784552e+00	 2.1088327775e+00	 1.0129063796e+01
 9.0000000000e-01	 7.5000000000e-01	 8.6502256746e-01	 2.1850025075e+00	 9.2109131128e+00
 9.0000000000e-01	 8.0000000000e-01	 6.9045805362e-01	 2.2462786283e+00	 7.8825684073e+00
 9.0000000000e-01	 8.5000000000e-01	 5.1507882808e-01	 2.2928571261e+00	 6.7759886880e+00
 9.0000000000e-01	 9.0000000000e-01	 3.4056079921e-01	 2.3251921086e+00	 6.0929945964e+00
 9.0000000000e-01	 9.5000000000e-01	 1.6842293272e-01	 2.3439568502e+00	 5.7660453135e+00
 9.0000000000e-01	 1.0000000000e+00	 0.0000000000e+00	 2.3500000000e+00	 5.6931942105e+00
 9.5000000000e-01	 5.0000000000e-01	 1.7147339444e+00	 1.7147339444e+00	 1.2457902793e+01
 9.5000000000e-01	 5.5000000000e-01	 1.5670500820e+00	 1.8506698896e+00	 1.2123969489e+01
 9.5000000000e-01	 6.0000000000e-01	 1.4091883092e+00	 1.9735281374e+00	 1.1194354731e+01
 9.5000000000e-01	 6.5000000000e-01	 1.2429037743e+00	 2.0822620411e+00	 1.0940233020e+01
 9.5000000000e-01	 7.0000000000e-01	 1.0700735123e+00	 2.1761359512e+00	 1.0516902830e+01
 9.5000000000e-01	 7.5000000000e-01	 8.9262967067e-01	 2.2547366301e+00	 9.3936490797e+00
 9.5000000000e-01	 8.0000000000e-01	 7.1249394894e-01	 2.3179683718e+00	 8.2269676483e+00
 9.5000000000e-01	 8.5000000000e-01	 5.3151751408e-01	 2.3660334174e+00	 7.3698950227e+00
 9.5000000000e-01	 9.0000000000e-01	 3.5142976088e-01	 2.3994003674e+00	 6.8719468028e+00
 9.5000000000e-01	 9.5000000000e-01	 1.7379813270e-01	 2.4187639837e+00	 6.6313888213e+00
 9.5000000000e-01	 1.0000000000e+00	 0.0000000000e+00	 2.4250000000e+00	 6.5510419273e+00
 1.0000000000e+00	 5.0000000000e-01	 1.7677669529e+00	 1.7677669529e+00	 1.2919036130e+01
 1.0000000000e+00	 5.5000000000e-01	 1.6155155485e+00	 1.9079071027e+00	 1.2576080073e+01
 1.0000000000e+00	 6.0000000000e-01	 1.4527714528e+00	 2.0345650901e+00	 1.1851683139e+01
 1.0000000000e+00	 6.5000000000e-01	 1.2813440972e+00	 2.1466618980e+00	 1.1749090386e+01
 1.0000000000e+00	 7.0000000000e-01	 1.1031685694e+00	 2.2434391250e+00	 1.1188873009e+01
 1.0000000000e+00	 7.5000000000e-01	 9.2023677388e-01	 2.3244707527e+00	 1.0075038136e+01
 1.0000000000e+00	 8.0000000000e-01	 7.3452984426e-01	 2.3896581153e+00	 9.1319251999e+00
 1.0000000000e+00	 8.5000000000e-01	 5.4795620008e-01	 2.4392097087e+00	 8.4981028374e+00
 1.0000000000e+00	 9.0000000000e-01	 3.6229872256e-01	 2.4736086262e+00	 8.1224875593e+00
 1.0000000000e+00	 9.5000000000e-01	 1.7917333268e-01	 2.4935711173e+00	 7.8815459034e+00
 1.0000000000e+00	 1.0000000000e+00	 0.0000000000e+00	 2.5000000000e+00	 7.7217880417e+00
