1	10	10
21	21	2	2
 1.0000e+00	 0.0000e+00	-4.7143e-05	 0.0000e+00	 4.7143e-05
 9.9743e-01	 7.1669e-02	-4.6954e-05	 9.7937e-06	 4.7964e-05
 9.8944e-01	 1.4492e-01	-4.6488e-05	 1.9758e-05	 5.0512e-05
 9.7568e-01	 2.1918e-01	-4.5763e-05	 2.9861e-05	 5.4644e-05
 9.5586e-01	 2.9381e-01	-4.4789e-05	 4.0043e-05	 6.0079e-05
 9.2979e-01	 3.6809e-01	-4.3566e-05	 5.0190e-05	 6.6460e-05
 8.9738e-01	 4.4127e-01	-4.2086e-05	 6.0125e-05	 7.3391e-05
 8.5866e-01	 5.1254e-01	-4.0310e-05	 6.9709e-05	 8.0525e-05
 8.1383e-01	 5.8111e-01	-3.8211e-05	 7.8859e-05	 8.7629e-05
 7.6316e-01	 6.4621e-01	-3.5787e-05	 8.7556e-05	 9.4588e-05
 7.0711e-01	 7.0711e-01	-3.3079e-05	 9.5830e-05	 1.0138e-04
 6.4621e-01	 7.6316e-01	-3.0163e-05	 1.0362e-04	 1.0792e-04
 5.8111e-01	 8.1383e-01	-2.7106e-05	 1.1071e-04	 1.1398e-04
 5.1254e-01	 8.5866e-01	-2.3936e-05	 1.1689e-04	 1.1932e-04
 4.4127e-01	 8.9738e-01	-2.0672e-05	 1.2209e-04	 1.2382e-04
 3.6809e-01	 9.2979e-01	-1.7328e-05	 1.2633e-04	 1.2751e-04
 2.9381e-01	 9.5586e-01	-1.3916e-05	 1.2973e-04	 1.3047e-04
 2.1918e-01	 9.7568e-01	-1.0454e-05	 1.3241e-04	 1.3282e-04
 1.4492e-01	 9.8944e-01	-6.9661e-06	 1.3442e-04	 1.3460e-04
 7.1669e-02	 9.9743e-01	-3.4741e-06	 1.3578e-04	 1.3582e-04
 0.0000e+00	 1.0000e+00	 0.0000e+00	 1.3645e-04	 1.3645e-04
 1.0750e+00	 0.0000e+00	-5.0661e-05	 0.0000e+00	 5.0661e-05
 1.0722e+00	 7.7045e-02	-5.0505e-05	 8.7506e-06	 5.1257e-05
 1.0637e+00	 1.5579e-01	-4.9817e-05	 1.7688e-05	 5.2864e-05
 1.0489e+00	 2.3562e-01	-4.8644e-05	 2.6835e-05	 5.5554e-05
 1.0276e+00	 3.1585e-01	-4.7028e-05	 3.6190e-05	 5.9341e-05
 9.9952e-01	 3.9570e-01	-4.5017e-05	 4.5695e-05	 6.4144e-05
 9.6468e-01	 4.7436e-01	-4.2644e-05	 5.5209e-05	 6.9760e-05
 9.2306e-01	 5.5098e-01	-3.9918e-05	 6.4586e-05	 7.5927e-05
 8.7486e-01	 6.2469e-01	-3.6874e-05	 7.3727e-05	 8.2434e-05
 8.2040e-01	 6.9467e-01	-3.3581e-05	 8.2609e-05	 8.9173e-05
 7.6014e-01	 7.6014e-01	-3.0153e-05	 9.1264e-05	 9.6116e-05
 6.9467e-01	 8.2040e-01	-2.6713e-05	 9.9660e-05	 1.0318e-04
 6.2469e-01	 8.7486e-01	-2.3322e-05	 1.0752e-04	 1.1002e-04
 5.5098e-01	 9.2306e-01	-2.0016e-05	 1.1455e-04	 1.1629e-04
 4.7436e-01	 9.6468e-01	-1.6818e-05	 1.2059e-04	 1.2176e-04
 3.9570e-01	 9.9952e-01	-1.3732e-05	 1.2563e-04	 1.2638e-04
 3.1585e-01	 1.0276e+00	-1.0755e-05	 1.2978e-04	 1.3022e-04
 2.3562e-01	 1.0489e+00	-7.8916e-06	 1.3307e-04	 1.3330e-04
 1.5579e-01	 1.0637e+00	-5.1448e-06	 1.3548e-04	 1.3558e-04
 7.7045e-02	 1.0722e+00	-2.5148e-06	 1.3694e-04	 1.3696e-04
 0.0000e+00	 1.0750e+00	 0.0000e+00	 1.3735e-04	 1.3735e-04
 1.1500e+00	 0.0000e+00	-5.3328e-05	 0.0000e+00	 5.3328e-05
 1.1470e+00	 8.2420e-02	-5.3152e-05	 7.9331e-06	 5.3741e-05
 1.1379e+00	 1.6666e-01	-5.2271e-05	 1.6058e-05	 5.4682e-05
 1.1220e+00	 2.5206e-01	-5.0740e-05	 2.4435e-05	 5.6318e-05
 1.0992e+00	 3.3788e-01	-4.8630e-05	 3.3118e-05	 5.8837e-05
 1.0693e+00	 4.2331e-01	-4.6026e-05	 4.2113e-05	 6.2385e-05
 1.0320e+00	 5.0746e-01	-4.2987e-05	 5.1310e-05	 6.6937e-05
 9.8746e-01	 5.8942e-01	-3.9564e-05	 6.0547e-05	 7.2327e-05
 9.3590e-01	 6.6827e-01	-3.5834e-05	 6.9702e-05	 7.8373e-05
 8.7764e-01	 7.4314e-01	-3.1919e-05	 7.8739e-05	 8.4963e-05
 8.1317e-01	 8.1317e-01	-2.7981e-05	 8.7677e-05	 9.2034e-05
 7.4314e-01	 8.7764e-01	-2.4152e-05	 9.6441e-05	 9.9419e-05
 6.6827e-01	 9.3590e-01	-2.0505e-05	 1.0479e-04	 1.0677e-04
 5.8942e-01	 9.8746e-01	-1.7092e-05	 1.1237e-04	 1.1366e-04
 5.0746e-01	 1.0320e+00	-1.3936e-05	 1.1898e-04	 1.1979e-04
 4.2331e-01	 1.0693e+00	-1.1039e-05	 1.2460e-04	 1.2509e-04
 3.3788e-01	 1.0992e+00	-8.3931e-06	 1.2931e-04	 1.2959e-04
 2.5206e-01	 1.1220e+00	-5.9867e-06	 1.3313e-04	 1.3326e-04
 1.6666e-01	 1.1379e+00	-3.8048e-06	 1.3591e-04	 1.3596e-04
 8.2420e-02	 1.1470e+00	-1.8192e-06	 1.3751e-04	 1.3753e-04
 0.0000e+00	 1.1500e+00	 0.0000e+00	 1.3780e-04	 1.3780e-04
 1.2250e+00	 0.0000e+00	-5.5438e-05	 0.0000e+00	 5.5438e-05
 1.2218e+00	 8.7795e-02	-5.5215e-05	 7.3483e-06	 5.5702e-05
 1.2121e+00	 1.7753e-01	-5.4189e-05	 1.4892e-05	 5.6198e-05
 1.1952e+00	 2.6850e-01	-5.2408e-05	 2.2709e-05	 5.7116e-05
 1.1709e+00	 3.5992e-01	-4.9939e-05	 3.0888e-05	 5.8719e-05
 1.1390e+00	 4.5092e-01	-4.6879e-05	 3.9488e-05	 6.1294e-05
 1.0993e+00	 5.4055e-01	-4.3323e-05	 4.8438e-05	 6.4985e-05
 1.0519e+00	 6.2786e-01	-3.9376e-05	 5.7585e-05	 6.9761e-05
 9.9694e-01	 7.1186e-01	-3.5153e-05	 6.6781e-05	 7.5468e-05
 9.3487e-01	 7.9160e-01	-3.0806e-05	 7.5966e-05	 8.1975e-05
 8.6621e-01	 8.6621e-01	-2.6501e-05	 8.5106e-05	 8.9137e-05
 7.9160e-01	 9.3487e-01	-2.2381e-05	 9.4109e-05	 9.6734e-05
 7.1186e-01	 9.9694e-01	-1.8530e-05	 1.0273e-04	 1.0439e-04
 6.2786e-01	 1.0519e+00	-1.5017e-05	 1.1068e-04	 1.1169e-04
 5.4055e-01	 1.0993e+00	-1.1873e-05	 1.1773e-04	 1.1833e-04
 4.5092e-01	 1.1390e+00	-9.1005e-06	 1.2387e-04	 1.2420e-04
 3.5992e-01	 1.1709e+00	-6.6943e-06	 1.2907e-04	 1.2924e-04
 2.6850e-01	 1.1952e+00	-4.6338e-06	 1.3328e-04	 1.3336e-04
 1.7753e-01	 1.2121e+00	-2.8745e-06	 1.3632e-04	 1.3635e-04
 8.7795e-02	 1.2218e+00	-1.3512e-06	 1.3805e-04	 1.3806e-04
 0.0000e+00	 1.2250e+00	 0.0000e+00	 1.3834e-04	 1.3834e-04
 1.3000e+00	 0.0000e+00	-5.7093e-05	 0.0000e+00	 5.7093e-05
 1.2967e+00	 9.3170e-02	-5.6808e-05	 6.9688e-06	 5.7234e-05
 1.2863e+00	 1.8840e-01	-5.5685e-05	 1.4138e-05	 5.7452e-05
 1.2684e+00	 2.8494e-01	-5.3754e-05	 2.1589e-05	 5.7927e-05
 1.2426e+00	 3.8196e-01	-5.1069e-05	 2.9430e-05	 5.8942e-05
 1.2087e+00	 4.7852e-01	-4.7718e-05	 3.7750e-05	 6.0845e-05
 1.1666e+00	 5.7365e-01	-4.3795e-05	 4.6507e-05	 6.3882e-05
 1.1163e+00	 6.6630e-01	-3.9439e-05	 5.5593e-05	 6.8162e-05
 1.0580e+00	 7.5544e-01	-3.4846e-05	 6.4854e-05	 7.3623e-05
 9.9211e-01	 8.4007e-01	-3.0191e-05	 7.4172e-05	 8.0081e-05
 9.1924e-01	 9.1924e-01	-2.5622e-05	 8.3456e-05	 8.7301e-05
 8.4007e-01	 9.9211e-01	-2.1284e-05	 9.2624e-05	 9.5038e-05
 7.5544e-01	 1.0580e+00	-1.7258e-05	 1.0145e-04	 1.0290e-04
 6.6630e-01	 1.1163e+00	-1.3636e-05	 1.0968e-04	 1.1053e-04
 5.7365e-01	 1.1666e+00	-1.0470e-05	 1.1714e-04	 1.1761e-04
 4.7852e-01	 1.2087e+00	-7.7777e-06	 1.2367e-04	 1.2391e-04
 3.8196e-01	 1.2426e+00	-5.5445e-06	 1.2918e-04	 1.2930e-04
 2.8494e-01	 1.2684e+00	-3.7368e-06	 1.3359e-04	 1.3365e-04
 1.8840e-01	 1.2863e+00	-2.2800e-06	 1.3677e-04	 1.3679e-04
 9.3170e-02	 1.2967e+00	-1.0685e-06	 1.3858e-04	 1.3858e-04
 0.0000e+00	 1.3000e+00	 0.0000e+00	 1.3894e-04	 1.3894e-04
 1.3750e+00	 0.0000e+00	-5.8389e-05	 0.0000e+00	 5.8389e-05
 1.3715e+00	 9.8545e-02	-5.8038e-05	 6.7573e-06	 5.8430e-05
 1.3605e+00	 1.9926e-01	-5.6856e-05	 1.3722e-05	 5.8489e-05
 1.3416e+00	 3.0138e-01	-5.4848e-05	 2.0966e-05	 5.8718e-05
 1.3143e+00	 4.0399e-01	-5.2052e-05	 2.8604e-05	 5.9393e-05
 1.2785e+00	 5.0613e-01	-4.8537e-05	 3.6733e-05	 6.0870e-05
 1.2339e+00	 6.0674e-01	-4.4391e-05	 4.5347e-05	 6.3458e-05
 1.1807e+00	 7.0474e-01	-3.9765e-05	 5.4385e-05	 6.7371e-05
 1.1190e+00	 7.9902e-01	-3.4883e-05	 6.3725e-05	 7.2648e-05
 1.0493e+00	 8.8853e-01	-2.9992e-05	 7.3164e-05	 7.9073e-05
 9.7227e-01	 9.7227e-01	-2.5233e-05	 8.2563e-05	 8.6333e-05
 8.8853e-01	 1.0493e+00	-2.0722e-05	 9.1858e-05	 9.4166e-05
 7.9902e-01	 1.1190e+00	-1.6537e-05	 1.0086e-04	 1.0221e-04
 7.0474e-01	 1.1807e+00	-1.2798e-05	 1.0938e-04	 1.1012e-04
 6.0674e-01	 1.2339e+00	-9.6069e-06	 1.1711e-04	 1.1751e-04
 5.0613e-01	 1.2785e+00	-6.9661e-06	 1.2387e-04	 1.2407e-04
 4.0399e-01	 1.3143e+00	-4.8464e-06	 1.2954e-04	 1.2963e-04
 3.0138e-01	 1.3416e+00	-3.2065e-06	 1.3403e-04	 1.3407e-04
 1.9926e-01	 1.3605e+00	-1.9486e-06	 1.3724e-04	 1.3725e-04
 9.8545e-02	 1.3715e+00	-9.2675e-07	 1.3909e-04	 1.3909e-04
 0.0000e+00	 1.3750e+00	 0.0000e+00	 1.3957e-04	 1.3957e-04
 1.4500e+00	 0.0000e+00	-5.9420e-05	 0.0000e+00	 5.9420e-05
 1.4463e+00	 1.0392e-01	-5.9011e-05	 6.6668e-06	 5.9386e-05
 1.4347e+00	 2.1013e-01	-5.7796e-05	 1.3552e-05	 5.9364e-05
 1.4147e+00	 3.1781e-01	-5.5755e-05	 2.0714e-05	 5.9479e-05
 1.3860e+00	 4.2603e-01	-5.2912e-05	 2.8255e-05	 5.9983e-05
 1.3482e+00	 5.3374e-01	-4.9318e-05	 3.6265e-05	 6.1216e-05
 1.3012e+00	 6.3984e-01	-4.5052e-05	 4.4773e-05	 6.3516e-05
 1.2451e+00	 7.4318e-01	-4.0260e-05	 5.3772e-05	 6.7173e-05
 1.1800e+00	 8.4261e-01	-3.5186e-05	 6.3166e-05	 7.2305e-05
 1.1066e+00	 9.3700e-01	-3.0115e-05	 7.2728e-05	 7.8717e-05
 1.0253e+00	 1.0253e+00	-2.5211e-05	 8.2242e-05	 8.6020e-05
 9.3700e-01	 1.1066e+00	-2.0551e-05	 9.1653e-05	 9.3929e-05
 8.4261e-01	 1.1800e+00	-1.6216e-05	 1.0083e-04	 1.0213e-04
 7.4318e-01	 1.2451e+00	-1.2390e-05	 1.0953e-04	 1.1023e-04
 6.3984e-01	 1.3012e+00	-9.1800e-06	 1.1744e-04	 1.1780e-04
 5.3374e-01	 1.3482e+00	-6.5678e-06	 1.2432e-04	 1.2450e-04
 4.2603e-01	 1.3860e+00	-4.5095e-06	 1.3007e-04	 1.3014e-04
 3.1781e-01	 1.4147e+00	-2.9593e-06	 1.3456e-04	 1.3459e-04
 2.1013e-01	 1.4347e+00	-1.8091e-06	 1.3774e-04	 1.3775e-04
 1.0392e-01	 1.4463e+00	-8.8023e-07	 1.3959e-04	 1.3959e-04
 0.0000e+00	 1.4500e+00	 0.0000e+00	 1.4020e-04	 1.4020e-04
 1.5250e+00	 0.0000e+00	-6.0282e-05	 0.0000e+00	 6.0282e-05
 1.5211e+00	 1.0930e-01	-5.9834e-05	 6.6431e-06	 6.0202e-05
 1.5089e+00	 2.2100e-01	-5.8598e-05	 1.3523e-05	 6.0138e-05
 1.4879e+00	 3.3425e-01	-5.6540e-05	 2.0690e-05	 6.0206e-05
 1.4577e+00	 4.4806e-01	-5.3676e-05	 2.8221e-05	 6.0643e-05
 1.4179e+00	 5.6134e-01	-5.0050e-05	 3.6181e-05	 6.1758e-05
 1.3685e+00	 6.7293e-01	-4.5727e-05	 4.4625e-05	 6.3894e-05
 1.3095e+00	 7.8162e-01	-4.0832e-05	 5.3598e-05	 6.7380e-05
 1.2411e+00	 8.8619e-01	-3.5641e-05	 6.3020e-05	 7.2400e-05
 1.1638e+00	 9.8546e-01	-3.0458e-05	 7.2673e-05	 7.8797e-05
 1.0783e+00	 1.0783e+00	-2.5436e-05	 8.2320e-05	 8.6160e-05
 9.8546e-01	 1.1638e+00	-2.0632e-05	 9.1851e-05	 9.4140e-05
 8.8619e-01	 1.2411e+00	-1.6190e-05	 1.0114e-04	 1.0243e-04
 7.8162e-01	 1.3095e+00	-1.2315e-05	 1.0995e-04	 1.1064e-04
 6.7293e-01	 1.3685e+00	-9.0930e-06	 1.1796e-04	 1.1831e-04
 5.6134e-01	 1.4179e+00	-6.4904e-06	 1.2491e-04	 1.2508e-04
 4.4806e-01	 1.4577e+00	-4.4484e-06	 1.3067e-04	 1.3075e-04
 3.3425e-01	 1.4879e+00	-2.9180e-06	 1.3514e-04	 1.3517e-04
 2.2100e-01	 1.5089e+00	-1.7937e-06	 1.3827e-04	 1.3828e-04
 1.0930e-01	 1.5211e+00	-8.8321e-07	 1.4011e-04	 1.4011e-04
 0.0000e+00	 1.5250e+00	 0.0000e+00	 1.4080e-04	 1.4080e-04
 1.6000e+00	 0.0000e+00	-6.1062e-05	 0.0000e+00	 6.1062e-05
 1.5959e+00	 1.1467e-01	-6.0599e-05	 6.6526e-06	 6.0963e-05
 1.5831e+00	 2.3187e-01	-5.9346e-05	 1.3558e-05	 6.0875e-05
 1.5611e+00	 3.5069e-01	-5.7263e-05	 2.0770e-05	 6.0913e-05
 1.5294e+00	 4.7010e-01	-5.4375e-05	 2.8352e-05	 6.1323e-05
 1.4877e+00	 5.8895e-01	-5.0734e-05	 3.6337e-05	 6.2404e-05
 1.4358e+00	 7.0603e-01	-4.6384e-05	 4.4775e-05	 6.4469e-05
 1.3739e+00	 8.2006e-01	-4.1424e-05	 5.3743e-05	 6.7855e-05
 1.3021e+00	 9.2977e-01	-3.6167e-05	 6.3178e-05	 7.2798e-05
 1.2211e+00	 1.0339e+00	-3.0923e-05	 7.2890e-05	 7.9178e-05
 1.1314e+00	 1.1314e+00	-2.5806e-05	 8.2660e-05	 8.6595e-05
 1.0339e+00	 1.2211e+00	-2.0885e-05	 9.2303e-05	 9.4637e-05
 9.2977e-01	 1.3021e+00	-1.6375e-05	 1.0166e-04	 1.0297e-04
 8.2006e-01	 1.3739e+00	-1.2480e-05	 1.1053e-04	 1.1123e-04
 7.0603e-01	 1.4358e+00	-9.2564e-06	 1.1859e-04	 1.1895e-04
 5.8895e-01	 1.4877e+00	-6.6468e-06	 1.2556e-04	 1.2573e-04
 4.7010e-01	 1.5294e+00	-4.5831e-06	 1.3131e-04	 1.3139e-04
 3.5069e-01	 1.5611e+00	-3.0158e-06	 1.3576e-04	 1.3579e-04
 2.3187e-01	 1.5831e+00	-1.8517e-06	 1.3887e-04	 1.3888e-04
 1.1467e-01	 1.5959e+00	-9.0660e-07	 1.4071e-04	 1.4071e-04
 0.0000e+00	 1.6000e+00	 0.0000e+00	 1.4144e-04	 1.4144e-04
 1.6750e+00	 0.0000e+00	-6.1845e-05	 0.0000e+00	 6.1845e-05
 1.6707e+00	 1.2005e-01	-6.1383e-05	 6.6872e-06	 6.1746e-05
 1.6573e+00	 2.4274e-01	-6.0111e-05	 1.3641e-05	 6.1639e-05
 1.6343e+00	 3.6713e-01	-5.7989e-05	 2.0920e-05	 6.1648e-05
 1.6011e+00	 4.9213e-01	-5.5057e-05	 2.8580e-05	 6.2033e-05
 1.5574e+00	 6.1656e-01	-5.1387e-05	 3.6635e-05	 6.3109e-05
 1.5031e+00	 7.3912e-01	-4.7019e-05	 4.5127e-05	 6.5171e-05
 1.4383e+00	 8.5850e-01	-4.2021e-05	 5.4121e-05	 6.8519e-05
 1.3632e+00	 9.7336e-01	-3.6729e-05	 6.3568e-05	 7.3416e-05
 1.2783e+00	 1.0824e+00	-3.1454e-05	 7.3325e-05	 7.9786e-05
 1.1844e+00	 1.1844e+00	-2.6266e-05	 8.3189e-05	 8.7237e-05
 1.0824e+00	 1.2783e+00	-2.1262e-05	 9.2926e-05	 9.5327e-05
 9.7336e-01	 1.3632e+00	-1.6708e-05	 1.0232e-04	 1.0367e-04
 8.5850e-01	 1.4383e+00	-1.2812e-05	 1.1121e-04	 1.1195e-04
 7.3912e-01	 1.5031e+00	-9.5910e-06	 1.1930e-04	 1.1968e-04
 6.1656e-01	 1.5574e+00	-6.9555e-06	 1.2626e-04	 1.2645e-04
 4.9213e-01	 1.6011e+00	-4.8413e-06	 1.3203e-04	 1.3211e-04
 3.6713e-01	 1.6343e+00	-3.2024e-06	 1.3652e-04	 1.3656e-04
 2.4274e-01	 1.6573e+00	-1.9546e-06	 1.3967e-04	 1.3968e-04
 1.2005e-01	 1.6707e+00	-9.3873e-07	 1.4153e-04	 1.4153e-04
 0.0000e+00	 1.6750e+00	 0.0000e+00	 1.4225e-04	 1.4225e-04
 1.7500e+00	 0.0000e+00	-6.2715e-05	 0.0000e+00	 6.2715e-05
 1.7455e+00	 1.2542e-01	-6.2265e-05	 6.7426e-06	 6.2629e-05
 1.7315e+00	 2.5361e-01	-6.0970e-05	 1.3763e-05	 6.2504e-05
 1.7074e+00	 3.8357e-01	-5.8795e-05	 2.1128e-05	 6.2476e-05
 1.6728e+00	 5.1417e-01	-5.5796e-05	 2.8887e-05	 6.2830e-05
 1.6271e+00	 6.4417e-01	-5.2074e-05	 3.7041e-05	 6.3904e-05
 1.5704e+00	 7.7222e-01	-4.7670e-05	 4.5627e-05	 6.5987e-05
 1.5027e+00	 8.9694e-01	-4.2649e-05	 5.4678e-05	 6.9345e-05
 1.4242e+00	 1.0169e+00	-3.7334e-05	 6.4149e-05	 7.4222e-05
 1.3355e+00	 1.1309e+00	-3.2034e-05	 7.3954e-05	 8.0594e-05
 1.2374e+00	 1.2374e+00	-2.6803e-05	 8.3892e-05	 8.8069e-05
 1.1309e+00	 1.3355e+00	-2.1735e-05	 9.3701e-05	 9.6189e-05
 1.0169e+00	 1.4242e+00	-1.7142e-05	 1.0314e-04	 1.0456e-04
 8.9694e-01	 1.5027e+00	-1.3254e-05	 1.1205e-04	 1.1283e-04
 7.7222e-01	 1.5704e+00	-1.0023e-05	 1.2014e-04	 1.2056e-04
 6.4417e-01	 1.6271e+00	-7.3354e-06	 1.2714e-04	 1.2735e-04
 5.1417e-01	 1.6728e+00	-5.1521e-06	 1.3297e-04	 1.3307e-04
 3.8357e-01	 1.7074e+00	-3.4273e-06	 1.3755e-04	 1.3759e-04
 2.5361e-01	 1.7315e+00	-2.0755e-06	 1.4079e-04	 1.4080e-04
 1.2542e-01	 1.7455e+00	-9.7088e-07	 1.4269e-04	 1.4270e-04
 0.0000e+00	 1.7500e+00	 0.0000e+00	 1.4340e-04	 1.4340e-04
 1.8250e+00	 0.0000e+00	-6.3710e-05	 0.0000e+00	 6.3710e-05
 1.8203e+00	 1.3080e-01	-6.3275e-05	 6.8178e-06	 6.3641e-05
 1.8057e+00	 2.6448e-01	-6.1962e-05	 1.3923e-05	 6.3507e-05
 1.7806e+00	 4.0001e-01	-5.9732e-05	 2.1387e-05	 6.3446e-05
 1.7445e+00	 5.3621e-01	-5.6652e-05	 2.9260e-05	 6.3762e-05
 1.6969e+00	 6.7177e-01	-5.2856e-05	 3.7536e-05	 6.4828e-05
 1.6377e+00	 8.0531e-01	-4.8401e-05	 4.6247e-05	 6.6944e-05
 1.5671e+00	 9.3538e-01	-4.3358e-05	 5.5387e-05	 7.0339e-05
 1.4852e+00	 1.0605e+00	-3.8013e-05	 6.4904e-05	 7.5216e-05
 1.3928e+00	 1.1793e+00	-3.2681e-05	 7.4770e-05	 8.1601e-05
 1.2905e+00	 1.2905e+00	-2.7414e-05	 8.4776e-05	 8.9099e-05
 1.1793e+00	 1.3928e+00	-2.2291e-05	 9.4657e-05	 9.7246e-05
 1.0605e+00	 1.4852e+00	-1.7654e-05	 1.0417e-04	 1.0566e-04
 9.3538e-01	 1.5671e+00	-1.3764e-05	 1.1312e-04	 1.1395e-04
 8.0531e-01	 1.6377e+00	-1.0487e-05	 1.2123e-04	 1.2169e-04
 6.7177e-01	 1.6969e+00	-7.7203e-06	 1.2830e-04	 1.2854e-04
 5.3621e-01	 1.7445e+00	-5.4576e-06	 1.3424e-04	 1.3435e-04
 4.0001e-01	 1.7806e+00	-3.6496e-06	 1.3894e-04	 1.3899e-04
 2.6448e-01	 1.8057e+00	-2.1962e-06	 1.4229e-04	 1.4230e-04
 1.3080e-01	 1.8203e+00	-1.0014e-06	 1.4425e-04	 1.4425e-04
 0.0000e+00	 1.8250e+00	 0.0000e+00	 1.4494e-04	 1.4494e-04
 1.9000e+00	 0.0000e+00	-6.4690e-05	 0.0000e+00	 6.4690e-05
 1.8951e+00	 1.3617e-01	-6.4268e-05	 6.9202e-06	 6.4639e-05
 1.8799e+00	 2.7535e-01	-6.2961e-05	 1.4135e-05	 6.4528e-05
 1.8538e+00	 4.1645e-01	-6.0709e-05	 2.1712e-05	 6.4474e-05
 1.8161e+00	 5.5824e-01	-5.7569e-05	 2.9706e-05	 6.4782e-05
 1.7666e+00	 6.9938e-01	-5.3705e-05	 3.8119e-05	 6.5859e-05
 1.7050e+00	 8.3841e-01	-4.9208e-05	 4.6979e-05	 6.8032e-05
 1.6315e+00	 9.7382e-01	-4.4153e-05	 5.6233e-05	 7.1496e-05
 1.5463e+00	 1.1041e+00	-3.8784e-05	 6.5835e-05	 7.6410e-05
 1.4500e+00	 1.2278e+00	-3.3415e-05	 7.5767e-05	 8.2809e-05
 1.3435e+00	 1.3435e+00	-2.8112e-05	 8.5840e-05	 9.0326e-05
 1.2278e+00	 1.4500e+00	-2.2941e-05	 9.5800e-05	 9.8508e-05
 1.1041e+00	 1.5463e+00	-1.8269e-05	 1.0540e-04	 1.0698e-04
 9.7382e-01	 1.6315e+00	-1.4341e-05	 1.1439e-04	 1.1529e-04
 8.3841e-01	 1.7050e+00	-1.0984e-05	 1.2255e-04	 1.2304e-04
 6.9938e-01	 1.7666e+00	-8.1098e-06	 1.2970e-04	 1.2995e-04
 5.5824e-01	 1.8161e+00	-5.7602e-06	 1.3574e-04	 1.3586e-04
 4.1645e-01	 1.8538e+00	-3.8779e-06	 1.4053e-04	 1.4058e-04
 2.7535e-01	 1.8799e+00	-2.3349e-06	 1.4393e-04	 1.4395e-04
 1.3617e-01	 1.8951e+00	-1.0495e-06	 1.4590e-04	 1.4591e-04
 0.0000e+00	 1.9000e+00	 0.0000e+00	 1.4658e-04	 1.4658e-04
 1.9750e+00	 0.0000e+00	-6.5590e-05	 0.0000e+00	 6.5590e-05
 1.9699e+00	 1.4155e-01	-6.5170e-05	 7.0518e-06	 6.5551e-05
 1.9542e+00	 2.8622e-01	-6.3878e-05	 1.4406e-05	 6.5482e-05
 1.9270e+00	 4.3289e-01	-6.1632e-05	 2.2115e-05	 6.5480e-05
 1.8878e+00	 5.8028e-01	-5.8478e-05	 3.0232e-05	 6.5831e-05
 1.8363e+00	 7.2699e-01	-5.4582e-05	 3.8788e-05	 6.6961e-05
 1.7723e+00	 8.7150e-01	-5.0070e-05	 4.7809e-05	 6.9229e-05
 1.6959e+00	 1.0123e+00	-4.5018e-05	 5.7203e-05	 7.2793e-05
 1.6073e+00	 1.1477e+00	-3.9639e-05	 6.6927e-05	 7.7785e-05
 1.5072e+00	 1.2763e+00	-3.4235e-05	 7.6934e-05	 8.4208e-05
 1.3965e+00	 1.3965e+00	-2.8894e-05	 8.7069e-05	 9.1738e-05
 1.2763e+00	 1.5072e+00	-2.3686e-05	 9.7122e-05	 9.9968e-05
 1.1477e+00	 1.6073e+00	-1.8981e-05	 1.0681e-04	 1.0848e-04
 1.0123e+00	 1.6959e+00	-1.4983e-05	 1.1583e-04	 1.1680e-04
 8.7150e-01	 1.7723e+00	-1.1520e-05	 1.2401e-04	 1.2455e-04
 7.2699e-01	 1.8363e+00	-8.5161e-06	 1.3122e-04	 1.3150e-04
 5.8028e-01	 1.8878e+00	-6.0746e-06	 1.3732e-04	 1.3746e-04
 4.3289e-01	 1.9270e+00	-4.1272e-06	 1.4214e-04	 1.4220e-04
 2.8622e-01	 1.9542e+00	-2.5051e-06	 1.4555e-04	 1.4557e-04
 1.4155e-01	 1.9699e+00	-1.1246e-06	 1.4752e-04	 1.4752e-04
 0.0000e+00	 1.9750e+00	 0.0000e+00	 1.4817e-04	 1.4817e-04
 2.0500e+00	 0.0000e+00	-6.6429e-05	 0.0000e+00	 6.6429e-05
 2.0447e+00	 1.4692e-01	-6.6005e-05	 7.2078e-06	 6.6398e-05
 2.0284e+00	 2.9708e-01	-6.4734e-05	 1.4725e-05	 6.6387e-05
 2.0002e+00	 4.4932e-01	-6.2509e-05	 2.2583e-05	 6.6463e-05
 1.9595e+00	 6.0231e-01	-5.9361e-05	 3.0831e-05	 6.6890e-05
 1.9061e+00	 7.5459e-01	-5.5460e-05	 3.9531e-05	 6.8107e-05
 1.8396e+00	 9.0460e-01	-5.0962e-05	 4.8717e-05	 7.0501e-05
 1.7603e+00	 1.0507e+00	-4.5932e-05	 5.8270e-05	 7.4196e-05
 1.6683e+00	 1.1913e+00	-4.0549e-05	 6.8144e-05	 7.9296e-05
 1.5645e+00	 1.3247e+00	-3.5114e-05	 7.8240e-05	 8.5758e-05
 1.4496e+00	 1.4496e+00	-2.9735e-05	 8.8438e-05	 9.3303e-05
 1.3247e+00	 1.5645e+00	-2.4495e-05	 9.8594e-05	 1.0159e-04
 1.1913e+00	 1.6683e+00	-1.9753e-05	 1.0835e-04	 1.1013e-04
 1.0507e+00	 1.7603e+00	-1.5676e-05	 1.1739e-04	 1.1843e-04
 9.0460e-01	 1.8396e+00	-1.2089e-05	 1.2558e-04	 1.2616e-04
 7.5459e-01	 1.9061e+00	-8.9457e-06	 1.3282e-04	 1.3312e-04
 6.0231e-01	 1.9595e+00	-6.4088e-06	 1.3895e-04	 1.3910e-04
 4.4932e-01	 2.0002e+00	-4.3982e-06	 1.4377e-04	 1.4384e-04
 2.9708e-01	 2.0284e+00	-2.7017e-06	 1.4716e-04	 1.4718e-04
 1.4692e-01	 2.0447e+00	-1.2229e-06	 1.4910e-04	 1.4911e-04
 0.0000e+00	 2.0500e+00	 0.0000e+00	 1.4973e-04	 1.4973e-04
 2.1250e+00	 0.0000e+00	-6.7226e-05	 0.0000e+00	 6.7226e-05
 2.1195e+00	 1.5230e-01	-6.6797e-05	 7.3823e-06	 6.7204e-05
 2.1026e+00	 3.0795e-01	-6.5550e-05	 1.5079e-05	 6.7262e-05
 2.0733e+00	 4.6576e-01	-6.3359e-05	 2.3098e-05	 6.7438e-05
 2.0312e+00	 6.2435e-01	-6.0235e-05	 3.1486e-05	 6.7968e-05
 1.9758e+00	 7.8220e-01	-5.6340e-05	 4.0333e-05	 6.9289e-05
 1.9069e+00	 9.3769e-01	-5.1855e-05	 4.9675e-05	 7.1809e-05
 1.8247e+00	 1.0891e+00	-4.6860e-05	 5.9402e-05	 7.5660e-05
 1.7294e+00	 1.2349e+00	-4.1480e-05	 6.9442e-05	 8.0887e-05
 1.6217e+00	 1.3732e+00	-3.6015e-05	 7.9634e-05	 8.7400e-05
 1.5026e+00	 1.5026e+00	-3.0596e-05	 8.9903e-05	 9.4967e-05
 1.3732e+00	 1.6217e+00	-2.5325e-05	 1.0016e-04	 1.0331e-04
 1.2349e+00	 1.7294e+00	-2.0550e-05	 1.0997e-04	 1.1187e-04
 1.0891e+00	 1.8247e+00	-1.6396e-05	 1.1901e-04	 1.2013e-04
 9.3769e-01	 1.9069e+00	-1.2678e-05	 1.2719e-04	 1.2782e-04
 7.8220e-01	 1.9758e+00	-9.4021e-06	 1.3447e-04	 1.3480e-04
 6.2435e-01	 2.0312e+00	-6.7671e-06	 1.4063e-04	 1.4079e-04
 4.6576e-01	 2.0733e+00	-4.6902e-06	 1.4543e-04	 1.4551e-04
 3.0795e-01	 2.1026e+00	-2.9190e-06	 1.4877e-04	 1.4880e-04
 1.5230e-01	 2.1195e+00	-1.3392e-06	 1.5069e-04	 1.5069e-04
 0.0000e+00	 2.1250e+00	 0.0000e+00	 1.5130e-04	 1.5130e-04
 2.2000e+00	 0.0000e+00	-6.8002e-05	 0.0000e+00	 6.8002e-05
 2.1943e+00	 1.5767e-01	-6.7571e-05	 7.5688e-06	 6.7994e-05
 2.1768e+00	 3.1882e-01	-6.6346e-05	 1.5454e-05	 6.8122e-05
 2.1465e+00	 4.8220e-01	-6.4196e-05	 2.3644e-05	 6.8412e-05
 2.1029e+00	 6.4639e-01	-6.1113e-05	 3.2183e-05	 6.9069e-05
 2.0455e+00	 8.0981e-01	-5.7231e-05	 4.1184e-05	 7.0509e-05
 1.9742e+00	 9.7079e-01	-5.2745e-05	 5.0671e-05	 7.3141e-05
 1.8891e+00	 1.1276e+00	-4.7768e-05	 6.0562e-05	 7.7133e-05
 1.7904e+00	 1.2784e+00	-4.2402e-05	 7.0779e-05	 8.2508e-05
 1.6790e+00	 1.4217e+00	-3.6913e-05	 8.1071e-05	 8.9079e-05
 1.5556e+00	 1.5556e+00	-3.1450e-05	 9.1405e-05	 9.6664e-05
 1.4217e+00	 1.6790e+00	-2.6152e-05	 1.0178e-04	 1.0508e-04
 1.2784e+00	 1.7904e+00	-2.1349e-05	 1.1162e-04	 1.1364e-04
 1.1276e+00	 1.8891e+00	-1.7121e-05	 1.2062e-04	 1.2183e-04
 9.7079e-01	 1.9742e+00	-1.3282e-05	 1.2884e-04	 1.2952e-04
 8.0981e-01	 2.0455e+00	-9.8897e-06	 1.3618e-04	 1.3654e-04
 6.4639e-01	 2.1029e+00	-7.1570e-06	 1.4236e-04	 1.4254e-04
 4.8220e-01	 2.1465e+00	-5.0053e-06	 1.4712e-04	 1.4720e-04
 3.1882e-01	 2.1768e+00	-3.1518e-06	 1.5040e-04	 1.5044e-04
 1.5767e-01	 2.1943e+00	-1.4676e-06	 1.5229e-04	 1.5230e-04
 0.0000e+00	 2.2000e+00	 0.0000e+00	 1.5289e-04	 1.5289e-04
 2.2750e+00	 0.0000e+00	-6.8780e-05	 0.0000e+00	 6.8780e-05
 2.2691e+00	 1.6305e-01	-6.8350e-05	 7.7607e-06	 6.8790e-05
 2.2510e+00	 3.2969e-01	-6.7136e-05	 1.5835e-05	 6.8978e-05
 2.2197e+00	 4.9864e-01	-6.5028e-05	 2.4207e-05	 6.9388e-05
 2.1746e+00	 6.6842e-01	-6.1998e-05	 3.2916e-05	 7.0194e-05
 2.1153e+00	 8.3742e-01	-5.8140e-05	 4.2080e-05	 7.1771e-05
 2.0415e+00	 1.0039e+00	-5.3644e-05	 5.1707e-05	 7.4506e-05
 1.9535e+00	 1.1660e+00	-4.8653e-05	 6.1733e-05	 7.8601e-05
 1.8515e+00	 1.3220e+00	-4.3304e-05	 7.2120e-05	 8.4122e-05
 1.7362e+00	 1.4701e+00	-3.7804e-05	 8.2519e-05	 9.0766e-05
 1.6087e+00	 1.6087e+00	-3.2298e-05	 9.2908e-05	 9.8362e-05
 1.4701e+00	 1.7362e+00	-2.6976e-05	 1.0340e-04	 1.0686e-04
 1.3220e+00	 1.8515e+00	-2.2145e-05	 1.1325e-04	 1.1540e-04
 1.1660e+00	 1.9535e+00	-1.7846e-05	 1.2223e-04	 1.2352e-04
 1.0039e+00	 2.0415e+00	-1.3906e-05	 1.3054e-04	 1.3128e-04
 8.3742e-01	 2.1153e+00	-1.0415e-05	 1.3796e-04	 1.3835e-04
 6.6842e-01	 2.1746e+00	-7.5884e-06	 1.4413e-04	 1.4433e-04
 4.9864e-01	 2.2197e+00	-5.3479e-06	 1.4881e-04	 1.4891e-04
 3.2969e-01	 2.2510e+00	-3.3958e-06	 1.5204e-04	 1.5208e-04
 1.6305e-01	 2.2691e+00	-1.6018e-06	 1.5393e-04	 1.5394e-04
 0.0000e+00	 2.2750e+00	 0.0000e+00	 1.5454e-04	 1.5454e-04
 2.3500e+00	 0.0000e+00	-6.9604e-05	 0.0000e+00	 6.9604e-05
 2.3440e+00	 1.6842e-01	-6.9179e-05	 7.9568e-06	 6.9635e-05
 2.3252e+00	 3.4056e-01	-6.7955e-05	 1.6218e-05	 6.9863e-05
 2.2929e+00	 5.1508e-01	-6.5867e-05	 2.4780e-05	 7.0374e-05
 2.2463e+00	 6.9046e-01	-6.2894e-05	 3.3680e-05	 7.1344e-05
 2.1850e+00	 8.6502e-01	-5.9078e-05	 4.3027e-05	 7.3086e-05
 2.1088e+00	 1.0370e+00	-5.4572e-05	 5.2796e-05	 7.5931e-05
 2.0179e+00	 1.2045e+00	-4.9550e-05	 6.2936e-05	 8.0101e-05
 1.9125e+00	 1.3656e+00	-4.4198e-05	 7.3464e-05	 8.5735e-05
 1.7934e+00	 1.5186e+00	-3.8703e-05	 8.3979e-05	 9.2468e-05
 1.6617e+00	 1.6617e+00	-3.3166e-05	 9.4434e-05	 1.0009e-04
 1.5186e+00	 1.7934e+00	-2.7815e-05	 1.0503e-04	 1.0865e-04
 1.3656e+00	 1.9125e+00	-2.2956e-05	 1.1487e-04	 1.1714e-04
 1.2045e+00	 2.0179e+00	-1.8585e-05	 1.2389e-04	 1.2528e-04
 1.0370e+00	 2.1088e+00	-1.4556e-05	 1.3234e-04	 1.3314e-04
 8.6502e-01	 2.1850e+00	-1.0985e-05	 1.3982e-04	 1.4025e-04
 6.9046e-01	 2.2463e+00	-8.0736e-06	 1.4592e-04	 1.4614e-04
 5.1508e-01	 2.2929e+00	-5.7243e-06	 1.5052e-04	 1.5063e-04
 3.4056e-01	 2.3252e+00	-3.6496e-06	 1.5375e-04	 1.5379e-04
 1.6842e-01	 2.3440e+00	-1.7390e-06	 1.5568e-04	 1.5569e-04
 0.0000e+00	 2.3500e+00	 0.0000e+00	 1.5633e-04	 1.5633e-04
 2.4250e+00	 0.0000e+00	-7.0535e-05	 0.0000e+00	 7.0535e-05
 2.4188e+00	 1.7380e-01	-7.0115e-05	 8.1614e-06	 7.0588e-05
 2.3994e+00	 3.5143e-01	-6.8866e-05	 1.6615e-05	 7.0842e-05
 2.3660e+00	 5.3152e-01	-6.6772e-05	 2.5382e-05	 7.1434e-05
 2.3180e+00	 7.1249e-01	-6.3830e-05	 3.4492e-05	 7.2553e-05
 2.2547e+00	 8.9263e-01	-6.0059e-05	 4.4039e-05	 7.4476e-05
 2.1761e+00	 1.0701e+00	-5.5562e-05	 5.3972e-05	 7.7461e-05
 2.0823e+00	 1.2429e+00	-5.0506e-05	 6.4222e-05	 8.1703e-05
 1.9735e+00	 1.4092e+00	-4.5134e-05	 7.4876e-05	 8.7427e-05
 1.8507e+00	 1.5671e+00	-3.9644e-05	 8.5514e-05	 9.4257e-05
 1.7147e+00	 1.7147e+00	-3.4086e-05	 9.6062e-05	 1.0193e-04
 1.5671e+00	 1.8507e+00	-2.8704e-05	 1.0673e-04	 1.1052e-04
 1.4092e+00	 1.9735e+00	-2.3809e-05	 1.1659e-04	 1.1900e-04
 1.2429e+00	 2.0823e+00	-1.9358e-05	 1.2572e-04	 1.2720e-04
 1.0701e+00	 2.1761e+00	-1.5244e-05	 1.3432e-04	 1.3519e-04
 8.9263e-01	 2.2547e+00	-1.1611e-05	 1.4179e-04	 1.4227e-04
 7.1249e-01	 2.3180e+00	-8.6178e-06	 1.4781e-04	 1.4806e-04
 5.3152e-01	 2.3660e+00	-6.1350e-06	 1.5239e-04	 1.5251e-04
 3.5143e-01	 2.3994e+00	-3.9145e-06	 1.5567e-04	 1.5571e-04
 1.7380e-01	 2.4188e+00	-1.8789e-06	 1.5767e-04	 1.5768e-04
 0.0000e+00	 2.4250e+00	 0.0000e+00	 1.5836e-04	 1.5836e-04
 2.5000e+00	 0.0000e+00	-7.1631e-05	 0.0000e+00	 7.1631e-05
 2.4936e+00	 1.7917e-01	-7.1217e-05	 8.3804e-06	 7.1708e-05
 2.4736e+00	 3.6230e-01	-6.9935e-05	 1.7046e-05	 7.1983e-05
 2.4392e+00	 5.4796e-01	-6.7820e-05	 2.6041e-05	 7.2648e-05
 2.3897e+00	 7.3453e-01	-6.4883e-05	 3.5385e-05	 7.3904e-05
 2.3245e+00	 9.2024e-01	-6.1136e-05	 4.5154e-05	 7.6003e-05
 2.2434e+00	 1.1032e+00	-5.6656e-05	 5.5285e-05	 7.9160e-05
 2.1467e+00	 1.2813e+00	-5.1576e-05	 6.5672e-05	 8.3504e-05
 2.0346e+00	 1.4528e+00	-4.6172e-05	 7.6468e-05	 8.9327e-05
 1.9079e+00	 1.6155e+00	-4.0671e-05	 8.7255e-05	 9.6268e-05
 1.7678e+00	 1.7678e+00	-3.5097e-05	 9.7930e-05	 1.0403e-04
 1.6155e+00	 1.9079e+00	-2.9680e-05	 1.0866e-04	 1.1264e-04
 1.4528e+00	 2.0346e+00	-2.4730e-05	 1.1859e-04	 1.2114e-04
 1.2813e+00	 2.1467e+00	-2.0185e-05	 1.2786e-04	 1.2944e-04
 1.1032e+00	 2.2434e+00	-1.5983e-05	 1.3659e-04	 1.3752e-04
 9.2024e-01	 2.3245e+00	-1.2293e-05	 1.4401e-04	 1.4454e-04
 7.3453e-01	 2.3897e+00	-9.2125e-06	 1.4998e-04	 1.5027e-04
 5.4796e-01	 2.4392e+00	-6.5765e-06	 1.5460e-04	 1.5474e-04
 3.6230e-01	 2.4736e+00	-4.1911e-06	 1.5795e-04	 1.5800e-04
 1.7917e-01	 2.4936e+00	-2.0211e-06	 1.6002e-04	 1.6003e-04
 0.0000e+00	 2.5000e+00	 0.0000e+00	 1.6072e-04	 1.6072e-04
-5.4767e-05	 1.3718e-04	 5.6897e-07	 1.1163e+00	 3.1533e+01	 4.5080e-02
-5.5807e-05	 1.3444e-04	-2.4411e-05	 5.0154e-01	 3.0648e+01	-1.9341e+00
-5.3043e-05	 1.2870e-04	-4.9113e-05	 5.8668e-01	 2.9386e+01	-3.8913e+00
-4.6990e-05	 1.1999e-04	-7.1371e-05	 1.2299e+00	 2.7690e+01	-5.6548e+00
-3.8409e-05	 1.0832e-04	-8.9138e-05	 2.2228e+00	 2.5475e+01	-7.0624e+00
-2.8289e-05	 9.3724e-05	-1.0064e-04	 3.2941e+00	 2.2628e+01	-7.9741e+00
-1.7793e-05	 7.7051e-05	-1.0449e-04	 4.2229e+00	 1.9252e+01	-8.2788e+00
-8.1001e-06	 6.0120e-05	-1.0071e-04	 4.8989e+00	 1.5709e+01	-7.9796e+00
-2.5085e-07	 4.4413e-05	-9.0746e-05	 5.2088e+00	 1.2286e+01	-7.1899e+00
 4.9508e-06	 3.1333e-05	-7.6673e-05	 5.0967e+00	 9.2773e+00	-6.0748e+00
 7.0838e-06	 2.1766e-05	-6.0480e-05	 4.5512e+00	 6.8777e+00	-4.7919e+00
-4.0178e-05	 1.1399e-04	-1.6688e-06	 2.4059e+00	 2.6836e+01	-1.3222e-01
-4.0511e-05	 1.1187e-04	-1.7937e-05	 2.0614e+00	 2.6208e+01	-1.4212e+00
-3.8761e-05	 1.0786e-04	-3.4735e-05	 2.0700e+00	 2.5304e+01	-2.7521e+00
-3.5134e-05	 1.0195e-04	-5.0571e-05	 2.3734e+00	 2.4096e+01	-4.0068e+00
-3.0041e-05	 9.4048e-05	-6.3917e-05	 2.8465e+00	 2.2510e+01	-5.0642e+00
-2.4068e-05	 8.3941e-05	-7.3225e-05	 3.3019e+00	 2.0417e+01	-5.8016e+00
-1.7927e-05	 7.2037e-05	-7.7048e-05	 3.5899e+00	 1.7846e+01	-6.1046e+00
-1.2336e-05	 5.9405e-05	-7.5653e-05	 3.6392e+00	 1.5007e+01	-5.9940e+00
-7.8634e-06	 4.7342e-05	-7.0346e-05	 3.4458e+00	 1.2194e+01	-5.5735e+00
-4.8557e-06	 3.7092e-05	-6.2938e-05	 3.0617e+00	 9.7088e+00	-4.9866e+00
-3.4055e-06	 2.9257e-05	-5.5175e-05	 2.5327e+00	 7.7085e+00	-4.3716e+00
-3.1584e-05	 9.6594e-05	-2.4107e-06	 2.7213e+00	 2.3033e+01	-1.9100e-01
-3.1484e-05	 9.4967e-05	-1.1966e-05	 2.5558e+00	 2.2593e+01	-9.4810e-01
-3.0562e-05	 9.2295e-05	-2.2441e-05	 2.4937e+00	 2.1962e+01	-1.7780e+00
-2.8653e-05	 8.8606e-05	-3.3088e-05	 2.5849e+00	 2.1166e+01	-2.6216e+00
-2.5752e-05	 8.3842e-05	-4.3055e-05	 2.8231e+00	 2.0190e+01	-3.4113e+00
-2.2405e-05	 7.7610e-05	-5.0820e-05	 3.0106e+00	 1.8859e+01	-4.0265e+00
-1.9125e-05	 6.9570e-05	-5.4877e-05	 2.9645e+00	 1.7019e+01	-4.3479e+00
-1.6323e-05	 6.0438e-05	-5.5423e-05	 2.6562e+00	 1.4820e+01	-4.3912e+00
-1.4218e-05	 5.1374e-05	-5.3629e-05	 2.1628e+00	 1.2557e+01	-4.2491e+00
-1.2794e-05	 4.3603e-05	-5.1148e-05	 1.6341e+00	 1.0571e+01	-4.0525e+00
-1.1853e-05	 3.6931e-05	-4.8800e-05	 1.1021e+00	 8.8324e+00	-3.8664e+00
-2.4891e-05	 8.3957e-05	-2.2333e-06	 3.0757e+00	 2.0324e+01	-1.7694e-01
-2.4582e-05	 8.2771e-05	-6.9747e-06	 3.0201e+00	 2.0031e+01	-5.5261e-01
-2.4551e-05	 8.1120e-05	-1.2655e-05	 2.8326e+00	 1.9577e+01	-1.0027e+00
-2.4458e-05	 7.9091e-05	-1.9074e-05	 2.6172e+00	 1.9026e+01	-1.5113e+00
-2.4025e-05	 7.6742e-05	-2.5960e-05	 2.4581e+00	 1.8426e+01	-2.0568e+00
-2.3042e-05	 7.3458e-05	-3.2388e-05	 2.3405e+00	 1.7632e+01	-2.5661e+00
-2.1495e-05	 6.8483e-05	-3.7069e-05	 2.1783e+00	 1.6436e+01	-2.9370e+00
-2.0238e-05	 6.2213e-05	-3.9420e-05	 1.7816e+00	 1.4847e+01	-3.1232e+00
-1.9532e-05	 5.5639e-05	-4.0355e-05	 1.1961e+00	 1.3108e+01	-3.1973e+00
-1.9083e-05	 4.9667e-05	-4.1338e-05	 6.1085e-01	 1.1505e+01	-3.2752e+00
-1.8530e-05	 4.3717e-05	-4.2644e-05	 5.7194e-02	 9.9210e+00	-3.3787e+00
-1.9463e-05	 7.4960e-05	-1.5279e-06	 3.5114e+00	 1.8474e+01	-1.2106e-01
-1.9071e-05	 7.4171e-05	-3.0537e-06	 3.5264e+00	 1.8302e+01	-2.4194e-01
-1.9675e-05	 7.3270e-05	-5.3453e-06	 3.2516e+00	 1.7980e+01	-4.2351e-01
-2.0848e-05	 7.2399e-05	-8.6495e-06	 2.8230e+00	 1.7599e+01	-6.8531e-01
-2.2190e-05	 7.1751e-05	-1.3187e-05	 2.3737e+00	 1.7260e+01	-1.0448e+00
-2.3344e-05	 7.0386e-05	-1.8363e-05	 1.8916e+00	 1.6744e+01	-1.4549e+00
-2.4068e-05	 6.7673e-05	-2.3287e-05	 1.3683e+00	 1.5906e+01	-1.8451e+00
-2.4121e-05	 6.3775e-05	-2.7290e-05	 8.9051e-01	 1.4819e+01	-2.1622e+00
-2.3891e-05	 5.9284e-05	-3.0356e-05	 4.2042e-01	 1.3601e+01	-2.4052e+00
-2.3879e-05	 5.4325e-05	-3.3571e-05	-1.6539e-01	 1.2227e+01	-2.6598e+00
-2.3576e-05	 4.9044e-05	-3.7296e-05	-7.0930e-01	 1.0798e+01	-2.9550e+00
-1.5302e-05	 6.8628e-05	-6.2033e-07	 3.9128e+00	 1.7212e+01	-4.9149e-02
-1.4960e-05	 6.8190e-05	-2.0877e-07	 3.9556e+00	 1.7132e+01	-1.6541e-02
-1.5971e-05	 6.7808e-05	-2.6404e-07	 3.6297e+00	 1.6906e+01	-2.0920e-02
-1.7910e-05	 6.7668e-05	-1.3584e-06	 3.0755e+00	 1.6636e+01	-1.0763e-01
-2.0358e-05	 6.8011e-05	-4.0992e-06	 2.4376e+00	 1.6441e+01	-3.2478e-01
-2.2914e-05	 6.7801e-05	-8.2521e-06	 1.7036e+00	 1.6079e+01	-6.5382e-01
-2.5219e-05	 6.6628e-05	-1.3221e-05	 9.2506e-01	 1.5479e+01	-1.0475e+00
-2.6820e-05	 6.4507e-05	-1.8392e-05	 2.2915e-01	 1.4701e+01	-1.4572e+00
-2.7321e-05	 6.1529e-05	-2.3312e-05	-2.6386e-01	 1.3815e+01	-1.8470e+00
-2.7307e-05	 5.7373e-05	-2.7871e-05	-7.5394e-01	 1.2665e+01	-2.2083e+00
-2.7123e-05	 5.2719e-05	-3.2963e-05	-1.2561e+00	 1.1396e+01	-2.6116e+00
-1.2407e-05	 6.4106e-05	 2.0966e-07	 4.1782e+00	 1.6303e+01	 1.6611e-02
-1.2258e-05	 6.3963e-05	 1.5452e-06	 4.2025e+00	 1.6281e+01	 1.2242e-01
-1.3467e-05	 6.3935e-05	 2.7738e-06	 3.8640e+00	 1.6129e+01	 2.1977e-01
-1.5714e-05	 6.4212e-05	 3.1611e-06	 3.2737e+00	 1.5939e+01	 2.5046e-01
-1.8676e-05	 6.4994e-05	 1.8355e-06	 2.5453e+00	 1.5804e+01	 1.4543e-01
-2.2011e-05	 6.5413e-05	-1.3439e-06	 1.6702e+00	 1.5524e+01	-1.0648e-01
-2.5286e-05	 6.5260e-05	-6.0548e-06	 7.4383e-01	 1.5092e+01	-4.7973e-01
-2.7857e-05	 6.4432e-05	-1.1761e-05	-6.7447e-02	 1.4557e+01	-9.3187e-01
-2.9200e-05	 6.2391e-05	-1.8172e-05	-6.8245e-01	 1.3831e+01	-1.4398e+00
-2.9504e-05	 5.8942e-05	-2.4062e-05	-1.1767e+00	 1.2839e+01	-1.9064e+00
-2.9340e-05	 5.4865e-05	-2.9584e-05	-1.6156e+00	 1.1728e+01	-2.3440e+00
-1.0753e-05	 6.0646e-05	 7.2655e-07	 4.2255e+00	 1.5539e+01	 5.7565e-02
-1.0918e-05	 6.0727e-05	 2.2952e-06	 4.1895e+00	 1.5543e+01	 1.8185e-01
-1.2159e-05	 6.0973e-05	 4.0081e-06	 3.8745e+00	 1.5463e+01	 3.1757e-01
-1.4318e-05	 6.1519e-05	 5.2105e-06	 3.3408e+00	 1.5358e+01	 4.1283e-01
-1.7283e-05	 6.2437e-05	 5.0779e-06	 2.6277e+00	 1.5260e+01	 4.0233e-01
-2.0886e-05	 6.3157e-05	 2.9740e-06	 1.7142e+00	 1.5032e+01	 2.3563e-01
-2.4655e-05	 6.3658e-05	-1.0956e-06	 7.2851e-01	 1.4723e+01	-8.6808e-02
-2.7761e-05	 6.3703e-05	-6.7797e-06	-1.2759e-01	 1.4366e+01	-5.3716e-01
-2.9630e-05	 6.2284e-05	-1.4114e-05	-8.1442e-01	 1.3751e+01	-1.1183e+00
-3.0467e-05	 5.9410e-05	-2.1326e-05	-1.3882e+00	 1.2854e+01	-1.6897e+00
-3.0473e-05	 5.5840e-05	-2.6957e-05	-1.8141e+00	 1.1863e+01	-2.1358e+00
-1.0234e-05	 5.7827e-05	 8.8067e-07	 4.0345e+00	 1.4819e+01	 6.9776e-02
-1.0651e-05	 5.8054e-05	 2.6522e-06	 3.9459e+00	 1.4833e+01	 2.1013e-01
-1.1840e-05	 5.8513e-05	 4.6272e-06	 3.6707e+00	 1.4819e+01	 3.6662e-01
-1.3750e-05	 5.9290e-05	 6.1046e-06	 3.2334e+00	 1.4807e+01	 4.8367e-01
-1.6370e-05	 6.0285e-05	 6.4152e-06	 2.6251e+00	 1.4772e+01	 5.0828e-01
-1.9794e-05	 6.1133e-05	 5.2202e-06	 1.7765e+00	 1.4600e+01	 4.1360e-01
-2.3729e-05	 6.2026e-05	 2.1994e-06	 7.9129e-01	 1.4380e+01	 1.7426e-01
-2.7108e-05	 6.2563e-05	-3.1287e-06	-8.1968e-02	 1.4127e+01	-2.4789e-01
-2.9266e-05	 6.1605e-05	-1.0898e-05	-7.9399e-01	 1.3606e+01	-8.6344e-01
-3.0443e-05	 5.9239e-05	-1.8796e-05	-1.4018e+00	 1.2809e+01	-1.4892e+00
-3.0875e-05	 5.6119e-05	-2.4842e-05	-1.8923e+00	 1.1893e+01	-1.9682e+00
-1.0837e-05	 5.5492e-05	 7.7207e-07	 3.5900e+00	 1.4100e+01	 6.1171e-02
-1.1410e-05	 5.5808e-05	 2.8002e-06	 3.4684e+00	 1.4120e+01	 2.2186e-01
-1.2508e-05	 5.6435e-05	 5.0231e-06	 3.2385e+00	 1.4163e+01	 3.9799e-01
-1.4133e-05	 5.7422e-05	 6.7276e-06	 2.9051e+00	 1.4244e+01	 5.3303e-01
-1.6320e-05	 5.8512e-05	 7.2834e-06	 2.4283e+00	 1.4286e+01	 5.7707e-01
-1.9269e-05	 5.9475e-05	 6.4275e-06	 1.7249e+00	 1.4203e+01	 5.0926e-01
-2.2963e-05	 6.0604e-05	 4.2240e-06	 8.3482e-01	 1.4077e+01	 3.3467e-01
-2.6470e-05	 6.1288e-05	-5.9828e-07	-5.6448e-02	 1.3850e+01	-4.7402e-02
-2.8704e-05	 6.0687e-05	-8.3898e-06	-7.4757e-01	 1.3417e+01	-6.6473e-01
-3.0034e-05	 5.8841e-05	-1.6471e-05	-1.3355e+00	 1.2748e+01	-1.3050e+00
-3.0860e-05	 5.5971e-05	-2.2934e-05	-1.9058e+00	 1.1854e+01	-1.8171e+00
-1.2561e-05	 5.3533e-05	 5.2063e-07	 2.8790e+00	 1.3352e+01	 4.1250e-02
-1.3198e-05	 5.3906e-05	 2.8054e-06	 2.7467e+00	 1.3380e+01	 2.2227e-01
-1.4239e-05	 5.4663e-05	 5.2300e-06	 2.5480e+00	 1.3466e+01	 4.1438e-01
-1.5650e-05	 5.5837e-05	 7.0805e-06	 2.2963e+00	 1.3624e+01	 5.6099e-01
-1.7421e-05	 5.7028e-05	 7.7260e-06	 1.9465e+00	 1.3744e+01	 6.1214e-01
-1.9818e-05	 5.8122e-05	 7.0451e-06	 1.4118e+00	 1.3762e+01	 5.5819e-01
-2.3050e-05	 5.9442e-05	 5.3113e-06	 6.7246e-01	 1.3744e+01	 4.2082e-01
-2.6381e-05	 6.0089e-05	 9.5173e-07	-1.7435e-01	 1.3528e+01	 7.5406e-02
-2.8451e-05	 5.9784e-05	-6.4961e-06	-7.8471e-01	 1.3197e+01	-5.1469e-01
-2.9698e-05	 5.8527e-05	-1.4410e-05	-1.2798e+00	 1.2700e+01	-1.1417e+00
-3.0690e-05	 5.5846e-05	-2.1005e-05	-1.8737e+00	 1.1839e+01	-1.6642e+00
 7.0838e-06	 2.1766e-05	-6.0480e-05	 4.5512e+00	 6.8777e+00	-4.7919e+00
 6.1920e-06	 1.5388e-05	-4.2177e-05	 3.5459e+00	 5.0032e+00	-3.3417e+00
 2.5357e-06	 1.1390e-05	-2.2581e-05	 2.0568e+00	 3.4599e+00	-1.7891e+00
-3.3931e-06	 9.8668e-06	-4.0562e-06	 2.3169e-01	 2.3329e+00	-3.2137e-01
-1.0968e-05	 1.0876e-05	 1.0961e-05	-1.7488e+00	 1.7126e+00	 8.6842e-01
-1.9465e-05	 1.4153e-05	 2.0635e-05	-3.7159e+00	 1.6113e+00	 1.6349e+00
-2.8040e-05	 1.8868e-05	 2.4083e-05	-5.5333e+00	 1.8998e+00	 1.9081e+00
-3.5867e-05	 2.3358e-05	 2.1855e-05	-7.1702e+00	 2.2147e+00	 1.7316e+00
-4.2284e-05	 2.5886e-05	 1.5228e-05	-8.6491e+00	 2.1532e+00	 1.2065e+00
-4.6759e-05	 2.5004e-05	 5.8265e-06	-9.9951e+00	 1.3767e+00	 4.6164e-01
-4.8907e-05	 1.9628e-05	-4.5146e-06	-1.1230e+01	-3.6942e-01	-3.5769e-01
-3.4055e-06	 2.9257e-05	-5.5175e-05	 2.5327e+00	 7.7085e+00	-4.3716e+00
-3.6219e-06	 2.2569e-05	-4.6265e-05	 1.6778e+00	 5.8281e+00	-3.6656e+00
-5.4384e-06	 1.6454e-05	-3.4612e-05	 4.4734e-01	 3.9164e+00	-2.7424e+00
-8.6311e-06	 1.1522e-05	-2.2114e-05	-1.0241e+00	 2.1694e+00	-1.7521e+00
-1.2862e-05	 8.4663e-06	-1.0953e-05	-2.5604e+00	 8.1923e-01	-8.6784e-01
-1.7686e-05	 7.6026e-06	-2.8612e-06	-4.0009e+00	 6.3782e-03	-2.2670e-01
-2.2558e-05	 8.6094e-06	 1.4413e-06	-5.2323e+00	-2.9350e-01	 1.1420e-01
-2.6845e-05	 1.0252e-05	 2.9018e-06	-6.2258e+00	-3.4737e-01	 2.2991e-01
-3.0113e-05	 1.1111e-05	 2.6140e-06	-7.0302e+00	-4.9763e-01	 2.0711e-01
-3.2027e-05	 1.0155e-05	 1.8433e-06	-7.6744e+00	-9.9021e-01	 1.4605e-01
-3.2327e-05	 6.7474e-06	 1.9796e-06	-8.1626e+00	-1.9708e+00	 1.5685e-01
-1.1853e-05	 3.6931e-05	-4.8800e-05	 1.1021e+00	 8.8324e+00	-3.8664e+00
-1.1566e-05	 3.0190e-05	-4.5723e-05	 3.8065e-01	 6.9974e+00	-3.6226e+00
-1.2026e-05	 2.2949e-05	-4.0200e-05	-6.0749e-01	 4.9346e+00	-3.1850e+00
-1.3169e-05	 1.6186e-05	-3.2348e-05	-1.7282e+00	 2.9233e+00	-2.5630e+00
-1.4887e-05	 1.1173e-05	-2.4288e-05	-2.8005e+00	 1.3292e+00	-1.9244e+00
-1.6949e-05	 8.6427e-06	-1.7709e-05	-3.6730e+00	 3.8236e-01	-1.4031e+00
-1.9032e-05	 8.3827e-06	-1.3407e-05	-4.2815e+00	 6.2701e-02	-1.0623e+00
-2.0717e-05	 9.0913e-06	-1.0027e-05	-4.6645e+00	 5.8954e-02	-7.9442e-01
-2.1786e-05	 9.0177e-06	-6.4649e-06	-4.9698e+00	-8.8551e-02	-5.1222e-01
-2.2083e-05	 8.0771e-06	-1.7768e-06	-5.1639e+00	-3.8465e-01	-1.4078e-01
-2.1443e-05	 6.5476e-06	 5.0678e-06	-5.1682e+00	-7.3275e-01	 4.0153e-01
-1.8530e-05	 4.3717e-05	-4.2644e-05	 5.7194e-02	 9.9210e+00	-3.3787e+00
-1.7945e-05	 3.7259e-05	-4.3163e-05	-5.4811e-01	 8.1996e+00	-3.4199e+00
-1.7406e-05	 2.9959e-05	-4.1641e-05	-1.2664e+00	 6.2392e+00	-3.2992e+00
-1.6993e-05	 2.2981e-05	-3.7300e-05	-1.9812e+00	 4.3531e+00	-2.9553e+00
-1.6824e-05	 1.8188e-05	-3.1748e-05	-2.5039e+00	 3.0442e+00	-2.5154e+00
-1.6809e-05	 1.5869e-05	-2.6655e-05	-2.7752e+00	 2.4031e+00	-2.1119e+00
-1.6772e-05	 1.3855e-05	-2.2735e-05	-3.0046e+00	 1.8486e+00	-1.8013e+00
-1.6562e-05	 1.1678e-05	-1.8517e-05	-3.2048e+00	 1.2702e+00	-1.4671e+00
-1.6185e-05	 9.4848e-06	-1.2748e-05	-3.3611e+00	 7.0665e-01	-1.0101e+00
-1.5631e-05	 7.8886e-06	-4.9621e-06	-3.3970e+00	 3.2991e-01	-3.9315e-01
-1.4803e-05	 7.6514e-06	 5.4885e-06	-3.1957e+00	 3.6246e-01	 4.3486e-01
-2.3576e-05	 4.9044e-05	-3.7296e-05	-7.0930e-01	 1.0798e+01	-2.9550e+00
-2.2844e-05	 4.3128e-05	-4.0219e-05	-1.2093e+00	 9.2447e+00	-3.1866e+00
-2.1690e-05	 3.6603e-05	-4.0907e-05	-1.6646e+00	 7.5726e+00	-3.2411e+00
-2.0085e-05	 3.0926e-05	-3.9157e-05	-1.8944e+00	 6.1889e+00	-3.1025e+00
-1.8512e-05	 2.6254e-05	-3.5954e-05	-2.0133e+00	 5.0805e+00	-2.8486e+00
-1.6984e-05	 2.1858e-05	-3.2339e-05	-2.1122e+00	 4.0428e+00	-2.5622e+00
-1.5408e-05	 1.7632e-05	-2.8537e-05	-2.1774e+00	 3.0582e+00	-2.2610e+00
-1.3827e-05	 1.3421e-05	-2.3751e-05	-2.2392e+00	 2.0784e+00	-1.8818e+00
-1.2546e-05	 9.7708e-06	-1.6748e-05	-2.3178e+00	 1.2185e+00	-1.3269e+00
-1.1667e-05	 7.6966e-06	-7.5274e-06	-2.3207e+00	 7.4771e-01	-5.9640e-01
-1.1153e-05	 8.2988e-06	 4.1755e-06	-2.1064e+00	 9.7587e-01	 3.3083e-01
-2.7123e-05	 5.2719e-05	-3.2963e-05	-1.2561e+00	 1.1396e+01	-2.6116e+00
-2.6336e-05	 4.7524e-05	-3.7312e-05	-1.6552e+00	 1.0049e+01	-2.9563e+00
-2.4816e-05	 4.2281e-05	-3.9501e-05	-1.8568e+00	 8.7755e+00	-3.1297e+00
-2.2426e-05	 3.6901e-05	-3.9982e-05	-1.8333e+00	 7.5677e+00	-3.1678e+00
-1.9874e-05	 3.1066e-05	-3.8699e-05	-1.8191e+00	 6.2529e+00	-3.0662e+00
-1.7322e-05	 2.5340e-05	-3.6004e-05	-1.7919e+00	 4.9683e+00	-2.8526e+00
-1.4702e-05	 1.9811e-05	-3.2062e-05	-1.7224e+00	 3.7466e+00	-2.5403e+00
-1.2143e-05	 1.4447e-05	-2.6628e-05	-1.6505e+00	 2.5630e+00	-2.1097e+00
-1.0316e-05	 9.9617e-06	-1.8920e-05	-1.6767e+00	 1.5365e+00	-1.4991e+00
-9.4186e-06	 7.5700e-06	-9.3259e-06	-1.7122e+00	 9.7985e-01	-7.3890e-01
-9.4577e-06	 8.4891e-06	 2.0089e-06	-1.6138e+00	 1.2301e+00	 1.5917e-01
-2.9340e-05	 5.4865e-05	-2.9584e-05	-1.6156e+00	 1.1728e+01	-2.3440e+00
-2.8554e-05	 5.0483e-05	-3.4511e-05	-1.9186e+00	 1.0606e+01	-2.7344e+00
-2.6809e-05	 4.5627e-05	-3.8287e-05	-2.0116e+00	 9.4667e+00	-3.0335e+00
-2.4033e-05	 3.9800e-05	-4.0626e-05	-1.9345e+00	 8.1807e+00	-3.2188e+00
-2.0870e-05	 3.3347e-05	-4.0497e-05	-1.8242e+00	 6.7670e+00	-3.2086e+00
-1.7698e-05	 2.6887e-05	-3.8289e-05	-1.7124e+00	 5.3527e+00	-3.0337e+00
-1.4448e-05	 2.0693e-05	-3.4077e-05	-1.5472e+00	 4.0212e+00	-2.6999e+00
-1.1254e-05	 1.4872e-05	-2.7889e-05	-1.3533e+00	 2.7866e+00	-2.2096e+00
-9.0982e-06	 1.0125e-05	-1.9689e-05	-1.3197e+00	 1.7264e+00	-1.5600e+00
-8.2853e-06	 7.5707e-06	-1.0247e-05	-1.3978e+00	 1.1147e+00	-8.1185e-01
-8.8526e-06	 8.2219e-06	-1.8018e-07	-1.4778e+00	 1.2279e+00	-1.4276e-02
-3.0473e-05	 5.5840e-05	-2.6957e-05	-1.8141e+00	 1.1863e+01	-2.1358e+00
-2.9733e-05	 5.1904e-05	-3.2083e-05	-2.0768e+00	 1.0860e+01	-2.5420e+00
-2.7856e-05	 4.6783e-05	-3.7320e-05	-2.1646e+00	 9.6627e+00	-2.9569e+00
-2.4910e-05	 4.0707e-05	-4.1008e-05	-2.0698e+00	 8.3279e+00	-3.2491e+00
-2.1482e-05	 3.3958e-05	-4.1530e-05	-1.9213e+00	 6.8637e+00	-3.2905e+00
-1.8021e-05	 2.7114e-05	-3.9496e-05	-1.7751e+00	 5.3772e+00	-3.1293e+00
-1.4478e-05	 2.0623e-05	-3.4994e-05	-1.5640e+00	 3.9983e+00	-2.7726e+00
-1.0970e-05	 1.4823e-05	-2.8104e-05	-1.2802e+00	 2.8070e+00	-2.2267e+00
-8.6139e-06	 1.0414e-05	-1.9477e-05	-1.1511e+00	 1.8641e+00	-1.5431e+00
-7.8096e-06	 7.9679e-06	-1.0285e-05	-1.2187e+00	 1.2814e+00	-8.1492e-01
-8.6135e-06	 7.9077e-06	-1.6308e-06	-1.4488e+00	 1.1692e+00	-1.2921e-01
-3.0875e-05	 5.6119e-05	-2.4842e-05	-1.8923e+00	 1.1893e+01	-1.9682e+00
-3.0200e-05	 5.2044e-05	-3.0251e-05	-2.1896e+00	 1.0843e+01	-2.3968e+00
-2.8201e-05	 4.6829e-05	-3.6267e-05	-2.2550e+00	 9.6343e+00	-2.8734e+00
-2.5166e-05	 4.0678e-05	-4.0816e-05	-2.1443e+00	 8.2894e+00	-3.2339e+00
-2.1730e-05	 3.3773e-05	-4.1754e-05	-2.0121e+00	 6.7829e+00	-3.3082e+00
-1.8234e-05	 2.6677e-05	-3.9668e-05	-1.8860e+00	 5.2307e+00	-3.1429e+00
-1.4655e-05	 2.0412e-05	-3.4983e-05	-1.6381e+00	 3.9186e+00	-2.7717e+00
-1.1116e-05	 1.5487e-05	-2.7770e-05	-1.2419e+00	 2.9737e+00	-2.2003e+00
-8.6439e-06	 1.1976e-05	-1.8909e-05	-9.7376e-01	 2.2937e+00	-1.4982e+00
-7.7096e-06	 9.9313e-06	-9.8733e-06	-9.5764e-01	 1.8378e+00	-7.8227e-01
-8.3742e-06	 9.3596e-06	-2.1591e-06	-1.2099e+00	 1.6002e+00	-1.7107e-01
-3.0860e-05	 5.5971e-05	-2.2934e-05	-1.9058e+00	 1.1854e+01	-1.8171e+00
-3.0284e-05	 5.1797e-05	-2.8643e-05	-2.2422e+00	 1.0765e+01	-2.2694e+00
-2.8086e-05	 4.6700e-05	-3.4855e-05	-2.2383e+00	 9.6125e+00	-2.7616e+00
-2.4990e-05	 4.0671e-05	-3.9811e-05	-2.0963e+00	 8.3085e+00	-3.1542e+00
-2.1686e-05	 3.3711e-05	-4.0977e-05	-2.0074e+00	 6.7709e+00	-3.2467e+00
-1.8302e-05	 2.7128e-05	-3.8663e-05	-1.8512e+00	 5.3477e+00	-3.0633e+00
-1.4823e-05	 2.1814e-05	-3.4054e-05	-1.5181e+00	 4.2876e+00	-2.6981e+00
-1.1454e-05	 1.7869e-05	-2.6971e-05	-1.0526e+00	 3.5940e+00	-2.1369e+00
-8.9708e-06	 1.5221e-05	-1.8138e-05	-6.7872e-01	 3.1547e+00	-1.4371e+00
-7.8220e-06	 1.3629e-05	-9.2379e-06	-5.4930e-01	 2.8499e+00	-7.3193e-01
-8.0553e-06	 1.2793e-05	-2.0478e-06	-7.1343e-01	 2.5902e+00	-1.6225e-01
-3.0690e-05	 5.5846e-05	-2.1005e-05	-1.8737e+00	 1.1839e+01	-1.6642e+00
-3.0233e-05	 5.1879e-05	-2.6877e-05	-2.2181e+00	 1.0793e+01	-2.1295e+00
-2.7694e-05	 4.7183e-05	-3.2862e-05	-2.0722e+00	 9.7928e+00	-2.6037e+00
-2.4542e-05	 4.1544e-05	-3.7791e-05	-1.8682e+00	 8.6038e+00	-2.9942e+00
-2.1423e-05	 3.5200e-05	-3.8723e-05	-1.7575e+00	 7.2151e+00	-3.0680e+00
-1.8159e-05	 2.9601e-05	-3.6309e-05	-1.5176e+00	 6.0505e+00	-2.8768e+00
-1.4832e-05	 2.5332e-05	-3.2043e-05	-1.1025e+00	 5.2619e+00	-2.5388e+00
-1.1746e-05	 2.2267e-05	-2.5502e-05	-6.1081e-01	 4.7789e+00	-2.0205e+00
-9.3860e-06	 2.0285e-05	-1.7086e-05	-1.9197e-01	 4.5098e+00	-1.3537e+00
-8.0100e-06	 1.9067e-05	-8.4830e-06	 4.4744e-02	 4.3353e+00	-6.7211e-01
-7.6423e-06	 1.8207e-05	-1.6096e-06	 4.4594e-02	 4.1407e+00	-1.2753e-01
-1.2561e-05	 5.3533e-05	 5.2063e-07	 2.8790e+00	 1.3352e+01	 4.1250e-02
-1.3198e-05	 5.3906e-05	 2.8054e-06	 2.7467e+00	 1.3380e+01	 2.2227e-01
-1.4239e-05	 5.4663e-05	 5.2300e-06	 2.5480e+00	 1.3466e+01	 4.1438e-01
-1.5650e-05	 5.5837e-05	 7.0805e-06	 2.2963e+00	 1.3624e+01	 5.6099e-01
-1.7421e-05	 5.7028e-05	 7.7260e-06	 1.9465e+00	 1.3744e+01	 6.1214e-01
-1.9818e-05	 5.8122e-05	 7.0451e-06	 1.4118e+00	 1.3762e+01	 5.5819e-01
-2.3050e-05	 5.9442e-05	 5.3113e-06	 6.7246e-01	 1.3744e+01	 4.2082e-01
-2.6381e-05	 6.0089e-05	 9.5173e-07	-1.7435e-01	 1.3528e+01	 7.5406e-02
-2.8451e-05	 5.9784e-05	-6.4961e-06	-7.8471e-01	 1.3197e+01	-5.1469e-01
-2.9698e-05	 5.8527e-05	-1.4410e-05	-1.2798e+00	 1.2700e+01	-1.1417e+00
-3.0690e-05	 5.5846e-05	-2.1005e-05	-1.8737e+00	 1.1839e+01	-1.6642e+00
-1.3540e-05	 5.1887e-05	 2.6271e-07	 2.4118e+00	 1.2779e+01	 2.0815e-02
-1.4175e-05	 5.2311e-05	 2.8795e-06	 2.2863e+00	 1.2822e+01	 2.2815e-01
-1.5376e-05	 5.3168e-05	 5.5735e-06	 2.0550e+00	 1.2917e+01	 4.4159e-01
-1.6921e-05	 5.4494e-05	 7.5835e-06	 1.7842e+00	 1.3101e+01	 6.0085e-01
-1.8609e-05	 5.5797e-05	 8.2225e-06	 1.4709e+00	 1.3261e+01	 6.5148e-01
-2.0679e-05	 5.7054e-05	 7.5423e-06	 1.0463e+00	 1.3364e+01	 5.9758e-01
-2.3581e-05	 5.8492e-05	 5.9172e-06	 4.1233e-01	 1.3418e+01	 4.6882e-01
-2.6710e-05	 5.9145e-05	 1.9533e-06	-3.7783e-01	 1.3227e+01	 1.5476e-01
-2.8657e-05	 5.9127e-05	-4.8798e-06	-9.1966e-01	 1.2991e+01	-3.8663e-01
-2.9666e-05	 5.8313e-05	-1.2694e-05	-1.2964e+00	 1.2645e+01	-1.0057e+00
-3.0624e-05	 5.5899e-05	-1.9193e-05	-1.8490e+00	 1.1862e+01	-1.5207e+00
-1.2499e-05	 5.0552e-05	 1.4735e-07	 2.5417e+00	 1.2533e+01	 1.1675e-02
-1.3003e-05	 5.1054e-05	 3.1225e-06	 2.4617e+00	 1.2612e+01	 2.4740e-01
-1.4441e-05	 5.1971e-05	 6.2020e-06	 2.1719e+00	 1.2696e+01	 4.9139e-01
-1.6543e-05	 5.3377e-05	 8.4700e-06	 1.7560e+00	 1.2836e+01	 6.7109e-01
-1.8753e-05	 5.4787e-05	 9.0671e-06	 1.3108e+00	 1.2964e+01	 7.1839e-01
-2.0972e-05	 5.6249e-05	 8.2361e-06	 8.6924e-01	 1.3106e+01	 6.5255e-01
-2.3860e-05	 5.7755e-05	 6.4404e-06	 2.4742e-01	 1.3180e+01	 5.1028e-01
-2.6956e-05	 5.8463e-05	 2.7441e-06	-5.2697e-01	 1.3009e+01	 2.1742e-01
-2.8964e-05	 5.8779e-05	-3.5031e-06	-1.0463e+00	 1.2858e+01	-2.7756e-01
-2.9837e-05	 5.8147e-05	-1.1130e-05	-1.3634e+00	 1.2579e+01	-8.8187e-01
-3.0693e-05	 5.6014e-05	-1.7648e-05	-1.8545e+00	 1.1885e+01	-1.3983e+00
-1.1544e-05	 4.9501e-05	 1.9166e-07	 2.6818e+00	 1.2355e+01	 1.5185e-02
-1.1914e-05	 5.0108e-05	 3.3181e-06	 2.6513e+00	 1.2479e+01	 2.6290e-01
-1.3371e-05	 5.1041e-05	 6.6470e-06	 2.3583e+00	 1.2565e+01	 5.2665e-01
-1.5615e-05	 5.2414e-05	 9.2019e-06	 1.8989e+00	 1.2679e+01	 7.2908e-01
-1.8159e-05	 5.3884e-05	 9.8754e-06	 1.3683e+00	 1.2784e+01	 7.8243e-01
-2.0801e-05	 5.5581e-05	 8.8191e-06	 8.3731e-01	 1.2941e+01	 6.9874e-01
-2.3851e-05	 5.7118e-05	 6.7530e-06	 1.7411e-01	 1.3005e+01	 5.3505e-01
-2.6999e-05	 5.7925e-05	 3.2738e-06	-6.0272e-01	 1.2854e+01	 2.5938e-01
-2.9054e-05	 5.8533e-05	-2.4672e-06	-1.1004e+00	 1.2779e+01	-1.9548e-01
-2.9948e-05	 5.7903e-05	-9.5794e-06	-1.4233e+00	 1.2498e+01	-7.5898e-01
-3.0671e-05	 5.6099e-05	-1.6231e-05	-1.8381e+00	 1.1912e+01	-1.2860e+00
-1.0859e-05	 4.8684e-05	 3.1960e-07	 2.7746e+00	 1.2210e+01	 2.5322e-02
-1.1163e-05	 4.9396e-05	 3.4221e-06	 2.7749e+00	 1.2371e+01	 2.7113e-01
-1.2625e-05	 5.0304e-05	 6.8183e-06	 2.4775e+00	 1.2449e+01	 5.4022e-01
-1.4983e-05	 5.1557e-05	 9.5256e-06	 1.9723e+00	 1.2516e+01	 7.5472e-01
-1.7700e-05	 5.3026e-05	 1.0306e-05	 1.3937e+00	 1.2601e+01	 8.1656e-01
-2.0399e-05	 5.4934e-05	 9.1269e-06	 8.7196e-01	 1.2809e+01	 7.2313e-01
-2.3478e-05	 5.6481e-05	 6.8112e-06	 2.0202e-01	 1.2872e+01	 5.3966e-01
-2.6721e-05	 5.7427e-05	 3.5421e-06	-5.8481e-01	 1.2749e+01	 2.8064e-01
-2.8817e-05	 5.8122e-05	-1.6589e-06	-1.0836e+00	 1.2693e+01	-1.3144e-01
-2.9716e-05	 5.7433e-05	-8.2745e-06	-1.4148e+00	 1.2395e+01	-6.5559e-01
-3.0372e-05	 5.5996e-05	-1.4911e-05	-1.7676e+00	 1.1918e+01	-1.1814e+00
-1.0444e-05	 4.8053e-05	 4.5663e-07	 2.8148e+00	 1.2084e+01	 3.6179e-02
-1.0738e-05	 4.8843e-05	 3.4273e-06	 2.8269e+00	 1.2268e+01	 2.7154e-01
-1.2154e-05	 4.9692e-05	 6.7401e-06	 2.5354e+00	 1.2336e+01	 5.3402e-01
-1.4563e-05	 5.0783e-05	 9.4954e-06	 1.9968e+00	 1.2352e+01	 7.5233e-01
-1.7423e-05	 5.2223e-05	 1.0410e-05	 1.3752e+00	 1.2411e+01	 8.2477e-01
-2.0147e-05	 5.4250e-05	 9.2488e-06	 8.6039e-01	 1.2650e+01	 7.3279e-01
-2.2873e-05	 5.5773e-05	 6.7275e-06	 2.8546e-01	 1.2748e+01	 5.3302e-01
-2.6039e-05	 5.6883e-05	 3.5441e-06	-4.6037e-01	 1.2680e+01	 2.8080e-01
-2.8259e-05	 5.7486e-05	-1.1176e-06	-1.0045e+00	 1.2583e+01	-8.8551e-02
-2.9200e-05	 5.6662e-05	-7.2653e-06	-1.3632e+00	 1.2243e+01	-5.7564e-01
-2.9747e-05	 5.5505e-05	-1.3818e-05	-1.6523e+00	 1.1857e+01	-1.0948e+00
-1.0299e-05	 4.7572e-05	 5.3108e-07	 2.7979e+00	 1.1968e+01	 4.2078e-02
-1.0627e-05	 4.8377e-05	 3.3430e-06	 2.8025e+00	 1.2152e+01	 2.6487e-01
-1.1907e-05	 4.9152e-05	 6.4543e-06	 2.5396e+00	 1.2215e+01	 5.1138e-01
-1.4274e-05	 5.0095e-05	 9.1793e-06	 1.9951e+00	 1.2195e+01	 7.2728e-01
-1.7243e-05	 5.1506e-05	 1.0278e-05	 1.3396e+00	 1.2234e+01	 8.1437e-01
-2.0016e-05	 5.3570e-05	 9.3070e-06	 8.1588e-01	 1.2476e+01	 7.3740e-01
-2.2466e-05	 5.5015e-05	 6.7640e-06	 3.0848e-01	 1.2586e+01	 5.3592e-01
-2.5070e-05	 5.6219e-05	 3.3243e-06	-2.7075e-01	 1.2611e+01	 2.6339e-01
-2.7479e-05	 5.6666e-05	-9.2216e-07	-8.8559e-01	 1.2448e+01	-7.3063e-02
-2.8566e-05	 5.5612e-05	-6.5449e-06	-1.3122e+00	 1.2027e+01	-5.1856e-01
-2.9053e-05	 5.4568e-05	-1.3154e-05	-1.5714e+00	 1.1679e+01	-1.0422e+00
-1.0552e-05	 4.7209e-05	 4.8045e-07	 2.6843e+00	 1.1837e+01	 3.8067e-02
-1.0912e-05	 4.7936e-05	 3.2194e-06	 2.6712e+00	 1.1996e+01	 2.5507e-01
-1.1889e-05	 4.8648e-05	 6.0441e-06	 2.4846e+00	 1.2077e+01	 4.7888e-01
-1.4039e-05	 4.9513e-05	 8.6516e-06	 1.9914e+00	 1.2062e+01	 6.8547e-01
-1.7094e-05	 5.0919e-05	 9.9897e-06	 1.3112e+00	 1.2089e+01	 7.9149e-01
-1.9999e-05	 5.2957e-05	 9.3594e-06	 7.4797e-01	 1.2309e+01	 7.4155e-01
-2.2331e-05	 5.4295e-05	 6.9662e-06	 2.6029e-01	 1.2402e+01	 5.5194e-01
-2.4495e-05	 5.5438e-05	 3.2895e-06	-2.0401e-01	 1.2462e+01	 2.6063e-01
-2.6632e-05	 5.5822e-05	-1.1254e-06	-7.5099e-01	 1.2315e+01	-8.9164e-02
-2.8008e-05	 5.4427e-05	-6.0441e-06	-1.2985e+00	 1.1764e+01	-4.7888e-01
-2.8539e-05	 5.3599e-05	-1.2742e-05	-1.5441e+00	 1.1472e+01	-1.0096e+00
-1.1571e-05	 4.6945e-05	 3.1333e-07	 2.3704e+00	 1.1643e+01	 2.4825e-02
-1.1944e-05	 4.7516e-05	 3.1641e-06	 2.3350e+00	 1.1757e+01	 2.5070e-01
-1.2621e-05	 4.8191e-05	 5.7997e-06	 2.2274e+00	 1.1864e+01	 4.5951e-01
-1.4275e-05	 4.9075e-05	 8.1841e-06	 1.8739e+00	 1.1912e+01	 6.4843e-01
-1.6991e-05	 5.0519e-05	 9.6177e-06	 1.2924e+00	 1.1990e+01	 7.6202e-01
-2.0122e-05	 5.2501e-05	 9.4163e-06	 6.5961e-01	 1.2168e+01	 7.4606e-01
-2.2552e-05	 5.3738e-05	 7.3624e-06	 1.3254e-01	 1.2222e+01	 5.8333e-01
-2.4485e-05	 5.4802e-05	 3.5742e-06	-2.7695e-01	 1.2287e+01	 2.8318e-01
-2.6174e-05	 5.5257e-05	-1.2392e-06	-6.9114e-01	 1.2212e+01	-9.8184e-02
-2.7708e-05	 5.3542e-05	-5.5769e-06	-1.3204e+00	 1.1555e+01	-4.4186e-01
-2.8339e-05	 5.3167e-05	-1.2175e-05	-1.5399e+00	 1.1376e+01	-9.6460e-01
-1.3379e-05	 4.6774e-05	 8.0289e-08	 1.8490e+00	 1.1381e+01	 6.3614e-03
-1.3759e-05	 4.7161e-05	 3.1702e-06	 1.7893e+00	 1.1443e+01	 2.5117e-01
-1.4250e-05	 4.7845e-05	 5.7580e-06	 1.7346e+00	 1.1574e+01	 4.5621e-01
-1.5521e-05	 4.8833e-05	 8.0127e-06	 1.4994e+00	 1.1697e+01	 6.3485e-01
-1.7730e-05	 5.0358e-05	 9.4752e-06	 1.0682e+00	 1.1858e+01	 7.5073e-01
-2.0535e-05	 5.2318e-05	 9.4980e-06	 5.2331e-01	 1.2068e+01	 7.5254e-01
-2.3223e-05	 5.3519e-05	 7.9951e-06	-7.9533e-02	 1.2081e+01	 6.3346e-01
-2.5115e-05	 5.4648e-05	 4.3412e-06	-4.6990e-01	 1.2169e+01	 3.4396e-01
-2.6461e-05	 5.5373e-05	-6.1603e-07	-7.5708e-01	 1.2210e+01	-4.8809e-02
-2.7773e-05	 5.3791e-05	-4.7298e-06	-1.3088e+00	 1.1616e+01	-3.7475e-01
-2.8513e-05	 5.3849e-05	-1.0961e-05	-1.5070e+00	 1.1544e+01	-8.6845e-01
-1.5974e-05	 4.6691e-05	-1.6614e-07	 1.1195e+00	 1.1049e+01	-1.3163e-02
-1.6360e-05	 4.6919e-05	 3.2167e-06	 1.0395e+00	 1.1067e+01	 2.5486e-01
-1.6786e-05	 4.7674e-05	 5.8882e-06	 1.0111e+00	 1.1225e+01	 4.6653e-01
-1.7778e-05	 4.8833e-05	 8.1228e-06	 8.7358e-01	 1.1429e+01	 6.4357e-01
-1.9538e-05	 5.0484e-05	 9.6593e-06	 5.8185e-01	 1.1678e+01	 7.6531e-01
-2.1912e-05	 5.2535e-05	 9.8693e-06	 1.6715e-01	 1.1964e+01	 7.8195e-01
-2.4453e-05	 5.3872e-05	 8.9477e-06	-3.7856e-01	 1.2033e+01	 7.0894e-01
-2.6428e-05	 5.5298e-05	 5.7926e-06	-7.5661e-01	 1.2194e+01	 4.5895e-01
-2.7488e-05	 5.6542e-05	 9.3925e-07	-9.0266e-01	 1.2413e+01	 7.4418e-02
-2.8386e-05	 5.5668e-05	-2.8406e-06	-1.2556e+00	 1.2064e+01	-2.2506e-01
-2.9074e-05	 5.6140e-05	-8.6511e-06	-1.3905e+00	 1.2113e+01	-6.8544e-01
-3.0690e-05	 5.5846e-05	-2.1005e-05	-1.8737e+00	 1.1839e+01	-1.6642e+00
-3.0233e-05	 5.1879e-05	-2.6877e-05	-2.2181e+00	 1.0793e+01	-2.1295e+00
-2.7694e-05	 4.7183e-05	-3.2862e-05	-2.0722e+00	 9.7928e+00	-2.6037e+00
-2.4542e-05	 4.1544e-05	-3.7791e-05	-1.8682e+00	 8.6038e+00	-2.9942e+00
-2.1423e-05	 3.5200e-05	-3.8723e-05	-1.7575e+00	 7.2151e+00	-3.0680e+00
-1.8159e-05	 2.9601e-05	-3.6309e-05	-1.5176e+00	 6.0505e+00	-2.8768e+00
-1.4832e-05	 2.5332e-05	-3.2043e-05	-1.1025e+00	 5.2619e+00	-2.5388e+00
-1.1746e-05	 2.2267e-05	-2.5502e-05	-6.1081e-01	 4.7789e+00	-2.0205e+00
-9.3860e-06	 2.0285e-05	-1.7086e-05	-1.9197e-01	 4.5098e+00	-1.3537e+00
-8.0100e-06	 1.9067e-05	-8.4830e-06	 4.4744e-02	 4.3353e+00	-6.7211e-01
-7.6423e-06	 1.8207e-05	-1.6096e-06	 4.4594e-02	 4.1407e+00	-1.2753e-01
-3.0624e-05	 5.5899e-05	-1.9193e-05	-1.8490e+00	 1.1862e+01	-1.5207e+00
-3.0229e-05	 5.2357e-05	-2.5066e-05	-2.1602e+00	 1.0926e+01	-1.9860e+00
-2.7435e-05	 4.8178e-05	-3.1047e-05	-1.8822e+00	 1.0099e+01	-2.4599e+00
-2.4200e-05	 4.2999e-05	-3.5380e-05	-1.6006e+00	 9.0479e+00	-2.8032e+00
-2.1226e-05	 3.7364e-05	-3.6017e-05	-1.4457e+00	 7.8386e+00	-2.8537e+00
-1.7998e-05	 3.2576e-05	-3.3781e-05	-1.1195e+00	 6.8945e+00	-2.6765e+00
-1.4753e-05	 2.8990e-05	-3.0007e-05	-6.4582e-01	 6.2858e+00	-2.3775e+00
-1.1923e-05	 2.6220e-05	-2.4154e-05	-1.9013e-01	 5.8541e+00	-1.9137e+00
-9.7729e-06	 2.4193e-05	-1.6339e-05	 1.6517e-01	 5.5475e+00	-1.2945e+00
-8.2018e-06	 2.2817e-05	-8.0322e-06	 4.3726e-01	 5.3525e+00	-6.3639e-01
-7.2087e-06	 2.1925e-05	-1.1309e-06	 6.0665e-01	 5.2232e+00	-8.9601e-02
-3.0693e-05	 5.6014e-05	-1.7648e-05	-1.8545e+00	 1.1885e+01	-1.3983e+00
-3.0317e-05	 5.2952e-05	-2.3634e-05	-2.1142e+00	 1.1081e+01	-1.8725e+00
-2.7510e-05	 4.9076e-05	-2.9649e-05	-1.7962e+00	 1.0340e+01	-2.3491e+00
-2.4167e-05	 4.4080e-05	-3.3384e-05	-1.4629e+00	 9.3516e+00	-2.6450e+00
-2.1313e-05	 3.8847e-05	-3.3903e-05	-1.2935e+00	 8.2395e+00	-2.6862e+00
-1.8038e-05	 3.4376e-05	-3.2033e-05	-9.1665e-01	 7.3889e+00	-2.5380e+00
-1.4728e-05	 3.0715e-05	-2.8749e-05	-4.3389e-01	 6.7671e+00	-2.2778e+00
-1.2049e-05	 2.7211e-05	-2.3458e-05	-1.0726e-01	 6.1140e+00	-1.8586e+00
-1.0130e-05	 2.4271e-05	-1.6146e-05	 7.5407e-02	 5.5266e+00	-1.2793e+00
-8.4617e-06	 2.2375e-05	-7.9889e-06	 3.1265e-01	 5.1990e+00	-6.3297e-01
-7.0021e-06	 2.1446e-05	-7.5236e-07	 6.0701e-01	 5.1149e+00	-5.9610e-02
-3.0671e-05	 5.6099e-05	-1.6231e-05	-1.8381e+00	 1.1912e+01	-1.2860e+00
-3.0235e-05	 5.3569e-05	-2.2383e-05	-2.0180e+00	 1.1262e+01	-1.7734e+00
-2.7580e-05	 4.9648e-05	-2.8157e-05	-1.7476e+00	 1.0490e+01	-2.2309e+00
-2.4263e-05	 4.4699e-05	-3.1597e-05	-1.4162e+00	 9.5117e+00	-2.5035e+00
-2.1552e-05	 3.9654e-05	-3.2119e-05	-1.2639e+00	 8.4348e+00	-2.5448e+00
-1.8229e-05	 3.5141e-05	-3.0663e-05	-8.7882e-01	 7.5783e+00	-2.4295e+00
-1.4725e-05	 3.0957e-05	-2.7758e-05	-4.0426e-01	 6.8345e+00	-2.1993e+00
-1.2112e-05	 2.7053e-05	-2.2762e-05	-1.4361e-01	 6.0626e+00	-1.8035e+00
-1.0434e-05	 2.3880e-05	-1.5823e-05	-5.5400e-02	 5.3822e+00	-1.2537e+00
-8.8023e-06	 2.1844e-05	-7.8818e-06	 1.5517e-01	 5.0115e+00	-6.2448e-01
-7.1051e-06	 2.0951e-05	-4.8622e-07	 5.1961e-01	 4.9654e+00	-3.8524e-02
-3.0372e-05	 5.5996e-05	-1.4911e-05	-1.7676e+00	 1.1918e+01	-1.1814e+00
-2.9849e-05	 5.3767e-05	-2.1073e-05	-1.8873e+00	 1.1363e+01	-1.6696e+00
-2.7362e-05	 4.9736e-05	-2.6606e-05	-1.6767e+00	 1.0540e+01	-2.1080e+00
-2.4337e-05	 4.4741e-05	-2.9922e-05	-1.4314e+00	 9.5148e+00	-2.3708e+00
-2.1810e-05	 3.9739e-05	-3.0503e-05	-1.3252e+00	 8.4280e+00	-2.4168e+00
-1.8494e-05	 3.5298e-05	-2.9433e-05	-9.3340e-01	 7.5905e+00	-2.3320e+00
-1.4740e-05	 3.1189e-05	-2.6749e-05	-3.8070e-01	 6.8972e+00	-2.1194e+00
-1.2149e-05	 2.7128e-05	-2.1902e-05	-1.4483e-01	 6.0790e+00	-1.7353e+00
-1.0690e-05	 2.3773e-05	-1.5297e-05	-1.3919e-01	 5.3219e+00	-1.2120e+00
-9.1912e-06	 2.1658e-05	-7.6674e-06	 2.5150e-02	 4.9135e+00	-6.0750e-01
-7.4548e-06	 2.0807e-05	-2.9153e-07	 4.0560e-01	 4.8841e+00	-2.3098e-02
-2.9747e-05	 5.5505e-05	-1.3818e-05	-1.6523e+00	 1.1857e+01	-1.0948e+00
-2.9221e-05	 5.3453e-05	-1.9906e-05	-1.7505e+00	 1.1350e+01	-1.5772e+00
-2.6906e-05	 4.9247e-05	-2.5141e-05	-1.6085e+00	 1.0459e+01	-1.9920e+00
-2.4292e-05	 4.4088e-05	-2.8348e-05	-1.4966e+00	 9.3390e+00	-2.2460e+00
-2.1987e-05	 3.9403e-05	-2.9080e-05	-1.4144e+00	 8.3137e+00	-2.3040e+00
-1.8735e-05	 3.5582e-05	-2.8366e-05	-9.6674e-01	 7.6404e+00	-2.2475e+00
-1.4799e-05	 3.1484e-05	-2.5770e-05	-3.6211e-01	 6.9719e+00	-2.0418e+00
-1.2206e-05	 2.7252e-05	-2.0969e-05	-1.4612e-01	 6.1065e+00	-1.6614e+00
-1.0916e-05	 2.3811e-05	-1.4641e-05	-1.9728e-01	 5.3057e+00	-1.1600e+00
-9.6007e-06	 2.1751e-05	-7.3809e-06	-7.7373e-02	 4.8906e+00	-5.8479e-01
-7.9818e-06	 2.1016e-05	-1.5498e-07	 2.8423e-01	 4.8792e+00	-1.2280e-02
-2.9053e-05	 5.4568e-05	-1.3154e-05	-1.5714e+00	 1.1679e+01	-1.0422e+00
-2.8507e-05	 5.2735e-05	-1.9082e-05	-1.6379e+00	 1.1236e+01	-1.5119e+00
-2.6357e-05	 4.8178e-05	-2.3869e-05	-1.5833e+00	 1.0228e+01	-1.8912e+00
-2.4131e-05	 4.2895e-05	-2.6982e-05	-1.5939e+00	 9.0272e+00	-2.1378e+00
-2.2077e-05	 3.9404e-05	-2.7986e-05	-1.4390e+00	 8.3034e+00	-2.2174e+00
-1.8929e-05	 3.5966e-05	-2.7464e-05	-9.7479e-01	 7.7240e+00	-2.1760e+00
-1.4927e-05	 3.1695e-05	-2.4865e-05	-3.7248e-01	 7.0153e+00	-1.9701e+00
-1.2334e-05	 2.7253e-05	-2.0053e-05	-1.8132e-01	 6.0918e+00	-1.5888e+00
-1.1142e-05	 2.3861e-05	-1.3954e-05	-2.5379e-01	 5.2928e+00	-1.1056e+00
-1.0010e-05	 2.2060e-05	-7.0912e-06	-1.5405e-01	 4.9278e+00	-5.6184e-01
-8.6134e-06	 2.1576e-05	-8.7701e-08	 1.7568e-01	 4.9595e+00	-6.9487e-03
-2.8539e-05	 5.3599e-05	-1.2742e-05	-1.5441e+00	 1.1472e+01	-1.0096e+00
-2.7900e-05	 5.1882e-05	-1.8648e-05	-1.5709e+00	 1.1071e+01	-1.4775e+00
-2.5901e-05	 4.6646e-05	-2.2791e-05	-1.6388e+00	 9.8570e+00	-1.8057e+00
-2.3968e-05	 4.2417e-05	-2.5961e-05	-1.6054e+00	 8.9140e+00	-2.0569e+00
-2.2109e-05	 3.9926e-05	-2.7068e-05	-1.3861e+00	 8.4440e+00	-2.1446e+00
-1.9072e-05	 3.6465e-05	-2.6628e-05	-9.5508e-01	 7.8454e+00	-2.1098e+00
-1.5139e-05	 3.1710e-05	-2.4031e-05	-4.2955e-01	 6.9943e+00	-1.9040e+00
-1.2580e-05	 2.6976e-05	-1.9234e-05	-2.8248e-01	 5.9856e+00	-1.5239e+00
-1.1406e-05	 2.3961e-05	-1.3357e-05	-3.1523e-01	 5.2890e+00	-1.0582e+00
-1.0405e-05	 2.2824e-05	-6.9018e-06	-1.7268e-01	 5.0928e+00	-5.4684e-01
-9.2777e-06	 2.2737e-05	-1.1176e-07	 1.2940e-01	 5.2025e+00	-8.8549e-03
-2.8339e-05	 5.3167e-05	-1.2175e-05	-1.5399e+00	 1.1376e+01	-9.6460e-01
-2.7585e-05	 5.1346e-05	-1.8259e-05	-1.5474e+00	 1.0960e+01	-1.4467e+00
-2.5692e-05	 4.5828e-05	-2.1708e-05	-1.6780e+00	 9.6551e+00	-1.7199e+00
-2.3917e-05	 4.3165e-05	-2.4932e-05	-1.5025e+00	 9.1274e+00	-1.9754e+00
-2.2125e-05	 4.1202e-05	-2.6067e-05	-1.2386e+00	 8.7961e+00	-2.0653e+00
-1.9169e-05	 3.7155e-05	-2.5663e-05	-9.0007e-01	 8.0253e+00	-2.0333e+00
-1.5442e-05	 3.1631e-05	-2.3184e-05	-5.2304e-01	 6.9362e+00	-1.8369e+00
-1.2977e-05	 2.7632e-05	-1.8479e-05	-3.1462e-01	 6.1203e+00	-1.4641e+00
-1.1738e-05	 2.5682e-05	-1.2882e-05	-2.0287e-01	 5.7268e+00	-1.0206e+00
-1.0786e-05	 2.5132e-05	-6.8183e-06	-4.1609e-03	 5.6875e+00	-5.4022e-01
-9.9388e-06	 2.5208e-05	-1.7076e-07	 2.3981e-01	 5.8093e+00	-1.3529e-02
-2.8513e-05	 5.3849e-05	-1.0961e-05	-1.5070e+00	 1.1544e+01	-8.6845e-01
-2.7651e-05	 5.1748e-05	-1.7068e-05	-1.5179e+00	 1.1064e+01	-1.3523e+00
-2.5770e-05	 4.7064e-05	-2.0117e-05	-1.5528e+00	 9.9885e+00	-1.5939e+00
-2.4038e-05	 4.5549e-05	-2.3434e-05	-1.2525e+00	 9.7742e+00	-1.8567e+00
-2.2160e-05	 4.3528e-05	-2.4635e-05	-9.7209e-01	 9.4370e+00	-1.9519e+00
-1.9232e-05	 3.8454e-05	-2.4250e-05	-7.6305e-01	 8.3780e+00	-1.9214e+00
-1.5811e-05	 3.3666e-05	-2.1951e-05	-3.8357e-01	 7.4566e+00	-1.7392e+00
-1.3493e-05	 3.0741e-05	-1.7543e-05	-8.8385e-02	 6.9210e+00	-1.3899e+00
-1.2141e-05	 2.9458e-05	-1.2344e-05	 1.3426e-01	 6.7260e+00	-9.7804e-01
-1.1163e-05	 2.9094e-05	-6.6779e-06	 3.6204e-01	 6.7413e+00	-5.2909e-01
-1.0581e-05	 2.9034e-05	-1.6699e-07	 5.1651e-01	 6.7940e+00	-1.3231e-02
-2.9074e-05	 5.6140e-05	-8.6511e-06	-1.3905e+00	 1.2113e+01	-6.8544e-01
-2.8070e-05	 5.4191e-05	-1.4487e-05	-1.3436e+00	 1.1691e+01	-1.1478e+00
-2.6122e-05	 5.0669e-05	-1.7502e-05	-1.2219e+00	 1.0946e+01	-1.3867e+00
-2.4346e-05	 4.9960e-05	-2.1016e-05	-8.1385e-01	 1.0961e+01	-1.6651e+00
-2.2249e-05	 4.7316e-05	-2.2340e-05	-5.4646e-01	 1.0477e+01	-1.7701e+00
-1.9285e-05	 4.2358e-05	-2.1933e-05	-3.1372e-01	 9.4542e+00	-1.7378e+00
-1.6200e-05	 3.8484e-05	-2.0079e-05	 8.1217e-02	 8.7466e+00	-1.5909e+00
-1.4077e-05	 3.6329e-05	-1.6201e-05	 4.1376e-01	 8.4012e+00	-1.2836e+00
-1.2602e-05	 3.5311e-05	-1.1542e-05	 7.0200e-01	 8.2943e+00	-9.1446e-01
-1.1545e-05	 3.4716e-05	-6.3160e-06	 9.2439e-01	 8.2549e+00	-5.0042e-01
-1.1186e-05	 3.4215e-05	-1.4360e-08	 9.6431e-01	 8.1586e+00	-1.1377e-03
