206000.000	0.300000

41

909

2	2
2	2
2	2
2	2
2	2
2	2
2	2
2	2
2	2
2	2
2	2
2	2
2	2
2	2
2	2
2	2
2	2
2	2
2	2
2	2
2	2
2	2
2	2
2	2
2	2
2	2
2	2
2	2
2	2
2	2
2	2
2	2
2	2
2	2
2	2
2	2
2	2
2	2
2	2
2	2
2	2

22	34
7	6
7	6
7	6
7	6
7	6
7	6
7	6
7	6
7	6
7	6
7	6
7	6
7	6
7	6
7	6
7	6
7	6
7	7
6	7
6	7
7	7
7	6
7	6
7	7
6	7
6	7
7	7
7	6
7	6
7	7
6	7
6	7
7	7
7	6
7	6
7	7
6	7
6	7
7	7
7	6

19	31
4	3
4	3
4	3
4	3
4	3
4	3
4	3
4	3
4	3
4	3
4	3
4	3
4	3
4	3
4	3
4	3
4	3
4	4
3	4
3	4
4	4
4	3
4	3
4	4
3	4
3	4
4	4
4	3
4	3
4	4
3	4
3	4
4	4
4	3
4	3
4	4
3	4
3	4
4	4
4	3

0	1	2	3	4	5	6	7	8	9	10	11	12	13	14	15	16	17	18	19	20	21	22	23	24	25	26	27	28	29	30	31	32	33	34	35	36	37	38	39	40	41	42	43	44	45	46	47	48	49	50	51	52	53	54	55	56	57	58	59	60	61	62	63	64	65	66	67	68	69	70	71	72	73	74	75	76	77	78	79	80	81	82	83	84	85	86	87	88	89	90	91	92	93	94	95	96	97	98	99	100	101	102	103	104	105	106	107	108	109	110	111	112	113	114	115	116	117	118	119	120	121	122	123	124	125	126	127	128	129	130	131	132	133	134	135	136	137	138	139	140	141	142	143	144	145	146	147	148	149	150	151	152	153	154	155	156	157	158	159	160	161	162	163	164	165	166	167	168	169	170	171	172	173	174	175	176	177	178	179	180	181	182	183	184	185	186	187	188	189	190	191	192	193	194	195	196	197	198	199	200	201	202	203	204	205	206	207	208	209	210	211	212	213	214	215	216	217	218	219	220	221	222	223	224	225	226	227	228	229	230	231	232	233	234	235	236	237	238	239	240	241	242	243	244	245	246	247	248	249	250	251	252	253	254	255	256	257	258	259	260	261	262	263	264	265	266	267	268	269	270	271	272	273	274	275	276	277	278	279	280	281	282	283	284	285	286	287	288	289	290	291	292	293	294	295	296	297	298	299	300	301	302	303	304	305	306	307	308	309	310	311	312	313	314	315	316	317	318	319	320	321	322	323	324	325	326	327	328	329	330	331	332	333	334	335	336	337	338	339	340	341	342	343	344	345	346	347	348	349	350	351	352	353	354	355	356	357	358	359	360	361	362	363	364	365	366	367	368	369	370	371	372	373	374	375	376	377	378	379	380	381	382	383	384	385	386	387	388	389	390	391	392	393	394	395	396	397	398	399	400	401	402	403	404	405	406	407	408	409	410	411	412	413	414	415	416	417	418	419	420	421	422	423	424	425	426	427	428	429	430	431	432	433	434	435	436	437	438	439	440	441	442	443	444	445	446	447	448	449	450	451	452	453	454	455	456	457	458	459	460	461	462	463	464	465	466	467	468	469	470	471	472	473	474	475	476	477	478	479	480	481	482	483	484	485	486	487	488	489	490	491	492	493	494	495	496	497	498	499	500	501	502	503	504	505	506	507	508	509	510	511	512	513	514	515	516	517	518	519	520	521	522	523	524	525	526	527	528	529	530	531	532	533	534	535	536	537	538	539	540	541	542	543	544	545	546	547	548	549	550	551	552	553	554	555	556	557	558	559	560	561	562	563	564	565	566	567	568	569	570	571	572	573	574	575	576	577	578	579	580	581	582	583	584	585	586	587	588	
589	590	591	592	593	594	595	596	597	598	599	600	
597	598	599	600	601	602	603	604	605	606	607	608	
605	606	607	608	609	610	611	612	613	614	615	616	
613	614	615	616	617	618	619	620	621	622	623	624	
621	625	626	627	628	629	630	631	632	633	634	635	
632	633	634	635	636	637	638	639	640	641	642	643	
640	641	642	643	644	645	646	647	648	649	650	651	
648	649	650	651	652	653	654	655	589	590	591	592	
656	657	658	659	660	661	662	663	664	665	666	667	
664	665	666	667	668	669	670	671	672	673	674	675	
672	673	674	675	676	677	678	679	680	681	682	683	
680	681	682	683	684	685	686	687	688	689	690	691	
688	689	690	691	692	693	694	695	696	697	698	699	
696	697	698	699	700	701	702	703	704	705	706	707	
704	705	706	707	708	709	710	711	712	713	714	715	
712	713	714	715	716	717	718	719	656	720	721	722	
592	723	724	725	596	726	727	728	600	729	730	731	
600	729	730	731	732	733	734	735	736	737	738	739	740	741	742	743	
608	604	600	744	745	732	746	747	736	748	749	740	
616	612	608	750	751	744	752	753	746	754	755	748	
756	757	758	616	759	760	761	750	762	763	764	752	765	766	767	754	
768	769	770	624	771	772	773	620	756	757	758	616	
774	775	776	635	777	778	779	631	780	781	782	627	
783	784	785	786	787	788	789	790	791	792	793	794	774	775	776	635	
786	795	796	790	797	798	794	799	800	635	639	643	
796	801	802	798	803	804	800	805	806	643	647	651	
802	807	808	809	804	810	811	812	806	813	814	815	651	816	817	818	
651	816	817	818	655	819	820	821	592	723	724	725	
659	822	823	768	663	824	825	771	667	826	827	756	
667	826	827	756	828	829	830	759	831	832	833	762	834	835	836	765	
675	671	667	837	838	828	839	840	831	841	842	834	
683	679	675	843	844	837	845	846	839	847	848	841	
849	850	851	683	852	853	854	843	855	856	857	845	858	859	860	847	
861	862	863	691	864	865	866	687	849	850	851	683	
867	868	869	699	870	871	872	695	861	862	863	691	
873	874	875	876	877	878	879	880	881	882	883	884	867	868	869	699	
876	885	886	880	887	888	884	889	890	699	703	707	
886	891	892	888	893	894	890	895	896	707	711	715	
892	897	898	783	894	899	900	787	896	901	902	791	715	903	904	774	
715	903	904	774	719	905	906	777	722	907	908	780	

123	0	2

0.00000	0.00000	0.00000	0.05882	0.11765	0.17647	0.23529	0.29412	0.35294	0.41176	0.47059	0.52941	0.58824	0.64706	0.70588	0.76471	0.82353	0.88235	0.94118	1.00000	1.00000	1.00000	
0.00000	0.00000	0.00000	0.03448	0.06897	0.10345	0.13793	0.17241	0.20690	0.24138	0.27586	0.31034	0.34483	0.37931	0.41379	0.44828	0.48276	0.51724	0.55172	0.58621	0.62069	0.65517	0.68966	0.72414	0.75862	0.79310	0.82759	0.86207	0.89655	0.93103	0.96552	1.00000	1.00000	1.00000	
0.00000	0.00000	0.00000	0.50000	1.00000	1.00000	1.00000	
0.00000	0.00000	0.00000	1.00000	1.00000	1.00000	
0.00000	0.00000	0.00000	0.50000	1.00000	1.00000	1.00000	
0.00000	0.00000	0.00000	1.00000	1.00000	1.00000	
0.00000	0.00000	0.00000	0.50000	1.00000	1.00000	1.00000	
0.00000	0.00000	0.00000	1.00000	1.00000	1.00000	
0.00000	0.00000	0.00000	0.50000	1.00000	1.00000	1.00000	
0.00000	0.00000	0.00000	1.00000	1.00000	1.00000	
0.00000	0.00000	0.00000	0.50000	1.00000	1.00000	1.00000	
0.00000	0.00000	0.00000	1.00000	1.00000	1.00000	
0.00000	0.00000	0.00000	0.50000	1.00000	1.00000	1.00000	
0.00000	0.00000	0.00000	1.00000	1.00000	1.00000	
0.00000	0.00000	0.00000	0.50000	1.00000	1.00000	1.00000	
0.00000	0.00000	0.00000	1.00000	1.00000	1.00000	
0.00000	0.00000	0.00000	0.50000	1.00000	1.00000	1.00000	
0.00000	0.00000	0.00000	1.00000	1.00000	1.00000	
0.00000	0.00000	0.00000	0.50000	1.00000	1.00000	1.00000	
0.00000	0.00000	0.00000	1.00000	1.00000	1.00000	
0.00000	0.00000	0.00000	0.50000	1.00000	1.00000	1.00000	
0.00000	0.00000	0.00000	1.00000	1.00000	1.00000	
0.00000	0.00000	0.00000	0.50000	1.00000	1.00000	1.00000	
0.00000	0.00000	0.00000	1.00000	1.00000	1.00000	
0.00000	0.00000	0.00000	0.50000	1.00000	1.00000	1.00000	
0.00000	0.00000	0.00000	1.00000	1.00000	1.00000	
0.00000	0.00000	0.00000	0.50000	1.00000	1.00000	1.00000	
0.00000	0.00000	0.00000	1.00000	1.00000	1.00000	
0.00000	0.00000	0.00000	0.50000	1.00000	1.00000	1.00000	
0.00000	0.00000	0.00000	1.00000	1.00000	1.00000	
0.00000	0.00000	0.00000	0.50000	1.00000	1.00000	1.00000	
0.00000	0.00000	0.00000	1.00000	1.00000	1.00000	
0.00000	0.00000	0.00000	0.50000	1.00000	1.00000	1.00000	
0.00000	0.00000	0.00000	1.00000	1.00000	1.00000	
0.00000	0.00000	0.00000	0.50000	1.00000	1.00000	1.00000	
0.00000	0.00000	0.00000	1.00000	1.00000	1.00000	
0.00000	0.00000	0.00000	0.50000	1.00000	1.00000	1.00000	
0.00000	0.00000	0.00000	0.50000	1.00000	1.00000	1.00000	
0.00000	0.00000	0.00000	1.00000	1.00000	1.00000	
0.00000	0.00000	0.00000	0.50000	1.00000	1.00000	1.00000	
0.00000	0.00000	0.00000	1.00000	1.00000	1.00000	
0.00000	0.00000	0.00000	0.50000	1.00000	1.00000	1.00000	
0.00000	0.00000	0.00000	0.50000	1.00000	1.00000	1.00000	
0.00000	0.00000	0.00000	0.50000	1.00000	1.00000	1.00000	
0.00000	0.00000	0.00000	0.50000	1.00000	1.00000	1.00000	
0.00000	0.00000	0.00000	1.00000	1.00000	1.00000	
0.00000	0.00000	0.00000	0.50000	1.00000	1.00000	1.00000	
0.00000	0.00000	0.00000	1.00000	1.00000	1.00000	
0.00000	0.00000	0.00000	0.50000	1.00000	1.00000	1.00000	
0.00000	0.00000	0.00000	0.50000	1.00000	1.00000	1.00000	
0.00000	0.00000	0.00000	1.00000	1.00000	1.00000	
0.00000	0.00000	0.00000	0.50000	1.00000	1.00000	1.00000	
0.00000	0.00000	0.00000	1.00000	1.00000	1.00000	
0.00000	0.00000	0.00000	0.50000	1.00000	1.00000	1.00000	
0.00000	0.00000	0.00000	0.50000	1.00000	1.00000	1.00000	
0.00000	0.00000	0.00000	0.50000	1.00000	1.00000	1.00000	
0.00000	0.00000	0.00000	0.50000	1.00000	1.00000	1.00000	
0.00000	0.00000	0.00000	1.00000	1.00000	1.00000	
0.00000	0.00000	0.00000	0.50000	1.00000	1.00000	1.00000	
0.00000	0.00000	0.00000	1.00000	1.00000	1.00000	
0.00000	0.00000	0.00000	0.50000	1.00000	1.00000	1.00000	
0.00000	0.00000	0.00000	0.50000	1.00000	1.00000	1.00000	
0.00000	0.00000	0.00000	1.00000	1.00000	1.00000	
0.00000	0.00000	0.00000	0.50000	1.00000	1.00000	1.00000	
0.00000	0.00000	0.00000	1.00000	1.00000	1.00000	
0.00000	0.00000	0.00000	0.50000	1.00000	1.00000	1.00000	
0.00000	0.00000	0.00000	0.50000	1.00000	1.00000	1.00000	
0.00000	0.00000	0.00000	0.50000	1.00000	1.00000	1.00000	
0.00000	0.00000	0.00000	0.50000	1.00000	1.00000	1.00000	
0.00000	0.00000	0.00000	1.00000	1.00000	1.00000	
0.00000	0.00000	0.00000	0.50000	1.00000	1.00000	1.00000	
0.00000	0.00000	0.00000	1.00000	1.00000	1.00000	
0.00000	0.00000	0.00000	0.50000	1.00000	1.00000	1.00000	
0.00000	0.00000	0.00000	0.50000	1.00000	1.00000	1.00000	
0.00000	0.00000	0.00000	1.00000	1.00000	1.00000	
0.00000	0.00000	0.00000	0.50000	1.00000	1.00000	1.00000	
0.00000	0.00000	0.00000	1.00000	1.00000	1.00000	
0.00000	0.00000	0.00000	0.50000	1.00000	1.00000	1.00000	
0.00000	0.00000	0.00000	0.50000	1.00000	1.00000	1.00000	
0.00000	0.00000	0.00000	0.50000	1.00000	1.00000	1.00000	
0.00000	0.00000	0.00000	0.50000	1.00000	1.00000	1.00000	
0.00000	0.00000	0.00000	1.00000	1.00000	1.00000	

0	-50.0000000000	-100.0000000000	1.0000000000	
1	-47.0588235294	-100.0000000000	1.0000000000	
2	-41.1764705882	-100.0000000000	1.0000000000	
3	-35.2941176471	-100.0000000000	1.0000000000	
4	-29.4117647059	-100.0000000000	1.0000000000	
5	-23.5294117647	-100.0000000000	1.0000000000	
6	-17.6470588235	-100.0000000000	1.0000000000	
7	-11.7647058824	-100.0000000000	1.0000000000	
8	-5.8823529412	-100.0000000000	1.0000000000	
9	0.0000000000	-100.0000000000	1.0000000000	
10	5.8823529412	-100.0000000000	1.0000000000	
11	11.7647058824	-100.0000000000	1.0000000000	
12	17.6470588235	-100.0000000000	1.0000000000	
13	23.5294117647	-100.0000000000	1.0000000000	
14	29.4117647059	-100.0000000000	1.0000000000	
15	35.2941176471	-100.0000000000	1.0000000000	
16	41.1764705882	-100.0000000000	1.0000000000	
17	47.0588235294	-100.0000000000	1.0000000000	
18	50.0000000000	-100.0000000000	1.0000000000	
19	-50.0000000000	-96.5517241379	1.0000000000	
20	-47.0588235294	-96.5517241379	1.0000000000	
21	-41.1764705882	-96.5517241379	1.0000000000	
22	-35.2941176471	-96.5517241379	1.0000000000	
23	-29.4117647059	-96.5517241379	1.0000000000	
24	-23.5294117647	-96.5517241379	1.0000000000	
25	-17.6470588235	-96.5517241379	1.0000000000	
26	-11.7647058824	-96.5517241379	1.0000000000	
27	-5.8823529412	-96.5517241379	1.0000000000	
28	0.0000000000	-96.5517241379	1.0000000000	
29	5.8823529412	-96.5517241379	1.0000000000	
30	11.7647058824	-96.5517241379	1.0000000000	
31	17.6470588235	-96.5517241379	1.0000000000	
32	23.5294117647	-96.5517241379	1.0000000000	
33	29.4117647059	-96.5517241379	1.0000000000	
34	35.2941176471	-96.5517241379	1.0000000000	
35	41.1764705882	-96.5517241379	1.0000000000	
36	47.0588235294	-96.5517241379	1.0000000000	
37	50.0000000000	-96.5517241379	1.0000000000	
38	-50.0000000000	-89.6551724138	1.0000000000	
39	-47.0588235294	-89.6551724138	1.0000000000	
40	-41.1764705882	-89.6551724138	1.0000000000	
41	-35.2941176471	-89.6551724138	1.0000000000	
42	-29.4117647059	-89.6551724138	1.0000000000	
43	-23.5294117647	-89.6551724138	1.0000000000	
44	-17.6470588235	-89.6551724138	1.0000000000	
45	-11.7647058824	-89.6551724138	1.0000000000	
46	-5.8823529412	-89.6551724138	1.0000000000	
47	0.0000000000	-89.6551724138	1.0000000000	
48	5.8823529412	-89.6551724138	1.0000000000	
49	11.7647058824	-89.6551724138	1.0000000000	
50	17.6470588235	-89.6551724138	1.0000000000	
51	23.5294117647	-89.6551724138	1.0000000000	
52	29.4117647059	-89.6551724138	1.0000000000	
53	35.2941176471	-89.6551724138	1.0000000000	
54	41.1764705882	-89.6551724138	1.0000000000	
55	47.0588235294	-89.6551724138	1.0000000000	
56	50.0000000000	-89.6551724138	1.0000000000	
57	-50.0000000000	-82.7586206897	1.0000000000	
58	-47.0588235294	-82.7586206897	1.0000000000	
59	-41.1764705882	-82.7586206897	1.0000000000	
60	-35.2941176471	-82.7586206897	1.0000000000	
61	-29.4117647059	-82.7586206897	1.0000000000	
62	-23.5294117647	-82.7586206897	1.0000000000	
63	-17.6470588235	-82.7586206897	1.0000000000	
64	-11.7647058824	-82.7586206897	1.0000000000	
65	-5.8823529412	-82.7586206897	1.0000000000	
66	0.0000000000	-82.7586206897	1.0000000000	
67	5.8823529412	-82.7586206897	1.0000000000	
68	11.7647058824	-82.7586206897	1.0000000000	
69	17.6470588235	-82.7586206897	1.0000000000	
70	23.5294117647	-82.7586206897	1.0000000000	
71	29.4117647059	-82.7586206897	1.0000000000	
72	35.2941176471	-82.7586206897	1.0000000000	
73	41.1764705882	-82.7586206897	1.0000000000	
74	47.0588235294	-82.7586206897	1.0000000000	
75	50.0000000000	-82.7586206897	1.0000000000	
76	-50.0000000000	-75.8620689655	1.0000000000	
77	-47.0588235294	-75.8620689655	1.0000000000	
78	-41.1764705882	-75.8620689655	1.0000000000	
79	-35.2941176471	-75.8620689655	1.0000000000	
80	-29.4117647059	-75.8620689655	1.0000000000	
81	-23.5294117647	-75.8620689655	1.0000000000	
82	-17.6470588235	-75.8620689655	1.0000000000	
83	-11.7647058824	-75.8620689655	1.0000000000	
84	-5.8823529412	-75.8620689655	1.0000000000	
85	0.0000000000	-75.8620689655	1.0000000000	
86	5.8823529412	-75.8620689655	1.0000000000	
87	11.7647058824	-75.8620689655	1.0000000000	
88	17.6470588235	-75.8620689655	1.0000000000	
89	23.5294117647	-75.8620689655	1.0000000000	
90	29.4117647059	-75.8620689655	1.0000000000	
91	35.2941176471	-75.8620689655	1.0000000000	
92	41.1764705882	-75.8620689655	1.0000000000	
93	47.0588235294	-75.8620689655	1.0000000000	
94	50.0000000000	-75.8620689655	1.0000000000	
95	-50.0000000000	-68.9655172414	1.0000000000	
96	-47.0588235294	-68.9655172414	1.0000000000	
97	-41.1764705882	-68.9655172414	1.0000000000	
98	-35.2941176471	-68.9655172414	1.0000000000	
99	-29.4117647059	-68.9655172414	1.0000000000	
100	-23.5294117647	-68.9655172414	1.0000000000	
101	-17.6470588235	-68.9655172414	1.0000000000	
102	-11.7647058824	-68.9655172414	1.0000000000	
103	-5.8823529412	-68.9655172414	1.0000000000	
104	0.0000000000	-68.9655172414	1.0000000000	
105	5.8823529412	-68.9655172414	1.0000000000	
106	11.7647058824	-68.9655172414	1.0000000000	
107	17.6470588235	-68.9655172414	1.0000000000	
108	23.5294117647	-68.9655172414	1.0000000000	
109	29.4117647059	-68.9655172414	1.0000000000	
110	35.2941176471	-68.9655172414	1.0000000000	
111	41.1764705882	-68.9655172414	1.0000000000	
112	47.0588235294	-68.9655172414	1.0000000000	
113	50.0000000000	-68.9655172414	1.0000000000	
114	-50.0000000000	-62.0689655172	1.0000000000	
115	-47.0588235294	-62.0689655172	1.0000000000	
116	-41.1764705882	-62.0689655172	1.0000000000	
117	-35.2941176471	-62.0689655172	1.0000000000	
118	-29.4117647059	-62.0689655172	1.0000000000	
119	-23.5294117647	-62.0689655172	1.0000000000	
120	-17.6470588235	-62.0689655172	1.0000000000	
121	-11.7647058824	-62.0689655172	1.0000000000	
122	-5.8823529412	-62.0689655172	1.0000000000	
123	0.0000000000	-62.0689655172	1.0000000000	
124	5.8823529412	-62.0689655172	1.0000000000	
125	11.7647058824	-62.0689655172	1.0000000000	
126	17.6470588235	-62.0689655172	1.0000000000	
127	23.5294117647	-62.0689655172	1.0000000000	
128	29.4117647059	-62.0689655172	1.0000000000	
129	35.2941176471	-62.0689655172	1.0000000000	
130	41.1764705882	-62.0689655172	1.0000000000	
131	47.0588235294	-62.0689655172	1.0000000000	
132	50.0000000000	-62.0689655172	1.0000000000	
133	-50.0000000000	-55.1724137931	1.0000000000	
134	-47.0588235294	-55.1724137931	1.0000000000	
135	-41.1764705882	-55.1724137931	1.0000000000	
136	-35.2941176471	-55.1724137931	1.0000000000	
137	-29.4117647059	-55.1724137931	1.0000000000	
138	-23.5294117647	-55.1724137931	1.0000000000	
139	-17.6470588235	-55.1724137931	1.0000000000	
140	-11.7647058824	-55.1724137931	1.0000000000	
141	-5.8823529412	-55.1724137931	1.0000000000	
142	0.0000000000	-55.1724137931	1.0000000000	
143	5.8823529412	-55.1724137931	1.0000000000	
144	11.7647058824	-55.1724137931	1.0000000000	
145	17.6470588235	-55.1724137931	1.0000000000	
146	23.5294117647	-55.1724137931	1.0000000000	
147	29.4117647059	-55.1724137931	1.0000000000	
148	35.2941176471	-55.1724137931	1.0000000000	
149	41.1764705882	-55.1724137931	1.0000000000	
150	47.0588235294	-55.1724137931	1.0000000000	
151	50.0000000000	-55.1724137931	1.0000000000	
152	-50.0000000000	-48.2758620690	1.0000000000	
153	-47.0588235294	-48.2758620690	1.0000000000	
154	-41.1764705882	-48.2758620690	1.0000000000	
155	-35.2941176471	-48.2758620690	1.0000000000	
156	-29.4117647059	-48.2758620690	1.0000000000	
157	-23.5294117647	-48.2758620690	1.0000000000	
158	-17.6470588235	-48.2758620690	1.0000000000	
159	-11.7647058824	-48.2758620690	1.0000000000	
160	-5.8823529412	-48.2758620690	1.0000000000	
161	0.0000000000	-48.2758620690	1.0000000000	
162	5.8823529412	-48.2758620690	1.0000000000	
163	11.7647058824	-48.2758620690	1.0000000000	
164	17.6470588235	-48.2758620690	1.0000000000	
165	23.5294117647	-48.2758620690	1.0000000000	
166	29.4117647059	-48.2758620690	1.0000000000	
167	35.2941176471	-48.2758620690	1.0000000000	
168	41.1764705882	-48.2758620690	1.0000000000	
169	47.0588235294	-48.2758620690	1.0000000000	
170	50.0000000000	-48.2758620690	1.0000000000	
171	-50.0000000000	-41.3793103448	1.0000000000	
172	-47.0588235294	-41.3793103448	1.0000000000	
173	-41.1764705882	-41.3793103448	1.0000000000	
174	-35.2941176471	-41.3793103448	1.0000000000	
175	-29.4117647059	-41.3793103448	1.0000000000	
176	-23.5294117647	-41.3793103448	1.0000000000	
177	-17.6470588235	-41.3793103448	1.0000000000	
178	-11.7647058824	-41.3793103448	1.0000000000	
179	-5.8823529412	-41.3793103448	1.0000000000	
180	0.0000000000	-41.3793103448	1.0000000000	
181	5.8823529412	-41.3793103448	1.0000000000	
182	11.7647058824	-41.3793103448	1.0000000000	
183	17.6470588235	-41.3793103448	1.0000000000	
184	23.5294117647	-41.3793103448	1.0000000000	
185	29.4117647059	-41.3793103448	1.0000000000	
186	35.2941176471	-41.3793103448	1.0000000000	
187	41.1764705882	-41.3793103448	1.0000000000	
188	47.0588235294	-41.3793103448	1.0000000000	
189	50.0000000000	-41.3793103448	1.0000000000	
190	-50.0000000000	-34.4827586207	1.0000000000	
191	-47.0588235294	-34.4827586207	1.0000000000	
192	-41.1764705882	-34.4827586207	1.0000000000	
193	-35.2941176471	-34.4827586207	1.0000000000	
194	-29.4117647059	-34.4827586207	1.0000000000	
195	-23.5294117647	-34.4827586207	1.0000000000	
196	-17.6470588235	-34.4827586207	1.0000000000	
197	-11.7647058824	-34.4827586207	1.0000000000	
198	-5.8823529412	-34.4827586207	1.0000000000	
199	0.0000000000	-34.4827586207	1.0000000000	
200	5.8823529412	-34.4827586207	1.0000000000	
201	11.7647058824	-34.4827586207	1.0000000000	
202	17.6470588235	-34.4827586207	1.0000000000	
203	23.5294117647	-34.4827586207	1.0000000000	
204	29.4117647059	-34.4827586207	1.0000000000	
205	35.2941176471	-34.4827586207	1.0000000000	
206	41.1764705882	-34.4827586207	1.0000000000	
207	47.0588235294	-34.4827586207	1.0000000000	
208	50.0000000000	-34.4827586207	1.0000000000	
209	-50.0000000000	-27.5862068966	1.0000000000	
210	-47.0588235294	-27.5862068966	1.0000000000	
211	-41.1764705882	-27.5862068966	1.0000000000	
212	-35.2941176471	-27.5862068966	1.0000000000	
213	-29.4117647059	-27.5862068966	1.0000000000	
214	-23.5294117647	-27.5862068966	1.0000000000	
215	-17.6470588235	-27.5862068966	1.0000000000	
216	-11.7647058824	-27.5862068966	1.0000000000	
217	-5.8823529412	-27.5862068966	1.0000000000	
218	0.0000000000	-27.5862068966	1.0000000000	
219	5.8823529412	-27.5862068966	1.0000000000	
220	11.7647058824	-27.5862068966	1.0000000000	
221	17.6470588235	-27.5862068966	1.0000000000	
222	23.5294117647	-27.5862068966	1.0000000000	
223	29.4117647059	-27.5862068966	1.0000000000	
224	35.2941176471	-27.5862068966	1.0000000000	
225	41.1764705882	-27.5862068966	1.0000000000	
226	47.0588235294	-27.5862068966	1.0000000000	
227	50.0000000000	-27.5862068966	1.0000000000	
228	-50.0000000000	-20.6896551724	1.0000000000	
229	-47.0588235294	-20.6896551724	1.0000000000	
230	-41.1764705882	-20.6896551724	1.0000000000	
231	-35.2941176471	-20.6896551724	1.0000000000	
232	-29.4117647059	-20.6896551724	1.0000000000	
233	-23.5294117647	-20.6896551724	1.0000000000	
234	-17.6470588235	-20.6896551724	1.0000000000	
235	-11.7647058824	-20.6896551724	1.0000000000	
236	-5.8823529412	-20.6896551724	1.0000000000	
237	0.0000000000	-20.6896551724	1.0000000000	
238	5.8823529412	-20.6896551724	1.0000000000	
239	11.7647058824	-20.6896551724	1.0000000000	
240	17.6470588235	-20.6896551724	1.0000000000	
241	23.5294117647	-20.6896551724	1.0000000000	
242	29.4117647059	-20.6896551724	1.0000000000	
243	35.2941176471	-20.6896551724	1.0000000000	
244	41.1764705882	-20.6896551724	1.0000000000	
245	47.0588235294	-20.6896551724	1.0000000000	
246	50.0000000000	-20.6896551724	1.0000000000	
247	-50.0000000000	-13.7931034483	1.0000000000	
248	-47.0588235294	-13.7931034483	1.0000000000	
249	-41.1764705882	-13.7931034483	1.0000000000	
250	-35.2941176471	-13.7931034483	1.0000000000	
251	-29.4117647059	-13.7931034483	1.0000000000	
252	-23.5294117647	-13.7931034483	1.0000000000	
253	-17.6470588235	-13.7931034483	1.0000000000	
254	-11.7647058824	-13.7931034483	1.0000000000	
255	-5.8823529412	-13.7931034483	1.0000000000	
256	0.0000000000	-13.7931034483	1.0000000000	
257	5.8823529412	-13.7931034483	1.0000000000	
258	11.7647058824	-13.7931034483	1.0000000000	
259	17.6470588235	-13.7931034483	1.0000000000	
260	23.5294117647	-13.7931034483	1.0000000000	
261	29.4117647059	-13.7931034483	1.0000000000	
262	35.2941176471	-13.7931034483	1.0000000000	
263	41.1764705882	-13.7931034483	1.0000000000	
264	47.0588235294	-13.7931034483	1.0000000000	
265	50.0000000000	-13.7931034483	1.0000000000	
266	-50.0000000000	-6.8965517241	1.0000000000	
267	-47.0588235294	-6.8965517241	1.0000000000	
268	-41.1764705882	-6.8965517241	1.0000000000	
269	-35.2941176471	-6.8965517241	1.0000000000	
270	-29.4117647059	-6.8965517241	1.0000000000	
271	-23.5294117647	-6.8965517241	1.0000000000	
272	-17.6470588235	-6.8965517241	1.0000000000	
273	-11.7647058824	-6.8965517241	1.0000000000	
274	-5.8823529412	-6.8965517241	1.0000000000	
275	0.0000000000	-6.8965517241	1.0000000000	
276	5.8823529412	-6.8965517241	1.0000000000	
277	11.7647058824	-6.8965517241	1.0000000000	
278	17.6470588235	-6.8965517241	1.0000000000	
279	23.5294117647	-6.8965517241	1.0000000000	
280	29.4117647059	-6.8965517241	1.0000000000	
281	35.2941176471	-6.8965517241	1.0000000000	
282	41.1764705882	-6.8965517241	1.0000000000	
283	47.0588235294	-6.8965517241	1.0000000000	
284	50.0000000000	-6.8965517241	1.0000000000	
285	-50.0000000000	0.0000000000	1.0000000000	
286	-47.0588235294	0.0000000000	1.0000000000	
287	-41.1764705882	0.0000000000	1.0000000000	
288	-35.2941176471	0.0000000000	1.0000000000	
289	-29.4117647059	0.0000000000	1.0000000000	
290	-23.5294117647	0.0000000000	1.0000000000	
291	-17.6470588235	0.0000000000	1.0000000000	
292	-11.7647058824	0.0000000000	1.0000000000	
293	-5.8823529412	0.0000000000	1.0000000000	
294	0.0000000000	0.0000000000	1.0000000000	
295	5.8823529412	0.0000000000	1.0000000000	
296	11.7647058824	0.0000000000	1.0000000000	
297	17.6470588235	0.0000000000	1.0000000000	
298	23.5294117647	0.0000000000	1.0000000000	
299	29.4117647059	0.0000000000	1.0000000000	
300	35.2941176471	0.0000000000	1.0000000000	
301	41.1764705882	0.0000000000	1.0000000000	
302	47.0588235294	0.0000000000	1.0000000000	
303	50.0000000000	0.0000000000	1.0000000000	
304	-50.0000000000	6.8965517241	1.0000000000	
305	-47.0588235294	6.8965517241	1.0000000000	
306	-41.1764705882	6.8965517241	1.0000000000	
307	-35.2941176471	6.8965517241	1.0000000000	
308	-29.4117647059	6.8965517241	1.0000000000	
309	-23.5294117647	6.8965517241	1.0000000000	
310	-17.6470588235	6.8965517241	1.0000000000	
311	-11.7647058824	6.8965517241	1.0000000000	
312	-5.8823529412	6.8965517241	1.0000000000	
313	0.0000000000	6.8965517241	1.0000000000	
314	5.8823529412	6.8965517241	1.0000000000	
315	11.7647058824	6.8965517241	1.0000000000	
316	17.6470588235	6.8965517241	1.0000000000	
317	23.5294117647	6.8965517241	1.0000000000	
318	29.4117647059	6.8965517241	1.0000000000	
319	35.2941176471	6.8965517241	1.0000000000	
320	41.1764705882	6.8965517241	1.0000000000	
321	47.0588235294	6.8965517241	1.0000000000	
322	50.0000000000	6.8965517241	1.0000000000	
323	-50.0000000000	13.7931034483	1.0000000000	
324	-47.0588235294	13.7931034483	1.0000000000	
325	-41.1764705882	13.7931034483	1.0000000000	
326	-35.2941176471	13.7931034483	1.0000000000	
327	-29.4117647059	13.7931034483	1.0000000000	
328	-23.5294117647	13.7931034483	1.0000000000	
329	-17.6470588235	13.7931034483	1.0000000000	
330	-11.7647058824	13.7931034483	1.0000000000	
331	-5.8823529412	13.7931034483	1.0000000000	
332	0.0000000000	13.7931034483	1.0000000000	
333	5.8823529412	13.7931034483	1.0000000000	
334	11.7647058824	13.7931034483	1.0000000000	
335	17.6470588235	13.7931034483	1.0000000000	
336	23.5294117647	13.7931034483	1.0000000000	
337	29.4117647059	13.7931034483	1.0000000000	
338	35.2941176471	13.7931034483	1.0000000000	
339	41.1764705882	13.7931034483	1.0000000000	
340	47.0588235294	13.7931034483	1.0000000000	
341	50.0000000000	13.7931034483	1.0000000000	
342	-50.0000000000	20.6896551724	1.0000000000	
343	-47.0588235294	20.6896551724	1.0000000000	
344	-41.1764705882	20.6896551724	1.0000000000	
345	-35.2941176471	20.6896551724	1.0000000000	
346	-29.4117647059	20.6896551724	1.0000000000	
347	-23.5294117647	20.6896551724	1.0000000000	
348	-17.6470588235	20.6896551724	1.0000000000	
349	-11.7647058824	20.6896551724	1.0000000000	
350	-5.8823529412	20.6896551724	1.0000000000	
351	0.0000000000	20.6896551724	1.0000000000	
352	5.8823529412	20.6896551724	1.0000000000	
353	11.7647058824	20.6896551724	1.0000000000	
354	17.6470588235	20.6896551724	1.0000000000	
355	23.5294117647	20.6896551724	1.0000000000	
356	29.4117647059	20.6896551724	1.0000000000	
357	35.2941176471	20.6896551724	1.0000000000	
358	41.1764705882	20.6896551724	1.0000000000	
359	47.0588235294	20.6896551724	1.0000000000	
360	50.0000000000	20.6896551724	1.0000000000	
361	-50.0000000000	27.5862068966	1.0000000000	
362	-47.0588235294	27.5862068966	1.0000000000	
363	-41.1764705882	27.5862068966	1.0000000000	
364	-35.2941176471	27.5862068966	1.0000000000	
365	-29.4117647059	27.5862068966	1.0000000000	
366	-23.5294117647	27.5862068966	1.0000000000	
367	-17.6470588235	27.5862068966	1.0000000000	
368	-11.7647058824	27.5862068966	1.0000000000	
369	-5.8823529412	27.5862068966	1.0000000000	
370	0.0000000000	27.5862068966	1.0000000000	
371	5.8823529412	27.5862068966	1.0000000000	
372	11.7647058824	27.5862068966	1.0000000000	
373	17.6470588235	27.5862068966	1.0000000000	
374	23.5294117647	27.5862068966	1.0000000000	
375	29.4117647059	27.5862068966	1.0000000000	
376	35.2941176471	27.5862068966	1.0000000000	
377	41.1764705882	27.5862068966	1.0000000000	
378	47.0588235294	27.5862068966	1.0000000000	
379	50.0000000000	27.5862068966	1.0000000000	
380	-50.0000000000	34.4827586207	1.0000000000	
381	-47.0588235294	34.4827586207	1.0000000000	
382	-41.1764705882	34.4827586207	1.0000000000	
383	-35.2941176471	34.4827586207	1.0000000000	
384	-29.4117647059	34.4827586207	1.0000000000	
385	-23.5294117647	34.4827586207	1.0000000000	
386	-17.6470588235	34.4827586207	1.0000000000	
387	-11.7647058824	34.4827586207	1.0000000000	
388	-5.8823529412	34.4827586207	1.0000000000	
389	0.0000000000	34.4827586207	1.0000000000	
390	5.8823529412	34.4827586207	1.0000000000	
391	11.7647058824	34.4827586207	1.0000000000	
392	17.6470588235	34.4827586207	1.0000000000	
393	23.5294117647	34.4827586207	1.0000000000	
394	29.4117647059	34.4827586207	1.0000000000	
395	35.2941176471	34.4827586207	1.0000000000	
396	41.1764705882	34.4827586207	1.0000000000	
397	47.0588235294	34.4827586207	1.0000000000	
398	50.0000000000	34.4827586207	1.0000000000	
399	-50.0000000000	41.3793103448	1.0000000000	
400	-47.0588235294	41.3793103448	1.0000000000	
401	-41.1764705882	41.3793103448	1.0000000000	
402	-35.2941176471	41.3793103448	1.0000000000	
403	-29.4117647059	41.3793103448	1.0000000000	
404	-23.5294117647	41.3793103448	1.0000000000	
405	-17.6470588235	41.3793103448	1.0000000000	
406	-11.7647058824	41.3793103448	1.0000000000	
407	-5.8823529412	41.3793103448	1.0000000000	
408	0.0000000000	41.3793103448	1.0000000000	
409	5.8823529412	41.3793103448	1.0000000000	
410	11.7647058824	41.3793103448	1.0000000000	
411	17.6470588235	41.3793103448	1.0000000000	
412	23.5294117647	41.3793103448	1.0000000000	
413	29.4117647059	41.3793103448	1.0000000000	
414	35.2941176471	41.3793103448	1.0000000000	
415	41.1764705882	41.3793103448	1.0000000000	
416	47.0588235294	41.3793103448	1.0000000000	
417	50.0000000000	41.3793103448	1.0000000000	
418	-50.0000000000	48.2758620690	1.0000000000	
419	-47.0588235294	48.2758620690	1.0000000000	
420	-41.1764705882	48.2758620690	1.0000000000	
421	-35.2941176471	48.2758620690	1.0000000000	
422	-29.4117647059	48.2758620690	1.0000000000	
423	-23.5294117647	48.2758620690	1.0000000000	
424	-17.6470588235	48.2758620690	1.0000000000	
425	-11.7647058824	48.2758620690	1.0000000000	
426	-5.8823529412	48.2758620690	1.0000000000	
427	0.0000000000	48.2758620690	1.0000000000	
428	5.8823529412	48.2758620690	1.0000000000	
429	11.7647058824	48.2758620690	1.0000000000	
430	17.6470588235	48.2758620690	1.0000000000	
431	23.5294117647	48.2758620690	1.0000000000	
432	29.4117647059	48.2758620690	1.0000000000	
433	35.2941176471	48.2758620690	1.0000000000	
434	41.1764705882	48.2758620690	1.0000000000	
435	47.0588235294	48.2758620690	1.0000000000	
436	50.0000000000	48.2758620690	1.0000000000	
437	-50.0000000000	55.1724137931	1.0000000000	
438	-47.0588235294	55.1724137931	1.0000000000	
439	-41.1764705882	55.1724137931	1.0000000000	
440	-35.2941176471	55.1724137931	1.0000000000	
441	-29.4117647059	55.1724137931	1.0000000000	
442	-23.5294117647	55.1724137931	1.0000000000	
443	-17.6470588235	55.1724137931	1.0000000000	
444	-11.7647058824	55.1724137931	1.0000000000	
445	-5.8823529412	55.1724137931	1.0000000000	
446	0.0000000000	55.1724137931	1.0000000000	
447	5.8823529412	55.1724137931	1.0000000000	
448	11.7647058824	55.1724137931	1.0000000000	
449	17.6470588235	55.1724137931	1.0000000000	
450	23.5294117647	55.1724137931	1.0000000000	
451	29.4117647059	55.1724137931	1.0000000000	
452	35.2941176471	55.1724137931	1.0000000000	
453	41.1764705882	55.1724137931	1.0000000000	
454	47.0588235294	55.1724137931	1.0000000000	
455	50.0000000000	55.1724137931	1.0000000000	
456	-50.0000000000	62.0689655172	1.0000000000	
457	-47.0588235294	62.0689655172	1.0000000000	
458	-41.1764705882	62.0689655172	1.0000000000	
459	-35.2941176471	62.0689655172	1.0000000000	
460	-29.4117647059	62.0689655172	1.0000000000	
461	-23.5294117647	62.0689655172	1.0000000000	
462	-17.6470588235	62.0689655172	1.0000000000	
463	-11.7647058824	62.0689655172	1.0000000000	
464	-5.8823529412	62.0689655172	1.0000000000	
465	0.0000000000	62.0689655172	1.0000000000	
466	5.8823529412	62.0689655172	1.0000000000	
467	11.7647058824	62.0689655172	1.0000000000	
468	17.6470588235	62.0689655172	1.0000000000	
469	23.5294117647	62.0689655172	1.0000000000	
470	29.4117647059	62.0689655172	1.0000000000	
471	35.2941176471	62.0689655172	1.0000000000	
472	41.1764705882	62.0689655172	1.0000000000	
473	47.0588235294	62.0689655172	1.0000000000	
474	50.0000000000	62.0689655172	1.0000000000	
475	-50.0000000000	68.9655172414	1.0000000000	
476	-47.0588235294	68.9655172414	1.0000000000	
477	-41.1764705882	68.9655172414	1.0000000000	
478	-35.2941176471	68.9655172414	1.0000000000	
479	-29.4117647059	68.9655172414	1.0000000000	
480	-23.5294117647	68.9655172414	1.0000000000	
481	-17.6470588235	68.9655172414	1.0000000000	
482	-11.7647058824	68.9655172414	1.0000000000	
483	-5.8823529412	68.9655172414	1.0000000000	
484	0.0000000000	68.9655172414	1.0000000000	
485	5.8823529412	68.9655172414	1.0000000000	
486	11.7647058824	68.9655172414	1.0000000000	
487	17.6470588235	68.9655172414	1.0000000000	
488	23.5294117647	68.9655172414	1.0000000000	
489	29.4117647059	68.9655172414	1.0000000000	
490	35.2941176471	68.9655172414	1.0000000000	
491	41.1764705882	68.9655172414	1.0000000000	
492	47.0588235294	68.9655172414	1.0000000000	
493	50.0000000000	68.9655172414	1.0000000000	
494	-50.0000000000	75.8620689655	1.0000000000	
495	-47.0588235294	75.8620689655	1.0000000000	
496	-41.1764705882	75.8620689655	1.0000000000	
497	-35.2941176471	75.8620689655	1.0000000000	
498	-29.4117647059	75.8620689655	1.0000000000	
499	-23.5294117647	75.8620689655	1.0000000000	
500	-17.6470588235	75.8620689655	1.0000000000	
501	-11.7647058824	75.8620689655	1.0000000000	
502	-5.8823529412	75.8620689655	1.0000000000	
503	0.0000000000	75.8620689655	1.0000000000	
504	5.8823529412	75.8620689655	1.0000000000	
505	11.7647058824	75.8620689655	1.0000000000	
506	17.6470588235	75.8620689655	1.0000000000	
507	23.5294117647	75.8620689655	1.0000000000	
508	29.4117647059	75.8620689655	1.0000000000	
509	35.2941176471	75.8620689655	1.0000000000	
510	41.1764705882	75.8620689655	1.0000000000	
511	47.0588235294	75.8620689655	1.0000000000	
512	50.0000000000	75.8620689655	1.0000000000	
513	-50.0000000000	82.7586206897	1.0000000000	
514	-47.0588235294	82.7586206897	1.0000000000	
515	-41.1764705882	82.7586206897	1.0000000000	
516	-35.2941176471	82.7586206897	1.0000000000	
517	-29.4117647059	82.7586206897	1.0000000000	
518	-23.5294117647	82.7586206897	1.0000000000	
519	-17.6470588235	82.7586206897	1.0000000000	
520	-11.7647058824	82.7586206897	1.0000000000	
521	-5.8823529412	82.7586206897	1.0000000000	
522	0.0000000000	82.7586206897	1.0000000000	
523	5.8823529412	82.7586206897	1.0000000000	
524	11.7647058824	82.7586206897	1.0000000000	
525	17.6470588235	82.7586206897	1.0000000000	
526	23.5294117647	82.7586206897	1.0000000000	
527	29.4117647059	82.7586206897	1.0000000000	
528	35.2941176471	82.7586206897	1.0000000000	
529	41.1764705882	82.7586206897	1.0000000000	
530	47.0588235294	82.7586206897	1.0000000000	
531	50.0000000000	82.7586206897	1.0000000000	
532	-50.0000000000	89.6551724138	1.0000000000	
533	-47.0588235294	89.6551724138	1.0000000000	
534	-41.1764705882	89.6551724138	1.0000000000	
535	-35.2941176471	89.6551724138	1.0000000000	
536	-29.4117647059	89.6551724138	1.0000000000	
537	-23.5294117647	89.6551724138	1.0000000000	
538	-17.6470588235	89.6551724138	1.0000000000	
539	-11.7647058824	89.6551724138	1.0000000000	
540	-5.8823529412	89.6551724138	1.0000000000	
541	0.0000000000	89.6551724138	1.0000000000	
542	5.8823529412	89.6551724138	1.0000000000	
543	11.7647058824	89.6551724138	1.0000000000	
544	17.6470588235	89.6551724138	1.0000000000	
545	23.5294117647	89.6551724138	1.0000000000	
546	29.4117647059	89.6551724138	1.0000000000	
547	35.2941176471	89.6551724138	1.0000000000	
548	41.1764705882	89.6551724138	1.0000000000	
549	47.0588235294	89.6551724138	1.0000000000	
550	50.0000000000	89.6551724138	1.0000000000	
551	-50.0000000000	96.5517241379	1.0000000000	
552	-47.0588235294	96.5517241379	1.0000000000	
553	-41.1764705882	96.5517241379	1.0000000000	
554	-35.2941176471	96.5517241379	1.0000000000	
555	-29.4117647059	96.5517241379	1.0000000000	
556	-23.5294117647	96.5517241379	1.0000000000	
557	-17.6470588235	96.5517241379	1.0000000000	
558	-11.7647058824	96.5517241379	1.0000000000	
559	-5.8823529412	96.5517241379	1.0000000000	
560	0.0000000000	96.5517241379	1.0000000000	
561	5.8823529412	96.5517241379	1.0000000000	
562	11.7647058824	96.5517241379	1.0000000000	
563	17.6470588235	96.5517241379	1.0000000000	
564	23.5294117647	96.5517241379	1.0000000000	
565	29.4117647059	96.5517241379	1.0000000000	
566	35.2941176471	96.5517241379	1.0000000000	
567	41.1764705882	96.5517241379	1.0000000000	
568	47.0588235294	96.5517241379	1.0000000000	
569	50.0000000000	96.5517241379	1.0000000000	
570	-50.0000000000	100.0000000000	1.0000000000	
571	-47.0588235294	100.0000000000	1.0000000000	
572	-41.1764705882	100.0000000000	1.0000000000	
573	-35.2941176471	100.0000000000	1.0000000000	
574	-29.4117647059	100.0000000000	1.0000000000	
575	-23.5294117647	100.0000000000	1.0000000000	
576	-17.6470588235	100.0000000000	1.0000000000	
577	-11.7647058824	100.0000000000	1.0000000000	
578	-5.8823529412	100.0000000000	1.0000000000	
579	0.0000000000	100.0000000000	1.0000000000	
580	5.8823529412	100.0000000000	1.0000000000	
581	11.7647058824	100.0000000000	1.0000000000	
582	17.6470588235	100.0000000000	1.0000000000	
583	23.5294117647	100.0000000000	1.0000000000	
584	29.4117647059	100.0000000000	1.0000000000	
585	35.2941176471	100.0000000000	1.0000000000	
586	41.1764705882	100.0000000000	1.0000000000	
587	47.0588235294	100.0000000000	1.0000000000	
588	50.0000000000	100.0000000000	1.0000000000	
589	3.5355339059	3.5355339059	1.0000000000	
590	3.5355339059	3.5355339059	1.0000000000	
591	3.8890872965	3.8890872965	1.0000000000	
592	4.2426406871	4.2426406871	1.0000000000	
593	3.5355339059	3.5355339059	1.0000000000	
594	3.5355339059	3.5355339059	1.0000000000	
595	3.7123106012	4.0658639918	1.0000000000	
596	3.8890872965	4.5961940777	1.0000000000	
597	3.5355339059	3.5355339059	1.0000000000	
598	3.5355339059	3.5355339059	1.0000000000	
599	3.5355339059	4.2426406871	1.0000000000	
600	3.5355339059	4.9497474683	1.0000000000	
601	3.5355339059	3.5355339059	1.0000000000	
602	3.5355339059	3.5355339059	1.0000000000	
603	3.3587572106	4.0658639918	1.0000000000	
604	3.1819805153	4.5961940777	1.0000000000	
605	3.5355339059	3.5355339059	1.0000000000	
606	3.5355339059	3.5355339059	1.0000000000	
607	3.1819805153	3.8890872965	1.0000000000	
608	2.8284271247	4.2426406871	1.0000000000	
609	3.5355339059	3.5355339059	1.0000000000	
610	3.5355339059	3.5355339059	1.0000000000	
611	3.0052038200	3.7123106012	1.0000000000	
612	2.4748737342	3.8890872965	1.0000000000	
613	3.5355339059	3.5355339059	1.0000000000	
614	3.5355339059	3.5355339059	1.0000000000	
615	2.8284271247	3.5355339059	1.0000000000	
616	2.1213203436	3.5355339059	1.0000000000	
617	3.5355339059	3.5355339059	1.0000000000	
618	3.5355339059	3.5355339059	1.0000000000	
619	3.0052038200	3.3587572106	1.0000000000	
620	2.4748737342	3.1819805153	1.0000000000	
621	3.5355339059	3.5355339059	1.0000000000	
622	3.5355339059	3.5355339059	1.0000000000	
623	3.1819805153	3.1819805153	1.0000000000	
624	2.8284271247	2.8284271247	1.0000000000	
625	3.5355339059	3.5355339059	1.0000000000	
626	3.1819805153	3.1819805153	1.0000000000	
627	2.8284271247	2.8284271247	1.0000000000	
628	3.5355339059	3.5355339059	1.0000000000	
629	3.5355339059	3.5355339059	1.0000000000	
630	3.3587572106	3.0052038200	1.0000000000	
631	3.1819805153	2.4748737342	1.0000000000	
632	3.5355339059	3.5355339059	1.0000000000	
633	3.5355339059	3.5355339059	1.0000000000	
634	3.5355339059	2.8284271247	1.0000000000	
635	3.5355339059	2.1213203436	1.0000000000	
636	3.5355339059	3.5355339059	1.0000000000	
637	3.5355339059	3.5355339059	1.0000000000	
638	3.7123106012	3.0052038200	1.0000000000	
639	3.8890872965	2.4748737342	1.0000000000	
640	3.5355339059	3.5355339059	1.0000000000	
641	3.5355339059	3.5355339059	1.0000000000	
642	3.8890872965	3.1819805153	1.0000000000	
643	4.2426406871	2.8284271247	1.0000000000	
644	3.5355339059	3.5355339059	1.0000000000	
645	3.5355339059	3.5355339059	1.0000000000	
646	4.0658639918	3.3587572106	1.0000000000	
647	4.5961940777	3.1819805153	1.0000000000	
648	3.5355339059	3.5355339059	1.0000000000	
649	3.5355339059	3.5355339059	1.0000000000	
650	4.2426406871	3.5355339059	1.0000000000	
651	4.9497474683	3.5355339059	1.0000000000	
652	3.5355339059	3.5355339059	1.0000000000	
653	3.5355339059	3.5355339059	1.0000000000	
654	4.0658639918	3.7123106012	1.0000000000	
655	4.5961940777	3.8890872965	1.0000000000	
656	-3.5355339059	-3.5355339059	1.0000000000	
657	-3.5355339059	-3.5355339059	1.0000000000	
658	-3.1819805153	-3.1819805153	1.0000000000	
659	-2.8284271247	-2.8284271247	1.0000000000	
660	-3.5355339059	-3.5355339059	1.0000000000	
661	-3.5355339059	-3.5355339059	1.0000000000	
662	-3.3587572106	-3.0052038200	1.0000000000	
663	-3.1819805153	-2.4748737342	1.0000000000	
664	-3.5355339059	-3.5355339059	1.0000000000	
665	-3.5355339059	-3.5355339059	1.0000000000	
666	-3.5355339059	-2.8284271247	1.0000000000	
667	-3.5355339059	-2.1213203436	1.0000000000	
668	-3.5355339059	-3.5355339059	1.0000000000	
669	-3.5355339059	-3.5355339059	1.0000000000	
670	-3.7123106012	-3.0052038200	1.0000000000	
671	-3.8890872965	-2.4748737342	1.0000000000	
672	-3.5355339059	-3.5355339059	1.0000000000	
673	-3.5355339059	-3.5355339059	1.0000000000	
674	-3.8890872965	-3.1819805153	1.0000000000	
675	-4.2426406871	-2.8284271247	1.0000000000	
676	-3.5355339059	-3.5355339059	1.0000000000	
677	-3.5355339059	-3.5355339059	1.0000000000	
678	-4.0658639918	-3.3587572106	1.0000000000	
679	-4.5961940777	-3.1819805153	1.0000000000	
680	-3.5355339059	-3.5355339059	1.0000000000	
681	-3.5355339059	-3.5355339059	1.0000000000	
682	-4.2426406871	-3.5355339059	1.0000000000	
683	-4.9497474683	-3.5355339059	1.0000000000	
684	-3.5355339059	-3.5355339059	1.0000000000	
685	-3.5355339059	-3.5355339059	1.0000000000	
686	-4.0658639918	-3.7123106012	1.0000000000	
687	-4.5961940777	-3.8890872965	1.0000000000	
688	-3.5355339059	-3.5355339059	1.0000000000	
689	-3.5355339059	-3.5355339059	1.0000000000	
690	-3.8890872965	-3.8890872965	1.0000000000	
691	-4.2426406871	-4.2426406871	1.0000000000	
692	-3.5355339059	-3.5355339059	1.0000000000	
693	-3.5355339059	-3.5355339059	1.0000000000	
694	-3.7123106012	-4.0658639918	1.0000000000	
695	-3.8890872965	-4.5961940777	1.0000000000	
696	-3.5355339059	-3.5355339059	1.0000000000	
697	-3.5355339059	-3.5355339059	1.0000000000	
698	-3.5355339059	-4.2426406871	1.0000000000	
699	-3.5355339059	-4.9497474683	1.0000000000	
700	-3.5355339059	-3.5355339059	1.0000000000	
701	-3.5355339059	-3.5355339059	1.0000000000	
702	-3.3587572106	-4.0658639918	1.0000000000	
703	-3.1819805153	-4.5961940777	1.0000000000	
704	-3.5355339059	-3.5355339059	1.0000000000	
705	-3.5355339059	-3.5355339059	1.0000000000	
706	-3.1819805153	-3.8890872965	1.0000000000	
707	-2.8284271247	-4.2426406871	1.0000000000	
708	-3.5355339059	-3.5355339059	1.0000000000	
709	-3.5355339059	-3.5355339059	1.0000000000	
710	-3.0052038200	-3.7123106012	1.0000000000	
711	-2.4748737342	-3.8890872965	1.0000000000	
712	-3.5355339059	-3.5355339059	1.0000000000	
713	-3.5355339059	-3.5355339059	1.0000000000	
714	-2.8284271247	-3.5355339059	1.0000000000	
715	-2.1213203436	-3.5355339059	1.0000000000	
716	-3.5355339059	-3.5355339059	1.0000000000	
717	-3.5355339059	-3.5355339059	1.0000000000	
718	-3.0052038200	-3.3587572106	1.0000000000	
719	-2.4748737342	-3.1819805153	1.0000000000	
720	-3.5355339059	-3.5355339059	1.0000000000	
721	-3.1819805153	-3.1819805153	1.0000000000	
722	-2.8284271247	-2.8284271247	1.0000000000	
723	4.7729707730	4.7729707730	1.0000000000	
724	5.8336309448	5.8336309448	1.0000000000	
725	6.3639610307	6.3639610307	1.0000000000	
726	4.4194173824	5.1265241636	1.0000000000	
727	5.4800775542	6.1871843354	1.0000000000	
728	6.0104076401	6.7175144213	1.0000000000	
729	4.0658639918	5.4800775542	1.0000000000	
730	5.1265241636	6.5407377260	1.0000000000	
731	5.6568542495	7.0710678119	1.0000000000	
732	1.9445436483	6.5407377260	1.0000000000	
733	2.4748737342	7.0710678119	1.0000000000	
734	3.5355339059	8.1317279836	1.0000000000	
735	4.0658639918	8.6620580695	1.0000000000	
736	-1.2374368671	9.7227182413	1.0000000000	
737	-0.7071067812	10.2530483272	1.0000000000	
738	0.3535533906	11.3137084990	1.0000000000	
739	0.8838834765	11.8440385849	1.0000000000	
740	-2.8284271247	11.3137084990	1.0000000000	
741	-2.2980970389	11.8440385849	1.0000000000	
742	-1.2374368671	12.9046987567	1.0000000000	
743	-0.7071067812	13.4350288425	1.0000000000	
744	1.2374368671	5.8336309448	1.0000000000	
745	1.5909902577	6.1871843354	1.0000000000	
746	-1.9445436483	9.0156114601	1.0000000000	
747	-1.5909902577	9.3691648507	1.0000000000	
748	-3.5355339059	10.6066017178	1.0000000000	
749	-3.1819805153	10.9601551084	1.0000000000	
750	0.5303300859	5.1265241636	1.0000000000	
751	0.8838834765	5.4800775542	1.0000000000	
752	-2.6516504294	8.3085046789	1.0000000000	
753	-2.2980970389	8.6620580695	1.0000000000	
754	-4.2426406871	9.8994949366	1.0000000000	
755	-3.8890872965	10.2530483272	1.0000000000	
756	-0.7071067812	0.7071067812	1.0000000000	
757	0.0000000000	1.4142135624	1.0000000000	
758	1.4142135624	2.8284271247	1.0000000000	
759	-2.2980970389	2.2980970389	1.0000000000	
760	-1.5909902577	3.0052038200	1.0000000000	
761	-0.1767766953	4.4194173824	1.0000000000	
762	-5.4800775542	5.4800775542	1.0000000000	
763	-4.7729707730	6.1871843354	1.0000000000	
764	-3.3587572106	7.6013978978	1.0000000000	
765	-7.0710678119	7.0710678119	1.0000000000	
766	-6.3639610307	7.7781745931	1.0000000000	
767	-4.9497474683	9.1923881554	1.0000000000	
768	0.0000000000	0.0000000000	1.0000000000	
769	0.7071067812	0.7071067812	1.0000000000	
770	2.1213203436	2.1213203436	1.0000000000	
771	-0.3535533906	0.3535533906	1.0000000000	
772	0.3535533906	1.0606601718	1.0000000000	
773	1.7677669530	2.4748737342	1.0000000000	
774	0.7071067812	-0.7071067812	1.0000000000	
775	1.4142135624	-0.0000000000	1.0000000000	
776	2.8284271247	1.4142135624	1.0000000000	
777	0.3535533906	-0.3535533906	1.0000000000	
778	1.0606601718	0.3535533906	1.0000000000	
779	2.4748737342	1.7677669530	1.0000000000	
780	0.0000000000	0.0000000000	1.0000000000	
781	0.7071067812	0.7071067812	1.0000000000	
782	2.1213203436	2.1213203436	1.0000000000	
783	7.0710678119	-7.0710678119	1.0000000000	
784	7.7781745931	-6.3639610307	1.0000000000	
785	9.1923881554	-4.9497474683	1.0000000000	
786	9.8994949366	-4.2426406871	1.0000000000	
787	5.4800775542	-5.4800775542	1.0000000000	
788	6.1871843354	-4.7729707730	1.0000000000	
789	7.6013978978	-3.3587572106	1.0000000000	
790	8.3085046789	-2.6516504294	1.0000000000	
791	2.2980970389	-2.2980970389	1.0000000000	
792	3.0052038200	-1.5909902577	1.0000000000	
793	4.4194173824	-0.1767766953	1.0000000000	
794	5.1265241636	0.5303300859	1.0000000000	
795	10.2530483272	-3.8890872965	1.0000000000	
796	10.6066017178	-3.5355339059	1.0000000000	
797	8.6620580695	-2.2980970389	1.0000000000	
798	9.0156114601	-1.9445436483	1.0000000000	
799	5.4800775542	0.8838834765	1.0000000000	
800	5.8336309448	1.2374368671	1.0000000000	
801	10.9601551084	-3.1819805153	1.0000000000	
802	11.3137084990	-2.8284271247	1.0000000000	
803	9.3691648507	-1.5909902577	1.0000000000	
804	9.7227182413	-1.2374368671	1.0000000000	
805	6.1871843354	1.5909902577	1.0000000000	
806	6.5407377260	1.9445436483	1.0000000000	
807	11.8440385849	-2.2980970389	1.0000000000	
808	12.9046987567	-1.2374368671	1.0000000000	
809	13.4350288425	-0.7071067812	1.0000000000	
810	10.2530483272	-0.7071067812	1.0000000000	
811	11.3137084990	0.3535533906	1.0000000000	
812	11.8440385849	0.8838834765	1.0000000000	
813	7.0710678119	2.4748737342	1.0000000000	
814	8.1317279836	3.5355339059	1.0000000000	
815	8.6620580695	4.0658639918	1.0000000000	
816	5.4800775542	4.0658639918	1.0000000000	
817	6.5407377260	5.1265241636	1.0000000000	
818	7.0710678119	5.6568542495	1.0000000000	
819	5.1265241636	4.4194173824	1.0000000000	
820	6.1871843354	5.4800775542	1.0000000000	
821	6.7175144213	6.0104076401	1.0000000000	
822	-2.1213203436	-2.1213203436	1.0000000000	
823	-0.7071067812	-0.7071067812	1.0000000000	
824	-2.4748737342	-1.7677669530	1.0000000000	
825	-1.0606601718	-0.3535533906	1.0000000000	
826	-2.8284271247	-1.4142135624	1.0000000000	
827	-1.4142135624	0.0000000000	1.0000000000	
828	-5.1265241636	-0.5303300859	1.0000000000	
829	-4.4194173824	0.1767766953	1.0000000000	
830	-3.0052038200	1.5909902577	1.0000000000	
831	-8.3085046789	2.6516504294	1.0000000000	
832	-7.6013978978	3.3587572106	1.0000000000	
833	-6.1871843354	4.7729707730	1.0000000000	
834	-9.8994949366	4.2426406871	1.0000000000	
835	-9.1923881554	4.9497474683	1.0000000000	
836	-7.7781745931	6.3639610307	1.0000000000	
837	-5.8336309448	-1.2374368671	1.0000000000	
838	-5.4800775542	-0.8838834765	1.0000000000	
839	-9.0156114601	1.9445436483	1.0000000000	
840	-8.6620580695	2.2980970389	1.0000000000	
841	-10.6066017178	3.5355339059	1.0000000000	
842	-10.2530483272	3.8890872965	1.0000000000	
843	-6.5407377260	-1.9445436483	1.0000000000	
844	-6.1871843354	-1.5909902577	1.0000000000	
845	-9.7227182413	1.2374368671	1.0000000000	
846	-9.3691648507	1.5909902577	1.0000000000	
847	-11.3137084990	2.8284271247	1.0000000000	
848	-10.9601551084	3.1819805153	1.0000000000	
849	-7.0710678119	-5.6568542495	1.0000000000	
850	-6.5407377260	-5.1265241636	1.0000000000	
851	-5.4800775542	-4.0658639918	1.0000000000	
852	-8.6620580695	-4.0658639918	1.0000000000	
853	-8.1317279836	-3.5355339059	1.0000000000	
854	-7.0710678119	-2.4748737342	1.0000000000	
855	-11.8440385849	-0.8838834765	1.0000000000	
856	-11.3137084990	-0.3535533906	1.0000000000	
857	-10.2530483272	0.7071067812	1.0000000000	
858	-13.4350288425	0.7071067812	1.0000000000	
859	-12.9046987567	1.2374368671	1.0000000000	
860	-11.8440385849	2.2980970389	1.0000000000	
861	-6.3639610307	-6.3639610307	1.0000000000	
862	-5.8336309448	-5.8336309448	1.0000000000	
863	-4.7729707730	-4.7729707730	1.0000000000	
864	-6.7175144213	-6.0104076401	1.0000000000	
865	-6.1871843354	-5.4800775542	1.0000000000	
866	-5.1265241636	-4.4194173824	1.0000000000	
867	-5.6568542495	-7.0710678119	1.0000000000	
868	-5.1265241636	-6.5407377260	1.0000000000	
869	-4.0658639918	-5.4800775542	1.0000000000	
870	-6.0104076401	-6.7175144213	1.0000000000	
871	-5.4800775542	-6.1871843354	1.0000000000	
872	-4.4194173824	-5.1265241636	1.0000000000	
873	0.7071067812	-13.4350288425	1.0000000000	
874	1.2374368671	-12.9046987567	1.0000000000	
875	2.2980970389	-11.8440385849	1.0000000000	
876	2.8284271247	-11.3137084990	1.0000000000	
877	-0.8838834765	-11.8440385849	1.0000000000	
878	-0.3535533906	-11.3137084990	1.0000000000	
879	0.7071067812	-10.2530483272	1.0000000000	
880	1.2374368671	-9.7227182413	1.0000000000	
881	-4.0658639918	-8.6620580695	1.0000000000	
882	-3.5355339059	-8.1317279836	1.0000000000	
883	-2.4748737342	-7.0710678119	1.0000000000	
884	-1.9445436483	-6.5407377260	1.0000000000	
885	3.1819805153	-10.9601551084	1.0000000000	
886	3.5355339059	-10.6066017178	1.0000000000	
887	1.5909902577	-9.3691648507	1.0000000000	
888	1.9445436483	-9.0156114601	1.0000000000	
889	-1.5909902577	-6.1871843354	1.0000000000	
890	-1.2374368671	-5.8336309448	1.0000000000	
891	3.8890872965	-10.2530483272	1.0000000000	
892	4.2426406871	-9.8994949366	1.0000000000	
893	2.2980970389	-8.6620580695	1.0000000000	
894	2.6516504294	-8.3085046789	1.0000000000	
895	-0.8838834765	-5.4800775542	1.0000000000	
896	-0.5303300859	-5.1265241636	1.0000000000	
897	4.9497474683	-9.1923881554	1.0000000000	
898	6.3639610307	-7.7781745931	1.0000000000	
899	3.3587572106	-7.6013978978	1.0000000000	
900	4.7729707730	-6.1871843354	1.0000000000	
901	0.1767766953	-4.4194173824	1.0000000000	
902	1.5909902577	-3.0052038200	1.0000000000	
903	-1.4142135624	-2.8284271247	1.0000000000	
904	-0.0000000000	-1.4142135624	1.0000000000	
905	-1.7677669530	-2.4748737342	1.0000000000	
906	-0.3535533906	-1.0606601718	1.0000000000	
907	-2.1213203436	-2.1213203436	1.0000000000	
908	-0.7071067812	-0.7071067812	1.0000000000	

285	1	0.0000000000
294	0	0.0000000000
294	1	0.0000000000
725	0	0.0000000000
728	0	0.0000000000
731	0	0.0000000000
735	0	0.0000000000
739	0	0.0000000000
740	0	0.0000000000
741	0	0.0000000000
742	0	0.0000000000
743	0	0.0000000000
748	0	0.0000000000
749	0	0.0000000000
754	0	0.0000000000
755	0	0.0000000000
765	0	0.0000000000
766	0	0.0000000000
767	0	0.0000000000
783	0	0.0000000000
784	0	0.0000000000
785	0	0.0000000000
786	0	0.0000000000
795	0	0.0000000000
796	0	0.0000000000
801	0	0.0000000000
802	0	0.0000000000
807	0	0.0000000000
808	0	0.0000000000
809	0	0.0000000000
812	0	0.0000000000
815	0	0.0000000000
818	0	0.0000000000
821	0	0.0000000000
834	0	0.0000000000
835	0	0.0000000000
836	0	0.0000000000
841	0	0.0000000000
842	0	0.0000000000
847	0	0.0000000000
848	0	0.0000000000
849	0	0.0000000000
852	0	0.0000000000
855	0	0.0000000000
858	0	0.0000000000
859	0	0.0000000000
860	0	0.0000000000
861	0	0.0000000000
864	0	0.0000000000
867	0	0.0000000000
870	0	0.0000000000
873	0	0.0000000000
874	0	0.0000000000
875	0	0.0000000000
876	0	0.0000000000
877	0	0.0000000000
881	0	0.0000000000
885	0	0.0000000000
886	0	0.0000000000
891	0	0.0000000000
892	0	0.0000000000
897	0	0.0000000000
898	0	0.0000000000
725	1	0.0000000000
728	1	0.0000000000
731	1	0.0000000000
735	1	0.0000000000
739	1	0.0000000000
740	1	0.0000000000
741	1	0.0000000000
742	1	0.0000000000
743	1	0.0000000000
748	1	0.0000000000
749	1	0.0000000000
754	1	0.0000000000
755	1	0.0000000000
765	1	0.0000000000
766	1	0.0000000000
767	1	0.0000000000
783	1	0.0000000000
784	1	0.0000000000
785	1	0.0000000000
786	1	0.0000000000
795	1	0.0000000000
796	1	0.0000000000
801	1	0.0000000000
802	1	0.0000000000
807	1	0.0000000000
808	1	0.0000000000
809	1	0.0000000000
812	1	0.0000000000
815	1	0.0000000000
818	1	0.0000000000
821	1	0.0000000000
834	1	0.0000000000
835	1	0.0000000000
836	1	0.0000000000
841	1	0.0000000000
842	1	0.0000000000
847	1	0.0000000000
848	1	0.0000000000
849	1	0.0000000000
852	1	0.0000000000
855	1	0.0000000000
858	1	0.0000000000
859	1	0.0000000000
860	1	0.0000000000
861	1	0.0000000000
864	1	0.0000000000
867	1	0.0000000000
870	1	0.0000000000
873	1	0.0000000000
874	1	0.0000000000
875	1	0.0000000000
876	1	0.0000000000
877	1	0.0000000000
881	1	0.0000000000
885	1	0.0000000000
886	1	0.0000000000
891	1	0.0000000000
892	1	0.0000000000
897	1	0.0000000000
898	1	0.0000000000


1	0	0	1.0000000000	0.0000000000	1.0000000000	1.0000000000	0.0000000000	0.0000000000
1	0	0	0.0000000000	0.0000000000	1.0000000000	-1.0000000000	0.0000000000	0.0000000000
