206000.000	0.300000

40

320

2	2
2	2
2	2
2	2
2	2
2	2
2	2
2	2
2	2
2	2
2	2
2	2
2	2
2	2
2	2
2	2
2	2
2	2
2	2
2	2
2	2
2	2
2	2
2	2
2	2
2	2
2	2
2	2
2	2
2	2
2	2
2	2
2	2
2	2
2	2
2	2
2	2
2	2
2	2
2	2

7	6
7	6
7	6
7	6
7	6
7	6
7	6
7	6
7	6
7	6
7	6
7	6
7	6
7	6
7	6
7	6
7	6
7	7
6	7
6	7
7	7
7	6
7	6
7	7
6	7
6	7
7	7
7	6
7	6
7	7
6	7
6	7
7	7
7	6
7	6
7	7
6	7
6	7
7	7
7	6

4	3
4	3
4	3
4	3
4	3
4	3
4	3
4	3
4	3
4	3
4	3
4	3
4	3
4	3
4	3
4	3
4	3
4	4
3	4
3	4
4	4
4	3
4	3
4	4
3	4
3	4
4	4
4	3
4	3
4	4
3	4
3	4
4	4
4	3
4	3
4	4
3	4
3	4
4	4
4	3

0	1	2	3	4	5	6	7	8	9	10	11	
8	9	10	11	12	13	14	15	16	17	18	19	
16	17	18	19	20	21	22	23	24	25	26	27	
24	25	26	27	28	29	30	31	32	33	34	35	
32	36	37	38	39	40	41	42	43	44	45	46	
43	44	45	46	47	48	49	50	51	52	53	54	
51	52	53	54	55	56	57	58	59	60	61	62	
59	60	61	62	63	64	65	66	0	1	2	3	
67	68	69	70	71	72	73	74	75	76	77	78	
75	76	77	78	79	80	81	82	83	84	85	86	
83	84	85	86	87	88	89	90	91	92	93	94	
91	92	93	94	95	96	97	98	99	100	101	102	
99	100	101	102	103	104	105	106	107	108	109	110	
107	108	109	110	111	112	113	114	115	116	117	118	
115	116	117	118	119	120	121	122	123	124	125	126	
123	124	125	126	127	128	129	130	67	131	132	133	
3	134	135	136	7	137	138	139	11	140	141	142	
11	140	141	142	143	144	145	146	147	148	149	150	151	152	153	154	
19	15	11	155	156	143	157	158	147	159	160	151	
27	23	19	161	162	155	163	164	157	165	166	159	
167	168	169	27	170	171	172	161	173	174	175	163	176	177	178	165	
179	180	181	35	182	183	184	31	167	168	169	27	
185	186	187	46	188	189	190	42	191	192	193	38	
194	195	196	197	198	199	200	201	202	203	204	205	185	186	187	46	
197	206	207	201	208	209	205	210	211	46	50	54	
207	212	213	209	214	215	211	216	217	54	58	62	
213	218	219	220	215	221	222	223	217	224	225	226	62	227	228	229	
62	227	228	229	66	230	231	232	3	134	135	136	
70	233	234	179	74	235	236	182	78	237	238	167	
78	237	238	167	239	240	241	170	242	243	244	173	245	246	247	176	
86	82	78	248	249	239	250	251	242	252	253	245	
94	90	86	254	255	248	256	257	250	258	259	252	
260	261	262	94	263	264	265	254	266	267	268	256	269	270	271	258	
272	273	274	102	275	276	277	98	260	261	262	94	
278	279	280	110	281	282	283	106	272	273	274	102	
284	285	286	287	288	289	290	291	292	293	294	295	278	279	280	110	
287	296	297	291	298	299	295	300	301	110	114	118	
297	302	303	299	304	305	301	306	307	118	122	126	
303	308	309	194	305	310	311	198	307	312	313	202	126	314	315	185	
126	314	315	185	130	316	317	188	133	318	319	191	

120	0	0

0.00000	0.00000	0.00000	0.50000	1.00000	1.00000	1.00000	
0.00000	0.00000	0.00000	1.00000	1.00000	1.00000	
0.00000	0.00000	0.00000	0.50000	1.00000	1.00000	1.00000	
0.00000	0.00000	0.00000	1.00000	1.00000	1.00000	
0.00000	0.00000	0.00000	0.50000	1.00000	1.00000	1.00000	
0.00000	0.00000	0.00000	1.00000	1.00000	1.00000	
0.00000	0.00000	0.00000	0.50000	1.00000	1.00000	1.00000	
0.00000	0.00000	0.00000	1.00000	1.00000	1.00000	
0.00000	0.00000	0.00000	0.50000	1.00000	1.00000	1.00000	
0.00000	0.00000	0.00000	1.00000	1.00000	1.00000	
0.00000	0.00000	0.00000	0.50000	1.00000	1.00000	1.00000	
0.00000	0.00000	0.00000	1.00000	1.00000	1.00000	
0.00000	0.00000	0.00000	0.50000	1.00000	1.00000	1.00000	
0.00000	0.00000	0.00000	1.00000	1.00000	1.00000	
0.00000	0.00000	0.00000	0.50000	1.00000	1.00000	1.00000	
0.00000	0.00000	0.00000	1.00000	1.00000	1.00000	
0.00000	0.00000	0.00000	0.50000	1.00000	1.00000	1.00000	
0.00000	0.00000	0.00000	1.00000	1.00000	1.00000	
0.00000	0.00000	0.00000	0.50000	1.00000	1.00000	1.00000	
0.00000	0.00000	0.00000	1.00000	1.00000	1.00000	
0.00000	0.00000	0.00000	0.50000	1.00000	1.00000	1.00000	
0.00000	0.00000	0.00000	1.00000	1.00000	1.00000	
0.00000	0.00000	0.00000	0.50000	1.00000	1.00000	1.00000	
0.00000	0.00000	0.00000	1.00000	1.00000	1.00000	
0.00000	0.00000	0.00000	0.50000	1.00000	1.00000	1.00000	
0.00000	0.00000	0.00000	1.00000	1.00000	1.00000	
0.00000	0.00000	0.00000	0.50000	1.00000	1.00000	1.00000	
0.00000	0.00000	0.00000	1.00000	1.00000	1.00000	
0.00000	0.00000	0.00000	0.50000	1.00000	1.00000	1.00000	
0.00000	0.00000	0.00000	1.00000	1.00000	1.00000	
0.00000	0.00000	0.00000	0.50000	1.00000	1.00000	1.00000	
0.00000	0.00000	0.00000	1.00000	1.00000	1.00000	
0.00000	0.00000	0.00000	0.50000	1.00000	1.00000	1.00000	
0.00000	0.00000	0.00000	1.00000	1.00000	1.00000	
0.00000	0.00000	0.00000	0.50000	1.00000	1.00000	1.00000	
0.00000	0.00000	0.00000	0.50000	1.00000	1.00000	1.00000	
0.00000	0.00000	0.00000	1.00000	1.00000	1.00000	
0.00000	0.00000	0.00000	0.50000	1.00000	1.00000	1.00000	
0.00000	0.00000	0.00000	1.00000	1.00000	1.00000	
0.00000	0.00000	0.00000	0.50000	1.00000	1.00000	1.00000	
0.00000	0.00000	0.00000	0.50000	1.00000	1.00000	1.00000	
0.00000	0.00000	0.00000	0.50000	1.00000	1.00000	1.00000	
0.00000	0.00000	0.00000	0.50000	1.00000	1.00000	1.00000	
0.00000	0.00000	0.00000	1.00000	1.00000	1.00000	
0.00000	0.00000	0.00000	0.50000	1.00000	1.00000	1.00000	
0.00000	0.00000	0.00000	1.00000	1.00000	1.00000	
0.00000	0.00000	0.00000	0.50000	1.00000	1.00000	1.00000	
0.00000	0.00000	0.00000	0.50000	1.00000	1.00000	1.00000	
0.00000	0.00000	0.00000	1.00000	1.00000	1.00000	
0.00000	0.00000	0.00000	0.50000	1.00000	1.00000	1.00000	
0.00000	0.00000	0.00000	1.00000	1.00000	1.00000	
0.00000	0.00000	0.00000	0.50000	1.00000	1.00000	1.00000	
0.00000	0.00000	0.00000	0.50000	1.00000	1.00000	1.00000	
0.00000	0.00000	0.00000	0.50000	1.00000	1.00000	1.00000	
0.00000	0.00000	0.00000	0.50000	1.00000	1.00000	1.00000	
0.00000	0.00000	0.00000	1.00000	1.00000	1.00000	
0.00000	0.00000	0.00000	0.50000	1.00000	1.00000	1.00000	
0.00000	0.00000	0.00000	1.00000	1.00000	1.00000	
0.00000	0.00000	0.00000	0.50000	1.00000	1.00000	1.00000	
0.00000	0.00000	0.00000	0.50000	1.00000	1.00000	1.00000	
0.00000	0.00000	0.00000	1.00000	1.00000	1.00000	
0.00000	0.00000	0.00000	0.50000	1.00000	1.00000	1.00000	
0.00000	0.00000	0.00000	1.00000	1.00000	1.00000	
0.00000	0.00000	0.00000	0.50000	1.00000	1.00000	1.00000	
0.00000	0.00000	0.00000	0.50000	1.00000	1.00000	1.00000	
0.00000	0.00000	0.00000	0.50000	1.00000	1.00000	1.00000	
0.00000	0.00000	0.00000	0.50000	1.00000	1.00000	1.00000	
0.00000	0.00000	0.00000	1.00000	1.00000	1.00000	
0.00000	0.00000	0.00000	0.50000	1.00000	1.00000	1.00000	
0.00000	0.00000	0.00000	1.00000	1.00000	1.00000	
0.00000	0.00000	0.00000	0.50000	1.00000	1.00000	1.00000	
0.00000	0.00000	0.00000	0.50000	1.00000	1.00000	1.00000	
0.00000	0.00000	0.00000	1.00000	1.00000	1.00000	
0.00000	0.00000	0.00000	0.50000	1.00000	1.00000	1.00000	
0.00000	0.00000	0.00000	1.00000	1.00000	1.00000	
0.00000	0.00000	0.00000	0.50000	1.00000	1.00000	1.00000	
0.00000	0.00000	0.00000	0.50000	1.00000	1.00000	1.00000	
0.00000	0.00000	0.00000	0.50000	1.00000	1.00000	1.00000	
0.00000	0.00000	0.00000	0.50000	1.00000	1.00000	1.00000	
0.00000	0.00000	0.00000	1.00000	1.00000	1.00000	

0	3.5355339059	3.5355339059	1.0000000000	
1	3.5355339059	3.5355339059	1.0000000000	
2	3.8890872965	3.8890872965	1.0000000000	
3	4.2426406871	4.2426406871	1.0000000000	
4	3.5355339059	3.5355339059	1.0000000000	
5	3.5355339059	3.5355339059	1.0000000000	
6	3.7123106012	4.0658639918	1.0000000000	
7	3.8890872965	4.5961940777	1.0000000000	
8	3.5355339059	3.5355339059	1.0000000000	
9	3.5355339059	3.5355339059	1.0000000000	
10	3.5355339059	4.2426406871	1.0000000000	
11	3.5355339059	4.9497474683	1.0000000000	
12	3.5355339059	3.5355339059	1.0000000000	
13	3.5355339059	3.5355339059	1.0000000000	
14	3.3587572106	4.0658639918	1.0000000000	
15	3.1819805153	4.5961940777	1.0000000000	
16	3.5355339059	3.5355339059	1.0000000000	
17	3.5355339059	3.5355339059	1.0000000000	
18	3.1819805153	3.8890872965	1.0000000000	
19	2.8284271247	4.2426406871	1.0000000000	
20	3.5355339059	3.5355339059	1.0000000000	
21	3.5355339059	3.5355339059	1.0000000000	
22	3.0052038200	3.7123106012	1.0000000000	
23	2.4748737342	3.8890872965	1.0000000000	
24	3.5355339059	3.5355339059	1.0000000000	
25	3.5355339059	3.5355339059	1.0000000000	
26	2.8284271247	3.5355339059	1.0000000000	
27	2.1213203436	3.5355339059	1.0000000000	
28	3.5355339059	3.5355339059	1.0000000000	
29	3.5355339059	3.5355339059	1.0000000000	
30	3.0052038200	3.3587572106	1.0000000000	
31	2.4748737342	3.1819805153	1.0000000000	
32	3.5355339059	3.5355339059	1.0000000000	
33	3.5355339059	3.5355339059	1.0000000000	
34	3.1819805153	3.1819805153	1.0000000000	
35	2.8284271247	2.8284271247	1.0000000000	
36	3.5355339059	3.5355339059	1.0000000000	
37	3.1819805153	3.1819805153	1.0000000000	
38	2.8284271247	2.8284271247	1.0000000000	
39	3.5355339059	3.5355339059	1.0000000000	
40	3.5355339059	3.5355339059	1.0000000000	
41	3.3587572106	3.0052038200	1.0000000000	
42	3.1819805153	2.4748737342	1.0000000000	
43	3.5355339059	3.5355339059	1.0000000000	
44	3.5355339059	3.5355339059	1.0000000000	
45	3.5355339059	2.8284271247	1.0000000000	
46	3.5355339059	2.1213203436	1.0000000000	
47	3.5355339059	3.5355339059	1.0000000000	
48	3.5355339059	3.5355339059	1.0000000000	
49	3.7123106012	3.0052038200	1.0000000000	
50	3.8890872965	2.4748737342	1.0000000000	
51	3.5355339059	3.5355339059	1.0000000000	
52	3.5355339059	3.5355339059	1.0000000000	
53	3.8890872965	3.1819805153	1.0000000000	
54	4.2426406871	2.8284271247	1.0000000000	
55	3.5355339059	3.5355339059	1.0000000000	
56	3.5355339059	3.5355339059	1.0000000000	
57	4.0658639918	3.3587572106	1.0000000000	
58	4.5961940777	3.1819805153	1.0000000000	
59	3.5355339059	3.5355339059	1.0000000000	
60	3.5355339059	3.5355339059	1.0000000000	
61	4.2426406871	3.5355339059	1.0000000000	
62	4.9497474683	3.5355339059	1.0000000000	
63	3.5355339059	3.5355339059	1.0000000000	
64	3.5355339059	3.5355339059	1.0000000000	
65	4.0658639918	3.7123106012	1.0000000000	
66	4.5961940777	3.8890872965	1.0000000000	
67	-3.5355339059	-3.5355339059	1.0000000000	
68	-3.5355339059	-3.5355339059	1.0000000000	
69	-3.1819805153	-3.1819805153	1.0000000000	
70	-2.8284271247	-2.8284271247	1.0000000000	
71	-3.5355339059	-3.5355339059	1.0000000000	
72	-3.5355339059	-3.5355339059	1.0000000000	
73	-3.3587572106	-3.0052038200	1.0000000000	
74	-3.1819805153	-2.4748737342	1.0000000000	
75	-3.5355339059	-3.5355339059	1.0000000000	
76	-3.5355339059	-3.5355339059	1.0000000000	
77	-3.5355339059	-2.8284271247	1.0000000000	
78	-3.5355339059	-2.1213203436	1.0000000000	
79	-3.5355339059	-3.5355339059	1.0000000000	
80	-3.5355339059	-3.5355339059	1.0000000000	
81	-3.7123106012	-3.0052038200	1.0000000000	
82	-3.8890872965	-2.4748737342	1.0000000000	
83	-3.5355339059	-3.5355339059	1.0000000000	
84	-3.5355339059	-3.5355339059	1.0000000000	
85	-3.8890872965	-3.1819805153	1.0000000000	
86	-4.2426406871	-2.8284271247	1.0000000000	
87	-3.5355339059	-3.5355339059	1.0000000000	
88	-3.5355339059	-3.5355339059	1.0000000000	
89	-4.0658639918	-3.3587572106	1.0000000000	
90	-4.5961940777	-3.1819805153	1.0000000000	
91	-3.5355339059	-3.5355339059	1.0000000000	
92	-3.5355339059	-3.5355339059	1.0000000000	
93	-4.2426406871	-3.5355339059	1.0000000000	
94	-4.9497474683	-3.5355339059	1.0000000000	
95	-3.5355339059	-3.5355339059	1.0000000000	
96	-3.5355339059	-3.5355339059	1.0000000000	
97	-4.0658639918	-3.7123106012	1.0000000000	
98	-4.5961940777	-3.8890872965	1.0000000000	
99	-3.5355339059	-3.5355339059	1.0000000000	
100	-3.5355339059	-3.5355339059	1.0000000000	
101	-3.8890872965	-3.8890872965	1.0000000000	
102	-4.2426406871	-4.2426406871	1.0000000000	
103	-3.5355339059	-3.5355339059	1.0000000000	
104	-3.5355339059	-3.5355339059	1.0000000000	
105	-3.7123106012	-4.0658639918	1.0000000000	
106	-3.8890872965	-4.5961940777	1.0000000000	
107	-3.5355339059	-3.5355339059	1.0000000000	
108	-3.5355339059	-3.5355339059	1.0000000000	
109	-3.5355339059	-4.2426406871	1.0000000000	
110	-3.5355339059	-4.9497474683	1.0000000000	
111	-3.5355339059	-3.5355339059	1.0000000000	
112	-3.5355339059	-3.5355339059	1.0000000000	
113	-3.3587572106	-4.0658639918	1.0000000000	
114	-3.1819805153	-4.5961940777	1.0000000000	
115	-3.5355339059	-3.5355339059	1.0000000000	
116	-3.5355339059	-3.5355339059	1.0000000000	
117	-3.1819805153	-3.8890872965	1.0000000000	
118	-2.8284271247	-4.2426406871	1.0000000000	
119	-3.5355339059	-3.5355339059	1.0000000000	
120	-3.5355339059	-3.5355339059	1.0000000000	
121	-3.0052038200	-3.7123106012	1.0000000000	
122	-2.4748737342	-3.8890872965	1.0000000000	
123	-3.5355339059	-3.5355339059	1.0000000000	
124	-3.5355339059	-3.5355339059	1.0000000000	
125	-2.8284271247	-3.5355339059	1.0000000000	
126	-2.1213203436	-3.5355339059	1.0000000000	
127	-3.5355339059	-3.5355339059	1.0000000000	
128	-3.5355339059	-3.5355339059	1.0000000000	
129	-3.0052038200	-3.3587572106	1.0000000000	
130	-2.4748737342	-3.1819805153	1.0000000000	
131	-3.5355339059	-3.5355339059	1.0000000000	
132	-3.1819805153	-3.1819805153	1.0000000000	
133	-2.8284271247	-2.8284271247	1.0000000000	
134	4.7729707730	4.7729707730	1.0000000000	
135	5.8336309448	5.8336309448	1.0000000000	
136	6.3639610307	6.3639610307	1.0000000000	
137	4.4194173824	5.1265241636	1.0000000000	
138	5.4800775542	6.1871843354	1.0000000000	
139	6.0104076401	6.7175144213	1.0000000000	
140	4.0658639918	5.4800775542	1.0000000000	
141	5.1265241636	6.5407377260	1.0000000000	
142	5.6568542495	7.0710678119	1.0000000000	
143	1.9445436483	6.5407377260	1.0000000000	
144	2.4748737342	7.0710678119	1.0000000000	
145	3.5355339059	8.1317279836	1.0000000000	
146	4.0658639918	8.6620580695	1.0000000000	
147	-1.2374368671	9.7227182413	1.0000000000	
148	-0.7071067812	10.2530483272	1.0000000000	
149	0.3535533906	11.3137084990	1.0000000000	
150	0.8838834765	11.8440385849	1.0000000000	
151	-2.8284271247	11.3137084990	1.0000000000	
152	-2.2980970389	11.8440385849	1.0000000000	
153	-1.2374368671	12.9046987567	1.0000000000	
154	-0.7071067812	13.4350288425	1.0000000000	
155	1.2374368671	5.8336309448	1.0000000000	
156	1.5909902577	6.1871843354	1.0000000000	
157	-1.9445436483	9.0156114601	1.0000000000	
158	-1.5909902577	9.3691648507	1.0000000000	
159	-3.5355339059	10.6066017178	1.0000000000	
160	-3.1819805153	10.9601551084	1.0000000000	
161	0.5303300859	5.1265241636	1.0000000000	
162	0.8838834765	5.4800775542	1.0000000000	
163	-2.6516504294	8.3085046789	1.0000000000	
164	-2.2980970389	8.6620580695	1.0000000000	
165	-4.2426406871	9.8994949366	1.0000000000	
166	-3.8890872965	10.2530483272	1.0000000000	
167	-0.7071067812	0.7071067812	1.0000000000	
168	0.0000000000	1.4142135624	1.0000000000	
169	1.4142135624	2.8284271247	1.0000000000	
170	-2.2980970389	2.2980970389	1.0000000000	
171	-1.5909902577	3.0052038200	1.0000000000	
172	-0.1767766953	4.4194173824	1.0000000000	
173	-5.4800775542	5.4800775542	1.0000000000	
174	-4.7729707730	6.1871843354	1.0000000000	
175	-3.3587572106	7.6013978978	1.0000000000	
176	-7.0710678119	7.0710678119	1.0000000000	
177	-6.3639610307	7.7781745931	1.0000000000	
178	-4.9497474683	9.1923881554	1.0000000000	
179	0.0000000000	0.0000000000	1.0000000000	
180	0.7071067812	0.7071067812	1.0000000000	
181	2.1213203436	2.1213203436	1.0000000000	
182	-0.3535533906	0.3535533906	1.0000000000	
183	0.3535533906	1.0606601718	1.0000000000	
184	1.7677669530	2.4748737342	1.0000000000	
185	0.7071067812	-0.7071067812	1.0000000000	
186	1.4142135624	-0.0000000000	1.0000000000	
187	2.8284271247	1.4142135624	1.0000000000	
188	0.3535533906	-0.3535533906	1.0000000000	
189	1.0606601718	0.3535533906	1.0000000000	
190	2.4748737342	1.7677669530	1.0000000000	
191	0.0000000000	0.0000000000	1.0000000000	
192	0.7071067812	0.7071067812	1.0000000000	
193	2.1213203436	2.1213203436	1.0000000000	
194	7.0710678119	-7.0710678119	1.0000000000	
195	7.7781745931	-6.3639610307	1.0000000000	
196	9.1923881554	-4.9497474683	1.0000000000	
197	9.8994949366	-4.2426406871	1.0000000000	
198	5.4800775542	-5.4800775542	1.0000000000	
199	6.1871843354	-4.7729707730	1.0000000000	
200	7.6013978978	-3.3587572106	1.0000000000	
201	8.3085046789	-2.6516504294	1.0000000000	
202	2.2980970389	-2.2980970389	1.0000000000	
203	3.0052038200	-1.5909902577	1.0000000000	
204	4.4194173824	-0.1767766953	1.0000000000	
205	5.1265241636	0.5303300859	1.0000000000	
206	10.2530483272	-3.8890872965	1.0000000000	
207	10.6066017178	-3.5355339059	1.0000000000	
208	8.6620580695	-2.2980970389	1.0000000000	
209	9.0156114601	-1.9445436483	1.0000000000	
210	5.4800775542	0.8838834765	1.0000000000	
211	5.8336309448	1.2374368671	1.0000000000	
212	10.9601551084	-3.1819805153	1.0000000000	
213	11.3137084990	-2.8284271247	1.0000000000	
214	9.3691648507	-1.5909902577	1.0000000000	
215	9.7227182413	-1.2374368671	1.0000000000	
216	6.1871843354	1.5909902577	1.0000000000	
217	6.5407377260	1.9445436483	1.0000000000	
218	11.8440385849	-2.2980970389	1.0000000000	
219	12.9046987567	-1.2374368671	1.0000000000	
220	13.4350288425	-0.7071067812	1.0000000000	
221	10.2530483272	-0.7071067812	1.0000000000	
222	11.3137084990	0.3535533906	1.0000000000	
223	11.8440385849	0.8838834765	1.0000000000	
224	7.0710678119	2.4748737342	1.0000000000	
225	8.1317279836	3.5355339059	1.0000000000	
226	8.6620580695	4.0658639918	1.0000000000	
227	5.4800775542	4.0658639918	1.0000000000	
228	6.5407377260	5.1265241636	1.0000000000	
229	7.0710678119	5.6568542495	1.0000000000	
230	5.1265241636	4.4194173824	1.0000000000	
231	6.1871843354	5.4800775542	1.0000000000	
232	6.7175144213	6.0104076401	1.0000000000	
233	-2.1213203436	-2.1213203436	1.0000000000	
234	-0.7071067812	-0.7071067812	1.0000000000	
235	-2.4748737342	-1.7677669530	1.0000000000	
236	-1.0606601718	-0.3535533906	1.0000000000	
237	-2.8284271247	-1.4142135624	1.0000000000	
238	-1.4142135624	0.0000000000	1.0000000000	
239	-5.1265241636	-0.5303300859	1.0000000000	
240	-4.4194173824	0.1767766953	1.0000000000	
241	-3.0052038200	1.5909902577	1.0000000000	
242	-8.3085046789	2.6516504294	1.0000000000	
243	-7.6013978978	3.3587572106	1.0000000000	
244	-6.1871843354	4.7729707730	1.0000000000	
245	-9.8994949366	4.2426406871	1.0000000000	
246	-9.1923881554	4.9497474683	1.0000000000	
247	-7.7781745931	6.3639610307	1.0000000000	
248	-5.8336309448	-1.2374368671	1.0000000000	
249	-5.4800775542	-0.8838834765	1.0000000000	
250	-9.0156114601	1.9445436483	1.0000000000	
251	-8.6620580695	2.2980970389	1.0000000000	
252	-10.6066017178	3.5355339059	1.0000000000	
253	-10.2530483272	3.8890872965	1.0000000000	
254	-6.5407377260	-1.9445436483	1.0000000000	
255	-6.1871843354	-1.5909902577	1.0000000000	
256	-9.7227182413	1.2374368671	1.0000000000	
257	-9.3691648507	1.5909902577	1.0000000000	
258	-11.3137084990	2.8284271247	1.0000000000	
259	-10.9601551084	3.1819805153	1.0000000000	
260	-7.0710678119	-5.6568542495	1.0000000000	
261	-6.5407377260	-5.1265241636	1.0000000000	
262	-5.4800775542	-4.0658639918	1.0000000000	
263	-8.6620580695	-4.0658639918	1.0000000000	
264	-8.1317279836	-3.5355339059	1.0000000000	
265	-7.0710678119	-2.4748737342	1.0000000000	
266	-11.8440385849	-0.8838834765	1.0000000000	
267	-11.3137084990	-0.3535533906	1.0000000000	
268	-10.2530483272	0.7071067812	1.0000000000	
269	-13.4350288425	0.7071067812	1.0000000000	
270	-12.9046987567	1.2374368671	1.0000000000	
271	-11.8440385849	2.2980970389	1.0000000000	
272	-6.3639610307	-6.3639610307	1.0000000000	
273	-5.8336309448	-5.8336309448	1.0000000000	
274	-4.7729707730	-4.7729707730	1.0000000000	
275	-6.7175144213	-6.0104076401	1.0000000000	
276	-6.1871843354	-5.4800775542	1.0000000000	
277	-5.1265241636	-4.4194173824	1.0000000000	
278	-5.6568542495	-7.0710678119	1.0000000000	
279	-5.1265241636	-6.5407377260	1.0000000000	
280	-4.0658639918	-5.4800775542	1.0000000000	
281	-6.0104076401	-6.7175144213	1.0000000000	
282	-5.4800775542	-6.1871843354	1.0000000000	
283	-4.4194173824	-5.1265241636	1.0000000000	
284	0.7071067812	-13.4350288425	1.0000000000	
285	1.2374368671	-12.9046987567	1.0000000000	
286	2.2980970389	-11.8440385849	1.0000000000	
287	2.8284271247	-11.3137084990	1.0000000000	
288	-0.8838834765	-11.8440385849	1.0000000000	
289	-0.3535533906	-11.3137084990	1.0000000000	
290	0.7071067812	-10.2530483272	1.0000000000	
291	1.2374368671	-9.7227182413	1.0000000000	
292	-4.0658639918	-8.6620580695	1.0000000000	
293	-3.5355339059	-8.1317279836	1.0000000000	
294	-2.4748737342	-7.0710678119	1.0000000000	
295	-1.9445436483	-6.5407377260	1.0000000000	
296	3.1819805153	-10.9601551084	1.0000000000	
297	3.5355339059	-10.6066017178	1.0000000000	
298	1.5909902577	-9.3691648507	1.0000000000	
299	1.9445436483	-9.0156114601	1.0000000000	
300	-1.5909902577	-6.1871843354	1.0000000000	
301	-1.2374368671	-5.8336309448	1.0000000000	
302	3.8890872965	-10.2530483272	1.0000000000	
303	4.2426406871	-9.8994949366	1.0000000000	
304	2.2980970389	-8.6620580695	1.0000000000	
305	2.6516504294	-8.3085046789	1.0000000000	
306	-0.8838834765	-5.4800775542	1.0000000000	
307	-0.5303300859	-5.1265241636	1.0000000000	
308	4.9497474683	-9.1923881554	1.0000000000	
309	6.3639610307	-7.7781745931	1.0000000000	
310	3.3587572106	-7.6013978978	1.0000000000	
311	4.7729707730	-6.1871843354	1.0000000000	
312	0.1767766953	-4.4194173824	1.0000000000	
313	1.5909902577	-3.0052038200	1.0000000000	
314	-1.4142135624	-2.8284271247	1.0000000000	
315	-0.0000000000	-1.4142135624	1.0000000000	
316	-1.7677669530	-2.4748737342	1.0000000000	
317	-0.3535533906	-1.0606601718	1.0000000000	
318	-2.1213203436	-2.1213203436	1.0000000000	
319	-0.7071067812	-0.7071067812	1.0000000000	

136	0	0.0000000000
139	0	0.0000000000
142	0	0.0000000000
146	0	0.0000000000
150	0	0.0000000000
151	0	0.0000000000
152	0	0.0000000000
153	0	0.0000000000
154	0	0.0000000000
159	0	0.0000000000
160	0	0.0000000000
165	0	0.0000000000
166	0	0.0000000000
176	0	0.0000000000
177	0	0.0000000000
178	0	0.0000000000
194	0	0.0000000000
195	0	0.0000000000
196	0	0.0000000000
197	0	0.0000000000
206	0	0.0000000000
207	0	0.0000000000
212	0	0.0000000000
213	0	0.0000000000
218	0	0.0000000000
219	0	0.0000000000
220	0	0.0000000000
223	0	0.0000000000
226	0	0.0000000000
229	0	0.0000000000
232	0	0.0000000000
245	0	0.0000000000
246	0	0.0000000000
247	0	0.0000000000
252	0	0.0000000000
253	0	0.0000000000
258	0	0.0000000000
259	0	0.0000000000
260	0	0.0000000000
263	0	0.0000000000
266	0	0.0000000000
269	0	0.0000000000
270	0	0.0000000000
271	0	0.0000000000
272	0	0.0000000000
275	0	0.0000000000
278	0	0.0000000000
281	0	0.0000000000
284	0	0.0000000000
285	0	0.0000000000
286	0	0.0000000000
287	0	0.0000000000
288	0	0.0000000000
292	0	0.0000000000
296	0	0.0000000000
297	0	0.0000000000
302	0	0.0000000000
303	0	0.0000000000
308	0	0.0000000000
309	0	0.0000000000
136	1	0.0000000000
139	1	0.0000000000
142	1	0.0000000000
146	1	0.0000000000
150	1	0.0000000000
151	1	0.0000000000
152	1	0.0000000000
153	1	0.0000000000
154	1	0.0000000000
159	1	0.0000000000
160	1	0.0000000000
165	1	0.0000000000
166	1	0.0000000000
176	1	0.0000000000
177	1	0.0000000000
178	1	0.0000000000
194	1	0.0000000000
195	1	0.0000000000
196	1	0.0000000000
197	1	0.0000000000
206	1	0.0000000000
207	1	0.0000000000
212	1	0.0000000000
213	1	0.0000000000
218	1	0.0000000000
219	1	0.0000000000
220	1	0.0000000000
223	1	0.0000000000
226	1	0.0000000000
229	1	0.0000000000
232	1	0.0000000000
245	1	0.0000000000
246	1	0.0000000000
247	1	0.0000000000
252	1	0.0000000000
253	1	0.0000000000
258	1	0.0000000000
259	1	0.0000000000
260	1	0.0000000000
263	1	0.0000000000
266	1	0.0000000000
269	1	0.0000000000
270	1	0.0000000000
271	1	0.0000000000
272	1	0.0000000000
275	1	0.0000000000
278	1	0.0000000000
281	1	0.0000000000
284	1	0.0000000000
285	1	0.0000000000
286	1	0.0000000000
287	1	0.0000000000
288	1	0.0000000000
292	1	0.0000000000
296	1	0.0000000000
297	1	0.0000000000
302	1	0.0000000000
303	1	0.0000000000
308	1	0.0000000000
309	1	0.0000000000


