206000  3.000000e-01

2

72

1     1     1
1     1     1

5     5     5
5     5     5

3     3     3
3     3     3

0   1   2   3   4   5   6   7   8   9   10  11  12  13  14  15  16  17  18  19  20  21  22  23  24  25  26
27  28  29  30  31  32  33  34  35  36  37  38  39  40  41  42  43  44  45  46  47  48  49  50  51  52  53

27    0     1

0.0000000000000000e+00  0.0000000000000000e+00  5.0000000000000000e-01  1.0000000000000000e+00  1.0000000000000000e+00
0.0000000000000000e+00  0.0000000000000000e+00  5.0000000000000000e-01  1.0000000000000000e+00  1.0000000000000000e+00
0.0000000000000000e+00  0.0000000000000000e+00  5.0000000000000000e-01  1.0000000000000000e+00  1.0000000000000000e+00
0.0000000000000000e+00  0.0000000000000000e+00  5.0000000000000000e-01  1.0000000000000000e+00  1.0000000000000000e+00
0.0000000000000000e+00  0.0000000000000000e+00  5.0000000000000000e-01  1.0000000000000000e+00  1.0000000000000000e+00
0.0000000000000000e+00  0.0000000000000000e+00  5.0000000000000000e-01  1.0000000000000000e+00  1.0000000000000000e+00

0   0.0000000000000000e+00  0.0000000000000000e+00  0.0000000000000000e+00  1.0000000000000000e+00
1   1.0000000000000000e+00  5.0000000000000000e-01  0.0000000000000000e+00  0.0000000000000000e+00
2   0.0000000000000000e+00  1.0000000000000000e+00  1.0000000000000000e+00  0.0000000000000000e+00
3   0.0000000000000000e+00  0.0000000000000000e+00  1.0000000000000000e+00  0.0000000000000000e+00
4   0.0000000000000000e+00  5.0000000000000000e-01  0.0000000000000000e+00  1.0000000000000000e+00
5   1.0000000000000000e+00  5.0000000000000000e-01  5.0000000000000000e-01  0.0000000000000000e+00
6   0.0000000000000000e+00  1.0000000000000000e+00  1.0000000000000000e+00  5.0000000000000000e-01
7   5.0000000000000000e-01  0.0000000000000000e+00  1.0000000000000000e+00  0.0000000000000000e+00
8   0.0000000000000000e+00  1.0000000000000000e+00  0.0000000000000000e+00  1.0000000000000000e+00
9   1.0000000000000000e+00  5.0000000000000000e-01  1.0000000000000000e+00  0.0000000000000000e+00
10  0.0000000000000000e+00  1.0000000000000000e+00  1.0000000000000000e+00  1.0000000000000000e+00
11  1.0000000000000000e+00  0.0000000000000000e+00  1.0000000000000000e+00  0.0000000000000000e+00
12  0.0000000000000000e+00  0.0000000000000000e+00  5.0000000000000000e-01  1.0000000000000000e+00
13  1.0000000000000000e+00  5.0000000000000000e-01  0.0000000000000000e+00  5.0000000000000000e-01
14  5.0000000000000000e-01  1.0000000000000000e+00  1.0000000000000000e+00  0.0000000000000000e+00
15  0.0000000000000000e+00  5.0000000000000000e-01  1.0000000000000000e+00  0.0000000000000000e+00
16  0.0000000000000000e+00  5.0000000000000000e-01  5.0000000000000000e-01  1.0000000000000000e+00
17  1.0000000000000000e+00  5.0000000000000000e-01  5.0000000000000000e-01  5.0000000000000000e-01
18  5.0000000000000000e-01  1.0000000000000000e+00  1.0000000000000000e+00  5.0000000000000000e-01
19  5.0000000000000000e-01  5.0000000000000000e-01  1.0000000000000000e+00  0.0000000000000000e+00
20  0.0000000000000000e+00  1.0000000000000000e+00  5.0000000000000000e-01  1.0000000000000000e+00
21  1.0000000000000000e+00  5.0000000000000000e-01  1.0000000000000000e+00  5.0000000000000000e-01
22  5.0000000000000000e-01  1.0000000000000000e+00  1.0000000000000000e+00  1.0000000000000000e+00
23  1.0000000000000000e+00  5.0000000000000000e-01  1.0000000000000000e+00  0.0000000000000000e+00
24  0.0000000000000000e+00  0.0000000000000000e+00  1.0000000000000000e+00  1.0000000000000000e+00
25  1.0000000000000000e+00  5.0000000000000000e-01  0.0000000000000000e+00  1.0000000000000000e+00
26  1.0000000000000000e+00  1.0000000000000000e+00  1.0000000000000000e+00  0.0000000000000000e+00
27  0.0000000000000000e+00  1.0000000000000000e+00  1.0000000000000000e+00  0.0000000000000000e+00
28  0.0000000000000000e+00  5.0000000000000000e-01  1.0000000000000000e+00  1.0000000000000000e+00
29  1.0000000000000000e+00  5.0000000000000000e-01  5.0000000000000000e-01  1.0000000000000000e+00
30  1.0000000000000000e+00  1.0000000000000000e+00  1.0000000000000000e+00  5.0000000000000000e-01
31  5.0000000000000000e-01  1.0000000000000000e+00  1.0000000000000000e+00  0.0000000000000000e+00
32  0.0000000000000000e+00  1.0000000000000000e+00  1.0000000000000000e+00  1.0000000000000000e+00
33  1.0000000000000000e+00  5.0000000000000000e-01  1.0000000000000000e+00  1.0000000000000000e+00
34  1.0000000000000000e+00  1.0000000000000000e+00  1.0000000000000000e+00  1.0000000000000000e+00
35  1.0000000000000000e+00  1.0000000000000000e+00  1.0000000000000000e+00  1.0000000000000000e+00
36  1.0000000000000000e+00  0.0000000000000000e+00  0.0000000000000000e+00  1.0000000000000000e+00
37  1.0000000000000000e+00  1.5000000000000000e+00  0.0000000000000000e+00  0.0000000000000000e+00
38  0.0000000000000000e+00  1.0000000000000000e+00  2.0000000000000000e+00  0.0000000000000000e+00
39  0.0000000000000000e+00  0.0000000000000000e+00  1.0000000000000000e+00  1.0000000000000000e+00
40  1.0000000000000000e+00  5.0000000000000000e-01  0.0000000000000000e+00  1.0000000000000000e+00
41  1.0000000000000000e+00  1.5000000000000000e+00  5.0000000000000000e-01  0.0000000000000000e+00
42  0.0000000000000000e+00  1.0000000000000000e+00  2.0000000000000000e+00  5.0000000000000000e-01
43  5.0000000000000000e-01  0.0000000000000000e+00  1.0000000000000000e+00  1.0000000000000000e+00
44  1.0000000000000000e+00  1.0000000000000000e+00  0.0000000000000000e+00  1.0000000000000000e+00
45  1.0000000000000000e+00  1.5000000000000000e+00  1.0000000000000000e+00  0.0000000000000000e+00
46  0.0000000000000000e+00  1.0000000000000000e+00  2.0000000000000000e+00  1.0000000000000000e+00
47  1.0000000000000000e+00  0.0000000000000000e+00  1.0000000000000000e+00  1.0000000000000000e+00
48  1.0000000000000000e+00  0.0000000000000000e+00  5.0000000000000000e-01  1.0000000000000000e+00
49  1.0000000000000000e+00  1.5000000000000000e+00  0.0000000000000000e+00  5.0000000000000000e-01
50  5.0000000000000000e-01  1.0000000000000000e+00  2.0000000000000000e+00  0.0000000000000000e+00
51  0.0000000000000000e+00  5.0000000000000000e-01  1.0000000000000000e+00  1.0000000000000000e+00
52  1.0000000000000000e+00  5.0000000000000000e-01  5.0000000000000000e-01  1.0000000000000000e+00
53  1.0000000000000000e+00  1.5000000000000000e+00  5.0000000000000000e-01  5.0000000000000000e-01
54  5.0000000000000000e-01  1.0000000000000000e+00  2.0000000000000000e+00  5.0000000000000000e-01
55  5.0000000000000000e-01  5.0000000000000000e-01  1.0000000000000000e+00  1.0000000000000000e+00
56  1.0000000000000000e+00  1.0000000000000000e+00  5.0000000000000000e-01  1.0000000000000000e+00
57  1.0000000000000000e+00  1.5000000000000000e+00  1.0000000000000000e+00  5.0000000000000000e-01
58  5.0000000000000000e-01  1.0000000000000000e+00  2.0000000000000000e+00  1.0000000000000000e+00
59  1.0000000000000000e+00  5.0000000000000000e-01  1.0000000000000000e+00  1.0000000000000000e+00
60  1.0000000000000000e+00  0.0000000000000000e+00  1.0000000000000000e+00  1.0000000000000000e+00
61  1.0000000000000000e+00  1.5000000000000000e+00  0.0000000000000000e+00  1.0000000000000000e+00
62  1.0000000000000000e+00  1.0000000000000000e+00  2.0000000000000000e+00  0.0000000000000000e+00
63  0.0000000000000000e+00  1.0000000000000000e+00  1.0000000000000000e+00  1.0000000000000000e+00
64  1.0000000000000000e+00  5.0000000000000000e-01  1.0000000000000000e+00  1.0000000000000000e+00
65  1.0000000000000000e+00  1.5000000000000000e+00  5.0000000000000000e-01  1.0000000000000000e+00
66  1.0000000000000000e+00  1.0000000000000000e+00  2.0000000000000000e+00  5.0000000000000000e-01
67  5.0000000000000000e-01  1.0000000000000000e+00  1.0000000000000000e+00  1.0000000000000000e+00
68  1.0000000000000000e+00  1.0000000000000000e+00  1.0000000000000000e+00  1.0000000000000000e+00
69  1.0000000000000000e+00  1.5000000000000000e+00  1.0000000000000000e+00  1.0000000000000000e+00
70  1.0000000000000000e+00  1.0000000000000000e+00  2.0000000000000000e+00  1.0000000000000000e+00
71  1.0000000000000000e+00  1.0000000000000000e+00  1.0000000000000000e+00  0.0000000000000000e+00

0   1   0.000000e+00
1   1   0.000000e+00
2   1   0.000000e+00
3   1   0.000000e+00
4   1   0.000000e+00
5   1   0.000000e+00
6   1   0.000000e+00
7   1   0.000000e+00
8   1   0.000000e+00
33  1   0.000000e+00
34  1   0.000000e+00
35  1   0.000000e+00
42  1   0.000000e+00
43  1   0.000000e+00
44  1   0.000000e+00
51  1   0.000000e+00
52  1   0.000000e+00
53  1   0.000000e+00
0   2   1.000000e+00
0   2   1.000000e+00
0   2   1.000000e+00
0   2   1.000000e+00
0   2   1.000000e+00
0   2   1.000000e+00
0   2   1.000000e+00
0   2   1.000000e+00
0   2   1.000000e+00

1   1   1   1.000000e+00  1.000000e+00  1.000000e+00  1.000000e+00  1.000000e+00  1.000000e+00