0	0.0000000000e+00	0.0000000000e+00	
1	4.7619047619e-01	0.0000000000e+00	
2	1.4285714286e+00	0.0000000000e+00	
3	2.8571428571e+00	0.0000000000e+00	
4	4.2857142857e+00	0.0000000000e+00	
5	5.7142857143e+00	0.0000000000e+00	
6	7.1428571429e+00	0.0000000000e+00	
7	8.5714285714e+00	0.0000000000e+00	
8	9.5238095238e+00	0.0000000000e+00	
9	1.0000000000e+01	0.0000000000e+00	
10	0.0000000000e+00	4.7619047619e-01	
11	4.7619047619e-01	4.7619047619e-01	
12	1.4285714286e+00	4.7619047619e-01	
13	2.8571428571e+00	4.7619047619e-01	
14	4.2857142857e+00	4.7619047619e-01	
15	5.7142857143e+00	4.7619047619e-01	
16	7.1428571429e+00	4.7619047619e-01	
17	8.5714285714e+00	4.7619047619e-01	
18	9.5238095238e+00	4.7619047619e-01	
19	1.0000000000e+01	4.7619047619e-01	
20	0.0000000000e+00	1.4285714286e+00	
21	4.7619047619e-01	1.4285714286e+00	
22	1.4285714286e+00	1.4285714286e+00	
23	2.8571428571e+00	1.4285714286e+00	
24	4.2857142857e+00	1.4285714286e+00	
25	5.7142857143e+00	1.4285714286e+00	
26	7.1428571429e+00	1.4285714286e+00	
27	8.5714285714e+00	1.4285714286e+00	
28	9.5238095238e+00	1.4285714286e+00	
29	1.0000000000e+01	1.4285714286e+00	
30	0.0000000000e+00	2.8571428571e+00	
31	4.7619047619e-01	2.8571428571e+00	
32	1.4285714286e+00	2.8571428571e+00	
33	2.8571428571e+00	2.8571428571e+00	
34	4.2857142857e+00	2.8571428571e+00	
35	5.7142857143e+00	2.8571428571e+00	
36	7.1428571429e+00	2.8571428571e+00	
37	8.5714285714e+00	2.8571428571e+00	
38	9.5238095238e+00	2.8571428571e+00	
39	1.0000000000e+01	2.8571428571e+00	
40	0.0000000000e+00	4.2857142857e+00	
41	4.7619047619e-01	4.2857142857e+00	
42	1.4285714286e+00	4.2857142857e+00	
43	2.8571428571e+00	4.2857142857e+00	
44	4.2857142857e+00	4.2857142857e+00	
45	5.7142857143e+00	4.2857142857e+00	
46	7.1428571429e+00	4.2857142857e+00	
47	8.5714285714e+00	4.2857142857e+00	
48	9.5238095238e+00	4.2857142857e+00	
49	1.0000000000e+01	4.2857142857e+00	
50	0.0000000000e+00	5.7142857143e+00	
51	4.7619047619e-01	5.7142857143e+00	
52	1.4285714286e+00	5.7142857143e+00	
53	2.8571428571e+00	5.7142857143e+00	
54	4.2857142857e+00	5.7142857143e+00	
55	5.7142857143e+00	5.7142857143e+00	
56	7.1428571429e+00	5.7142857143e+00	
57	8.5714285714e+00	5.7142857143e+00	
58	9.5238095238e+00	5.7142857143e+00	
59	1.0000000000e+01	5.7142857143e+00	
60	0.0000000000e+00	7.1428571429e+00	
61	4.7619047619e-01	7.1428571429e+00	
62	1.4285714286e+00	7.1428571429e+00	
63	2.8571428571e+00	7.1428571429e+00	
64	4.2857142857e+00	7.1428571429e+00	
65	5.7142857143e+00	7.1428571429e+00	
66	7.1428571429e+00	7.1428571429e+00	
67	8.5714285714e+00	7.1428571429e+00	
68	9.5238095238e+00	7.1428571429e+00	
69	1.0000000000e+01	7.1428571429e+00	
70	0.0000000000e+00	8.5714285714e+00	
71	4.7619047619e-01	8.5714285714e+00	
72	1.4285714286e+00	8.5714285714e+00	
73	2.8571428571e+00	8.5714285714e+00	
74	4.2857142857e+00	8.5714285714e+00	
75	5.7142857143e+00	8.5714285714e+00	
76	7.1428571429e+00	8.5714285714e+00	
77	8.5714285714e+00	8.5714285714e+00	
78	9.5238095238e+00	8.5714285714e+00	
79	1.0000000000e+01	8.5714285714e+00	
80	0.0000000000e+00	9.5238095238e+00	
81	4.7619047619e-01	9.5238095238e+00	
82	1.4285714286e+00	9.5238095238e+00	
83	2.8571428571e+00	9.5238095238e+00	
84	4.2857142857e+00	9.5238095238e+00	
85	5.7142857143e+00	9.5238095238e+00	
86	7.1428571429e+00	9.5238095238e+00	
87	8.5714285714e+00	9.5238095238e+00	
88	9.5238095238e+00	9.5238095238e+00	
89	1.0000000000e+01	9.5238095238e+00	
90	0.0000000000e+00	1.0000000000e+01	
91	4.7619047619e-01	1.0000000000e+01	
92	1.4285714286e+00	1.0000000000e+01	
93	2.8571428571e+00	1.0000000000e+01	
94	4.2857142857e+00	1.0000000000e+01	
95	5.7142857143e+00	1.0000000000e+01	
96	7.1428571429e+00	1.0000000000e+01	
97	8.5714285714e+00	1.0000000000e+01	
98	9.5238095238e+00	1.0000000000e+01	
99	1.0000000000e+01	1.0000000000e+01	
100	1.0000000000e+00	0.0000000000e+00	
101	1.0714285714e+00	0.0000000000e+00	
102	1.2142857143e+00	0.0000000000e+00	
103	1.4285714286e+00	0.0000000000e+00	
104	1.6428571429e+00	0.0000000000e+00	
105	1.8571428571e+00	0.0000000000e+00	
106	2.0714285714e+00	0.0000000000e+00	
107	2.2857142857e+00	0.0000000000e+00	
108	2.4285714286e+00	0.0000000000e+00	
109	2.5000000000e+00	0.0000000000e+00	
110	1.0000000000e+00	6.9275926699e-02	
111	1.0714285714e+00	7.4224207178e-02	
112	1.2142857143e+00	8.4120768135e-02	
113	1.4285714286e+00	9.8965609571e-02	
114	1.6428571429e+00	1.1381045101e-01	
115	1.8571428571e+00	1.2865529244e-01	
116	2.0714285714e+00	1.4350013388e-01	
117	2.2857142857e+00	1.5834497531e-01	
118	2.4285714286e+00	1.6824153627e-01	
119	2.5000000000e+00	1.7318981675e-01	
120	9.8528005335e-01	2.1248285440e-01	
121	1.0556572000e+00	2.2766020115e-01	
122	1.1964114934e+00	2.5801489463e-01	
123	1.4075429334e+00	3.0354693486e-01	
124	1.6186743734e+00	3.4907897509e-01	
125	1.8298058134e+00	3.9461101532e-01	
126	2.0409372534e+00	4.4014305555e-01	
127	2.2520686934e+00	4.8567509578e-01	
128	2.3928229867e+00	5.1602978927e-01	
129	2.4632001334e+00	5.3120713601e-01	
130	9.1462319909e-01	4.2564697569e-01	
131	9.7995342760e-01	4.5605033110e-01	
132	1.1106138846e+00	5.1685704191e-01	
133	1.3066045701e+00	6.0806710813e-01	
134	1.5025952556e+00	6.9927717435e-01	
135	1.6985859412e+00	7.9048724057e-01	
136	1.8945766267e+00	8.8169730679e-01	
137	2.0905673122e+00	9.7290737301e-01	
138	2.2212277692e+00	1.0337140838e+00	
139	2.2865579977e+00	1.0641174392e+00	
140	7.9254089039e-01	6.2497776340e-01	
141	8.4915095399e-01	6.6961903221e-01	
142	9.6237108119e-01	7.5890156984e-01	
143	1.1322012720e+00	8.9282537628e-01	
144	1.3020314628e+00	1.0267491827e+00	
145	1.4718616536e+00	1.1606729892e+00	
146	1.6416918444e+00	1.2945967956e+00	
147	1.8115220352e+00	1.4285206021e+00	
148	1.9247421624e+00	1.5178031397e+00	
149	1.9813522260e+00	1.5624444085e+00	
150	6.2497776340e-01	7.9254089039e-01	
151	6.6961903221e-01	8.4915095399e-01	
152	7.5890156984e-01	9.6237108119e-01	
153	8.9282537628e-01	1.1322012720e+00	
154	1.0267491827e+00	1.3020314628e+00	
155	1.1606729892e+00	1.4718616536e+00	
156	1.2945967956e+00	1.6416918444e+00	
157	1.4285206021e+00	1.8115220352e+00	
158	1.5178031397e+00	1.9247421624e+00	
159	1.5624444085e+00	1.9813522260e+00	
160	4.2564697569e-01	9.1462319909e-01	
161	4.5605033110e-01	9.7995342760e-01	
162	5.1685704191e-01	1.1106138846e+00	
163	6.0806710813e-01	1.3066045701e+00	
164	6.9927717435e-01	1.5025952556e+00	
165	7.9048724057e-01	1.6985859412e+00	
166	8.8169730679e-01	1.8945766267e+00	
167	9.7290737301e-01	2.0905673122e+00	
168	1.0337140838e+00	2.2212277692e+00	
169	1.0641174392e+00	2.2865579977e+00	
170	2.1248285440e-01	9.8528005335e-01	
171	2.2766020115e-01	1.0556572000e+00	
172	2.5801489463e-01	1.1964114934e+00	
173	3.0354693486e-01	1.4075429334e+00	
174	3.4907897509e-01	1.6186743734e+00	
175	3.9461101532e-01	1.8298058134e+00	
176	4.4014305555e-01	2.0409372534e+00	
177	4.8567509578e-01	2.2520686934e+00	
178	5.1602978927e-01	2.3928229867e+00	
179	5.3120713601e-01	2.4632001334e+00	
180	6.9275926699e-02	1.0000000000e+00	
181	7.4224207178e-02	1.0714285714e+00	
182	8.4120768135e-02	1.2142857143e+00	
183	9.8965609571e-02	1.4285714286e+00	
184	1.1381045101e-01	1.6428571429e+00	
185	1.2865529244e-01	1.8571428571e+00	
186	1.4350013388e-01	2.0714285714e+00	
187	1.5834497531e-01	2.2857142857e+00	
188	1.6824153627e-01	2.4285714286e+00	
189	1.7318981675e-01	2.5000000000e+00	
190	0.0000000000e+00	1.0000000000e+00	
191	0.0000000000e+00	1.0714285714e+00	
192	0.0000000000e+00	1.2142857143e+00	
193	0.0000000000e+00	1.4285714286e+00	
194	0.0000000000e+00	1.6428571429e+00	
195	0.0000000000e+00	1.8571428571e+00	
196	0.0000000000e+00	2.0714285714e+00	
197	0.0000000000e+00	2.2857142857e+00	
198	0.0000000000e+00	2.4285714286e+00	
199	0.0000000000e+00	2.5000000000e+00	
