206000.000	0.300000

2

200

3	3
3	3

14	14
14	14

10	10
10	10

0	1	2	3	4	5	6	7	8	9	10	11	12	13	14	15	16	17	18	19	20	21	22	23	24	25	26	27	28	29	30	31	32	33	34	35	36	37	38	39	40	41	42	43	44	45	46	47	48	49	50	51	52	53	54	55	56	57	58	59	60	61	62	63	64	65	66	67	68	69	70	71	72	73	74	75	76	77	78	79	80	81	82	83	84	85	86	87	88	89	90	91	92	93	94	95	96	97	98	99	
100	101	102	103	104	105	106	107	108	109	110	111	112	113	114	115	116	117	118	119	120	121	122	123	124	125	126	127	128	129	130	131	132	133	134	135	136	137	138	139	140	141	142	143	144	145	146	147	148	149	150	151	152	153	154	155	156	157	158	159	160	161	162	163	164	165	166	167	168	169	170	171	172	173	174	175	176	177	178	179	180	181	182	183	184	185	186	187	188	189	190	191	192	193	194	195	196	197	198	199	

58	0	1

0.00000	0.00000	0.00000	0.00000	0.14286	0.28571	0.42857	0.57143	0.71429	0.85714	1.00000	1.00000	1.00000	1.00000	
0.00000	0.00000	0.00000	0.00000	0.14286	0.28571	0.42857	0.57143	0.71429	0.85714	1.00000	1.00000	1.00000	1.00000	
0.00000	0.00000	0.00000	0.00000	0.14286	0.28571	0.42857	0.57143	0.71429	0.85714	1.00000	1.00000	1.00000	1.00000	
0.00000	0.00000	0.00000	0.00000	0.14286	0.28571	0.42857	0.57143	0.71429	0.85714	1.00000	1.00000	1.00000	1.00000	

0	0.0000000000	0.0000000000	1.0000000000	
1	0.4761904762	0.0000000000	1.0000000000	
2	1.4285714286	0.0000000000	1.0000000000	
3	2.8571428571	0.0000000000	1.0000000000	
4	4.2857142857	0.0000000000	1.0000000000	
5	5.7142857143	0.0000000000	1.0000000000	
6	7.1428571429	0.0000000000	1.0000000000	
7	8.5714285714	0.0000000000	1.0000000000	
8	9.5238095238	0.0000000000	1.0000000000	
9	10.0000000000	0.0000000000	1.0000000000	
10	0.0000000000	0.4761904762	1.0000000000	
11	0.4761904762	0.4761904762	1.0000000000	
12	1.4285714286	0.4761904762	1.0000000000	
13	2.8571428571	0.4761904762	1.0000000000	
14	4.2857142857	0.4761904762	1.0000000000	
15	5.7142857143	0.4761904762	1.0000000000	
16	7.1428571429	0.4761904762	1.0000000000	
17	8.5714285714	0.4761904762	1.0000000000	
18	9.5238095238	0.4761904762	1.0000000000	
19	10.0000000000	0.4761904762	1.0000000000	
20	0.0000000000	1.4285714286	1.0000000000	
21	0.4761904762	1.4285714286	1.0000000000	
22	1.4285714286	1.4285714286	1.0000000000	
23	2.8571428571	1.4285714286	1.0000000000	
24	4.2857142857	1.4285714286	1.0000000000	
25	5.7142857143	1.4285714286	1.0000000000	
26	7.1428571429	1.4285714286	1.0000000000	
27	8.5714285714	1.4285714286	1.0000000000	
28	9.5238095238	1.4285714286	1.0000000000	
29	10.0000000000	1.4285714286	1.0000000000	
30	0.0000000000	2.8571428571	1.0000000000	
31	0.4761904762	2.8571428571	1.0000000000	
32	1.4285714286	2.8571428571	1.0000000000	
33	2.8571428571	2.8571428571	1.0000000000	
34	4.2857142857	2.8571428571	1.0000000000	
35	5.7142857143	2.8571428571	1.0000000000	
36	7.1428571429	2.8571428571	1.0000000000	
37	8.5714285714	2.8571428571	1.0000000000	
38	9.5238095238	2.8571428571	1.0000000000	
39	10.0000000000	2.8571428571	1.0000000000	
40	0.0000000000	4.2857142857	1.0000000000	
41	0.4761904762	4.2857142857	1.0000000000	
42	1.4285714286	4.2857142857	1.0000000000	
43	2.8571428571	4.2857142857	1.0000000000	
44	4.2857142857	4.2857142857	1.0000000000	
45	5.7142857143	4.2857142857	1.0000000000	
46	7.1428571429	4.2857142857	1.0000000000	
47	8.5714285714	4.2857142857	1.0000000000	
48	9.5238095238	4.2857142857	1.0000000000	
49	10.0000000000	4.2857142857	1.0000000000	
50	0.0000000000	5.7142857143	1.0000000000	
51	0.4761904762	5.7142857143	1.0000000000	
52	1.4285714286	5.7142857143	1.0000000000	
53	2.8571428571	5.7142857143	1.0000000000	
54	4.2857142857	5.7142857143	1.0000000000	
55	5.7142857143	5.7142857143	1.0000000000	
56	7.1428571429	5.7142857143	1.0000000000	
57	8.5714285714	5.7142857143	1.0000000000	
58	9.5238095238	5.7142857143	1.0000000000	
59	10.0000000000	5.7142857143	1.0000000000	
60	0.0000000000	7.1428571429	1.0000000000	
61	0.4761904762	7.1428571429	1.0000000000	
62	1.4285714286	7.1428571429	1.0000000000	
63	2.8571428571	7.1428571429	1.0000000000	
64	4.2857142857	7.1428571429	1.0000000000	
65	5.7142857143	7.1428571429	1.0000000000	
66	7.1428571429	7.1428571429	1.0000000000	
67	8.5714285714	7.1428571429	1.0000000000	
68	9.5238095238	7.1428571429	1.0000000000	
69	10.0000000000	7.1428571429	1.0000000000	
70	0.0000000000	8.5714285714	1.0000000000	
71	0.4761904762	8.5714285714	1.0000000000	
72	1.4285714286	8.5714285714	1.0000000000	
73	2.8571428571	8.5714285714	1.0000000000	
74	4.2857142857	8.5714285714	1.0000000000	
75	5.7142857143	8.5714285714	1.0000000000	
76	7.1428571429	8.5714285714	1.0000000000	
77	8.5714285714	8.5714285714	1.0000000000	
78	9.5238095238	8.5714285714	1.0000000000	
79	10.0000000000	8.5714285714	1.0000000000	
80	0.0000000000	9.5238095238	1.0000000000	
81	0.4761904762	9.5238095238	1.0000000000	
82	1.4285714286	9.5238095238	1.0000000000	
83	2.8571428571	9.5238095238	1.0000000000	
84	4.2857142857	9.5238095238	1.0000000000	
85	5.7142857143	9.5238095238	1.0000000000	
86	7.1428571429	9.5238095238	1.0000000000	
87	8.5714285714	9.5238095238	1.0000000000	
88	9.5238095238	9.5238095238	1.0000000000	
89	10.0000000000	9.5238095238	1.0000000000	
90	0.0000000000	10.0000000000	1.0000000000	
91	0.4761904762	10.0000000000	1.0000000000	
92	1.4285714286	10.0000000000	1.0000000000	
93	2.8571428571	10.0000000000	1.0000000000	
94	4.2857142857	10.0000000000	1.0000000000	
95	5.7142857143	10.0000000000	1.0000000000	
96	7.1428571429	10.0000000000	1.0000000000	
97	8.5714285714	10.0000000000	1.0000000000	
98	9.5238095238	10.0000000000	1.0000000000	
99	10.0000000000	10.0000000000	1.0000000000	
100	1.0000000000	0.0000000000	1.0000000000	
101	1.0714285714	0.0000000000	1.0000000000	
102	1.2142857143	0.0000000000	1.0000000000	
103	1.4285714286	0.0000000000	1.0000000000	
104	1.6428571429	0.0000000000	1.0000000000	
105	1.8571428571	0.0000000000	1.0000000000	
106	2.0714285714	0.0000000000	1.0000000000	
107	2.2857142857	0.0000000000	1.0000000000	
108	2.4285714286	0.0000000000	1.0000000000	
109	2.5000000000	0.0000000000	1.0000000000	
110	1.0000000000	0.0692759267	0.9721054077	
111	1.0714285714	0.0742242072	0.9721054077	
112	1.2142857143	0.0841207681	0.9721054077	
113	1.4285714286	0.0989656096	0.9721054077	
114	1.6428571429	0.1138104510	0.9721054077	
115	1.8571428571	0.1286552924	0.9721054077	
116	2.0714285714	0.1435001339	0.9721054077	
117	2.2857142857	0.1583449753	0.9721054077	
118	2.4285714286	0.1682415363	0.9721054077	
119	2.5000000000	0.1731898167	0.9721054077	
120	0.9852800534	0.2124828544	0.9242861067	
121	1.0556572000	0.2276602011	0.9242861067	
122	1.1964114934	0.2580148946	0.9242861067	
123	1.4075429334	0.3035469349	0.9242861067	
124	1.6186743734	0.3490789751	0.9242861067	
125	1.8298058134	0.3946110153	0.9242861067	
126	2.0409372534	0.4401430556	0.9242861067	
127	2.2520686934	0.4856750958	0.9242861067	
128	2.3928229867	0.5160297893	0.9242861067	
129	2.4632001334	0.5312071360	0.9242861067	
130	0.9146231991	0.4256469757	0.8764668057	
131	0.9799534276	0.4560503311	0.8764668057	
132	1.1106138846	0.5168570419	0.8764668057	
133	1.3066045701	0.6080671081	0.8764668057	
134	1.5025952556	0.6992771743	0.8764668057	
135	1.6985859412	0.7904872406	0.8764668057	
136	1.8945766267	0.8816973068	0.8764668057	
137	2.0905673122	0.9729073730	0.8764668057	
138	2.2212277692	1.0337140838	0.8764668057	
139	2.2865579977	1.0641174392	0.8764668057	
140	0.7925408904	0.6249777634	0.8525571552	
141	0.8491509540	0.6696190322	0.8525571552	
142	0.9623710812	0.7589015698	0.8525571552	
143	1.1322012720	0.8928253763	0.8525571552	
144	1.3020314628	1.0267491827	0.8525571552	
145	1.4718616536	1.1606729892	0.8525571552	
146	1.6416918444	1.2945967956	0.8525571552	
147	1.8115220352	1.4285206021	0.8525571552	
148	1.9247421624	1.5178031397	0.8525571552	
149	1.9813522260	1.5624444085	0.8525571552	
150	0.6249777634	0.7925408904	0.8525571552	
151	0.6696190322	0.8491509540	0.8525571552	
152	0.7589015698	0.9623710812	0.8525571552	
153	0.8928253763	1.1322012720	0.8525571552	
154	1.0267491827	1.3020314628	0.8525571552	
155	1.1606729892	1.4718616536	0.8525571552	
156	1.2945967956	1.6416918444	0.8525571552	
157	1.4285206021	1.8115220352	0.8525571552	
158	1.5178031397	1.9247421624	0.8525571552	
159	1.5624444085	1.9813522260	0.8525571552	
160	0.4256469757	0.9146231991	0.8764668057	
161	0.4560503311	0.9799534276	0.8764668057	
162	0.5168570419	1.1106138846	0.8764668057	
163	0.6080671081	1.3066045701	0.8764668057	
164	0.6992771743	1.5025952556	0.8764668057	
165	0.7904872406	1.6985859412	0.8764668057	
166	0.8816973068	1.8945766267	0.8764668057	
167	0.9729073730	2.0905673122	0.8764668057	
168	1.0337140838	2.2212277692	0.8764668057	
169	1.0641174392	2.2865579977	0.8764668057	
170	0.2124828544	0.9852800534	0.9242861067	
171	0.2276602011	1.0556572000	0.9242861067	
172	0.2580148946	1.1964114934	0.9242861067	
173	0.3035469349	1.4075429334	0.9242861067	
174	0.3490789751	1.6186743734	0.9242861067	
175	0.3946110153	1.8298058134	0.9242861067	
176	0.4401430556	2.0409372534	0.9242861067	
177	0.4856750958	2.2520686934	0.9242861067	
178	0.5160297893	2.3928229867	0.9242861067	
179	0.5312071360	2.4632001334	0.9242861067	
180	0.0692759267	1.0000000000	0.9721054077	
181	0.0742242072	1.0714285714	0.9721054077	
182	0.0841207681	1.2142857143	0.9721054077	
183	0.0989656096	1.4285714286	0.9721054077	
184	0.1138104510	1.6428571429	0.9721054077	
185	0.1286552924	1.8571428571	0.9721054077	
186	0.1435001339	2.0714285714	0.9721054077	
187	0.1583449753	2.2857142857	0.9721054077	
188	0.1682415363	2.4285714286	0.9721054077	
189	0.1731898167	2.5000000000	0.9721054077	
190	0.0000000000	1.0000000000	1.0000000000	
191	0.0000000000	1.0714285714	1.0000000000	
192	0.0000000000	1.2142857143	1.0000000000	
193	0.0000000000	1.4285714286	1.0000000000	
194	0.0000000000	1.6428571429	1.0000000000	
195	0.0000000000	1.8571428571	1.0000000000	
196	0.0000000000	2.0714285714	1.0000000000	
197	0.0000000000	2.2857142857	1.0000000000	
198	0.0000000000	2.4285714286	1.0000000000	
199	0.0000000000	2.5000000000	1.0000000000	

0	1	0.0000000000
1	1	0.0000000000
2	1	0.0000000000
3	1	0.0000000000
4	1	0.0000000000
5	1	0.0000000000
6	1	0.0000000000
7	1	0.0000000000
8	1	0.0000000000
9	1	0.0000000000
0	0	0.0000000000
10	0	0.0000000000
20	0	0.0000000000
30	0	0.0000000000
40	0	0.0000000000
50	0	0.0000000000
60	0	0.0000000000
70	0	0.0000000000
80	0	0.0000000000
90	0	0.0000000000
100	1	0.0000000000
101	1	0.0000000000
102	1	0.0000000000
103	1	0.0000000000
104	1	0.0000000000
105	1	0.0000000000
106	1	0.0000000000
107	1	0.0000000000
108	1	0.0000000000
109	1	0.0000000000
119	1	0.0000000000
129	1	0.0000000000
139	1	0.0000000000
149	1	0.0000000000
159	1	0.0000000000
169	1	0.0000000000
179	1	0.0000000000
189	1	0.0000000000
199	1	0.0000000000
109	0	0.0000000000
119	0	0.0000000000
129	0	0.0000000000
139	0	0.0000000000
149	0	0.0000000000
159	0	0.0000000000
169	0	0.0000000000
179	0	0.0000000000
189	0	0.0000000000
190	0	0.0000000000
191	0	0.0000000000
192	0	0.0000000000
193	0	0.0000000000
194	0	0.0000000000
195	0	0.0000000000
196	0	0.0000000000
197	0	0.0000000000
198	0	0.0000000000
199	0	0.0000000000


1	0	0	1.0000000000	0.0000000000	1.0000000000	10.0000000000	0.0000000000	0.0000000000
