206000.000	0.300000

1

100

3	3

14	14

10	10

0	1	2	3	4	5	6	7	8	9	10	11	12	13	14	15	16	17	18	19	20	21	22	23	24	25	26	27	28	29	30	31	32	33	34	35	36	37	38	39	40	41	42	43	44	45	46	47	48	49	50	51	52	53	54	55	56	57	58	59	60	61	62	63	64	65	66	67	68	69	70	71	72	73	74	75	76	77	78	79	80	81	82	83	84	85	86	87	88	89	90	91	92	93	94	95	96	97	98	99	

38	0	0

0.00000	0.00000	0.00000	0.00000	0.14286	0.28571	0.42857	0.57143	0.71429	0.85714	1.00000	1.00000	1.00000	1.00000	
0.00000	0.00000	0.00000	0.00000	0.14286	0.28571	0.42857	0.57143	0.71429	0.85714	1.00000	1.00000	1.00000	1.00000	

0	1.0000000000	0.0000000000	1.0000000000	
1	1.0714285714	0.0000000000	1.0000000000	
2	1.2142857143	0.0000000000	1.0000000000	
3	1.4285714286	0.0000000000	1.0000000000	
4	1.6428571429	0.0000000000	1.0000000000	
5	1.8571428571	0.0000000000	1.0000000000	
6	2.0714285714	0.0000000000	1.0000000000	
7	2.2857142857	0.0000000000	1.0000000000	
8	2.4285714286	0.0000000000	1.0000000000	
9	2.5000000000	0.0000000000	1.0000000000	
10	1.0000000000	0.0692759267	0.9721054077	
11	1.0714285714	0.0742242072	0.9721054077	
12	1.2142857143	0.0841207681	0.9721054077	
13	1.4285714286	0.0989656096	0.9721054077	
14	1.6428571429	0.1138104510	0.9721054077	
15	1.8571428571	0.1286552924	0.9721054077	
16	2.0714285714	0.1435001339	0.9721054077	
17	2.2857142857	0.1583449753	0.9721054077	
18	2.4285714286	0.1682415363	0.9721054077	
19	2.5000000000	0.1731898167	0.9721054077	
20	0.9852800534	0.2124828544	0.9242861067	
21	1.0556572000	0.2276602011	0.9242861067	
22	1.1964114934	0.2580148946	0.9242861067	
23	1.4075429334	0.3035469349	0.9242861067	
24	1.6186743734	0.3490789751	0.9242861067	
25	1.8298058134	0.3946110153	0.9242861067	
26	2.0409372534	0.4401430556	0.9242861067	
27	2.2520686934	0.4856750958	0.9242861067	
28	2.3928229867	0.5160297893	0.9242861067	
29	2.4632001334	0.5312071360	0.9242861067	
30	0.9146231991	0.4256469757	0.8764668057	
31	0.9799534276	0.4560503311	0.8764668057	
32	1.1106138846	0.5168570419	0.8764668057	
33	1.3066045701	0.6080671081	0.8764668057	
34	1.5025952556	0.6992771743	0.8764668057	
35	1.6985859412	0.7904872406	0.8764668057	
36	1.8945766267	0.8816973068	0.8764668057	
37	2.0905673122	0.9729073730	0.8764668057	
38	2.2212277692	1.0337140838	0.8764668057	
39	2.2865579977	1.0641174392	0.8764668057	
40	0.7925408904	0.6249777634	0.8525571552	
41	0.8491509540	0.6696190322	0.8525571552	
42	0.9623710812	0.7589015698	0.8525571552	
43	1.1322012720	0.8928253763	0.8525571552	
44	1.3020314628	1.0267491827	0.8525571552	
45	1.4718616536	1.1606729892	0.8525571552	
46	1.6416918444	1.2945967956	0.8525571552	
47	1.8115220352	1.4285206021	0.8525571552	
48	1.9247421624	1.5178031397	0.8525571552	
49	1.9813522260	1.5624444085	0.8525571552	
50	0.6249777634	0.7925408904	0.8525571552	
51	0.6696190322	0.8491509540	0.8525571552	
52	0.7589015698	0.9623710812	0.8525571552	
53	0.8928253763	1.1322012720	0.8525571552	
54	1.0267491827	1.3020314628	0.8525571552	
55	1.1606729892	1.4718616536	0.8525571552	
56	1.2945967956	1.6416918444	0.8525571552	
57	1.4285206021	1.8115220352	0.8525571552	
58	1.5178031397	1.9247421624	0.8525571552	
59	1.5624444085	1.9813522260	0.8525571552	
60	0.4256469757	0.9146231991	0.8764668057	
61	0.4560503311	0.9799534276	0.8764668057	
62	0.5168570419	1.1106138846	0.8764668057	
63	0.6080671081	1.3066045701	0.8764668057	
64	0.6992771743	1.5025952556	0.8764668057	
65	0.7904872406	1.6985859412	0.8764668057	
66	0.8816973068	1.8945766267	0.8764668057	
67	0.9729073730	2.0905673122	0.8764668057	
68	1.0337140838	2.2212277692	0.8764668057	
69	1.0641174392	2.2865579977	0.8764668057	
70	0.2124828544	0.9852800534	0.9242861067	
71	0.2276602011	1.0556572000	0.9242861067	
72	0.2580148946	1.1964114934	0.9242861067	
73	0.3035469349	1.4075429334	0.9242861067	
74	0.3490789751	1.6186743734	0.9242861067	
75	0.3946110153	1.8298058134	0.9242861067	
76	0.4401430556	2.0409372534	0.9242861067	
77	0.4856750958	2.2520686934	0.9242861067	
78	0.5160297893	2.3928229867	0.9242861067	
79	0.5312071360	2.4632001334	0.9242861067	
80	0.0692759267	1.0000000000	0.9721054077	
81	0.0742242072	1.0714285714	0.9721054077	
82	0.0841207681	1.2142857143	0.9721054077	
83	0.0989656096	1.4285714286	0.9721054077	
84	0.1138104510	1.6428571429	0.9721054077	
85	0.1286552924	1.8571428571	0.9721054077	
86	0.1435001339	2.0714285714	0.9721054077	
87	0.1583449753	2.2857142857	0.9721054077	
88	0.1682415363	2.4285714286	0.9721054077	
89	0.1731898167	2.5000000000	0.9721054077	
90	0.0000000000	1.0000000000	1.0000000000	
91	0.0000000000	1.0714285714	1.0000000000	
92	0.0000000000	1.2142857143	1.0000000000	
93	0.0000000000	1.4285714286	1.0000000000	
94	0.0000000000	1.6428571429	1.0000000000	
95	0.0000000000	1.8571428571	1.0000000000	
96	0.0000000000	2.0714285714	1.0000000000	
97	0.0000000000	2.2857142857	1.0000000000	
98	0.0000000000	2.4285714286	1.0000000000	
99	0.0000000000	2.5000000000	1.0000000000	

0	1	0.0000000000
1	1	0.0000000000
2	1	0.0000000000
3	1	0.0000000000
4	1	0.0000000000
5	1	0.0000000000
6	1	0.0000000000
7	1	0.0000000000
8	1	0.0000000000
9	1	0.0000000000
19	1	0.0000000000
29	1	0.0000000000
39	1	0.0000000000
49	1	0.0000000000
59	1	0.0000000000
69	1	0.0000000000
79	1	0.0000000000
89	1	0.0000000000
99	1	0.0000000000
9	0	0.0000000000
19	0	0.0000000000
29	0	0.0000000000
39	0	0.0000000000
49	0	0.0000000000
59	0	0.0000000000
69	0	0.0000000000
79	0	0.0000000000
89	0	0.0000000000
90	0	0.0000000000
91	0	0.0000000000
92	0	0.0000000000
93	0	0.0000000000
94	0	0.0000000000
95	0	0.0000000000
96	0	0.0000000000
97	0	0.0000000000
98	0	0.0000000000
99	0	0.0000000000


