2

206000  3.000000e-01

4

81

2     2
2     2
2     2
2     2

8     8
8     8
8     8
8     8

5     5
5     5
5     5
5     5

0   1   2   3   4   5   6   7   8   9   10  11  12  13  14  15  16  17  18  19  20  21  22  23  24
4   25  26  27  28  9   29  30  31  32  14  33  34  35  36  19  37  38  39  40  24  41  42  43  44
24  41  42  43  44  45  46  47  48  49  50  51  52  53  54  55  56  57  58  59  60  61  62  63  64
20  21  22  23  24  65  66  67  68  45  69  70  71  72  50  73  74  75  76  55  77  78  79  80  60

9     0     1

0.0000000000000000e+00  0.0000000000000000e+00  0.0000000000000000e+00  3.3333333333333331e-01  6.6666666666666663e-01  1.0000000000000000e+00  1.0000000000000000e+00  1.0000000000000000e+00
0.0000000000000000e+00  0.0000000000000000e+00  0.0000000000000000e+00  3.3333333333333331e-01  6.6666666666666663e-01  1.0000000000000000e+00  1.0000000000000000e+00  1.0000000000000000e+00
0.0000000000000000e+00  0.0000000000000000e+00  0.0000000000000000e+00  3.3333333333333331e-01  6.6666666666666663e-01  1.0000000000000000e+00  1.0000000000000000e+00  1.0000000000000000e+00
0.0000000000000000e+00  0.0000000000000000e+00  0.0000000000000000e+00  3.3333333333333331e-01  6.6666666666666663e-01  1.0000000000000000e+00  1.0000000000000000e+00  1.0000000000000000e+00
0.0000000000000000e+00  0.0000000000000000e+00  0.0000000000000000e+00  3.3333333333333331e-01  6.6666666666666663e-01  1.0000000000000000e+00  1.0000000000000000e+00  1.0000000000000000e+00
0.0000000000000000e+00  0.0000000000000000e+00  0.0000000000000000e+00  3.3333333333333331e-01  6.6666666666666663e-01  1.0000000000000000e+00  1.0000000000000000e+00  1.0000000000000000e+00
0.0000000000000000e+00  0.0000000000000000e+00  0.0000000000000000e+00  3.3333333333333331e-01  6.6666666666666663e-01  1.0000000000000000e+00  1.0000000000000000e+00  1.0000000000000000e+00
0.0000000000000000e+00  0.0000000000000000e+00  0.0000000000000000e+00  3.3333333333333331e-01  6.6666666666666663e-01  1.0000000000000000e+00  1.0000000000000000e+00  1.0000000000000000e+00

0    0.0000000000000000e+00  0.0000000000000000e+00  1.0000000000000000e+00
1    1.6666666666666666e-01  0.0000000000000000e+00  1.0000000000000000e+00
2    5.0000000000000000e-01  0.0000000000000000e+00  1.0000000000000000e+00
3    8.3333333333333326e-01  0.0000000000000000e+00  1.0000000000000000e+00
4    1.0000000000000000e+00  0.0000000000000000e+00  1.0000000000000000e+00
5    0.0000000000000000e+00  1.6666666666666666e-01  1.0000000000000000e+00
6    1.6666666666666669e-01  1.6666666666666666e-01  1.0000000000000000e+00
7    5.0000000000000000e-01  1.6666666666666666e-01  1.0000000000000000e+00
8    8.3333333333333326e-01  1.6666666666666666e-01  1.0000000000000000e+00
9    1.0000000000000000e+00  1.6666666666666666e-01  1.0000000000000000e+00
10   0.0000000000000000e+00  5.0000000000000000e-01  1.0000000000000000e+00
11   1.6666666666666666e-01  5.0000000000000000e-01  1.0000000000000000e+00
12   5.0000000000000000e-01  5.0000000000000000e-01  1.0000000000000000e+00
13   8.3333333333333326e-01  5.0000000000000000e-01  1.0000000000000000e+00
14   1.0000000000000000e+00  5.0000000000000000e-01  1.0000000000000000e+00
15   0.0000000000000000e+00  8.3333333333333326e-01  1.0000000000000000e+00
16   1.6666666666666666e-01  8.3333333333333326e-01  1.0000000000000000e+00
17   5.0000000000000000e-01  8.3333333333333326e-01  1.0000000000000000e+00
18   8.3333333333333326e-01  8.3333333333333326e-01  1.0000000000000000e+00
19   1.0000000000000000e+00  8.3333333333333326e-01  1.0000000000000000e+00
20   0.0000000000000000e+00  1.0000000000000000e+00  1.0000000000000000e+00
21   1.6666666666666666e-01  1.0000000000000000e+00  1.0000000000000000e+00
22   5.0000000000000000e-01  1.0000000000000000e+00  1.0000000000000000e+00
23   8.3333333333333326e-01  1.0000000000000000e+00  1.0000000000000000e+00
24   1.0000000000000000e+00  1.0000000000000000e+00  1.0000000000000000e+00
25   1.1666666666666667e+00  0.0000000000000000e+00  1.0000000000000000e+00
26   1.5000000000000000e+00  0.0000000000000000e+00  1.0000000000000000e+00
27   1.8333333333333333e+00  0.0000000000000000e+00  1.0000000000000000e+00
28   2.0000000000000000e+00  0.0000000000000000e+00  1.0000000000000000e+00
29   1.1666666666666667e+00  1.6666666666666666e-01  1.0000000000000000e+00
30   1.5000000000000000e+00  1.6666666666666666e-01  1.0000000000000000e+00
31   1.8333333333333335e+00  1.6666666666666666e-01  1.0000000000000000e+00
32   2.0000000000000000e+00  1.6666666666666666e-01  1.0000000000000000e+00
33   1.1666666666666667e+00  5.0000000000000000e-01  1.0000000000000000e+00
34   1.5000000000000000e+00  5.0000000000000000e-01  1.0000000000000000e+00
35   1.8333333333333335e+00  5.0000000000000000e-01  1.0000000000000000e+00
36   2.0000000000000000e+00  5.0000000000000000e-01  1.0000000000000000e+00
37   1.1666666666666667e+00  8.3333333333333326e-01  1.0000000000000000e+00
38   1.5000000000000000e+00  8.3333333333333326e-01  1.0000000000000000e+00
39   1.8333333333333333e+00  8.3333333333333326e-01  1.0000000000000000e+00
40   2.0000000000000000e+00  8.3333333333333326e-01  1.0000000000000000e+00
41   1.1666666666666667e+00  1.0000000000000000e+00  1.0000000000000000e+00
42   1.5000000000000000e+00  1.0000000000000000e+00  1.0000000000000000e+00
43   1.8333333333333333e+00  1.0000000000000000e+00  1.0000000000000000e+00
44   2.0000000000000000e+00  1.0000000000000000e+00  1.0000000000000000e+00
45   1.0000000000000000e+00  1.1666666666666667e+00  1.0000000000000000e+00
46   1.1666666666666667e+00  1.1666666666666667e+00  1.0000000000000000e+00
47   1.5000000000000000e+00  1.1666666666666667e+00  1.0000000000000000e+00
48   1.8333333333333335e+00  1.1666666666666667e+00  1.0000000000000000e+00
49   2.0000000000000000e+00  1.1666666666666667e+00  1.0000000000000000e+00
50   1.0000000000000000e+00  1.5000000000000000e+00  1.0000000000000000e+00
51   1.1666666666666667e+00  1.5000000000000000e+00  1.0000000000000000e+00
52   1.5000000000000000e+00  1.5000000000000000e+00  1.0000000000000000e+00
53   1.8333333333333335e+00  1.5000000000000000e+00  1.0000000000000000e+00
54   2.0000000000000000e+00  1.5000000000000000e+00  1.0000000000000000e+00
55   1.0000000000000000e+00  1.8333333333333333e+00  1.0000000000000000e+00
56   1.1666666666666667e+00  1.8333333333333333e+00  1.0000000000000000e+00
57   1.5000000000000000e+00  1.8333333333333333e+00  1.0000000000000000e+00
58   1.8333333333333333e+00  1.8333333333333333e+00  1.0000000000000000e+00
59   2.0000000000000000e+00  1.8333333333333333e+00  1.0000000000000000e+00
60   1.0000000000000000e+00  2.0000000000000000e+00  1.0000000000000000e+00
61   1.1666666666666667e+00  2.0000000000000000e+00  1.0000000000000000e+00
62   1.5000000000000000e+00  2.0000000000000000e+00  1.0000000000000000e+00
63   1.8333333333333333e+00  2.0000000000000000e+00  1.0000000000000000e+00
64   2.0000000000000000e+00  2.0000000000000000e+00  1.0000000000000000e+00
65   0.0000000000000000e+00  1.1666666666666667e+00  1.0000000000000000e+00
66   1.6666666666666669e-01  1.1666666666666667e+00  1.0000000000000000e+00
67   5.0000000000000000e-01  1.1666666666666667e+00  1.0000000000000000e+00
68   8.3333333333333326e-01  1.1666666666666667e+00  1.0000000000000000e+00
69   0.0000000000000000e+00  1.5000000000000000e+00  1.0000000000000000e+00
70   1.6666666666666666e-01  1.5000000000000000e+00  1.0000000000000000e+00
71   5.0000000000000000e-01  1.5000000000000000e+00  1.0000000000000000e+00
72   8.3333333333333326e-01  1.5000000000000000e+00  1.0000000000000000e+00
73   0.0000000000000000e+00  1.8333333333333333e+00  1.0000000000000000e+00
74   1.6666666666666666e-01  1.8333333333333333e+00  1.0000000000000000e+00
75   5.0000000000000000e-01  1.8333333333333333e+00  1.0000000000000000e+00
76   8.3333333333333326e-01  1.8333333333333333e+00  1.0000000000000000e+00
77   0.0000000000000000e+00  2.0000000000000000e+00  1.0000000000000000e+00
78   1.6666666666666666e-01  2.0000000000000000e+00  1.0000000000000000e+00
79   5.0000000000000000e-01  2.0000000000000000e+00  1.0000000000000000e+00
80   8.3333333333333326e-01  2.0000000000000000e+00  1.0000000000000000e+00

0   1   0.000000e+00
1   1   0.000000e+00
2   1   0.000000e+00
3   1   0.000000e+00
4   1   0.000000e+00
25  1   0.000000e+00
26  1   0.000000e+00
27  1   0.000000e+00
28  1   0.000000e+00

1   1   1   1.000000e+00  1.000000e+00  1.000000e+00  1.000000e+00  1.000000e+00  1.000000e+00