36

2    2

9    9

6    6

0.0000000000000000e+00  0.0000000000000000e+00  0.0000000000000000e+00  2.5000000000000000e-01  5.0000000000000000e-01  7.5000000000000000e-01  1.0000000000000000e+00  1.0000000000000000e+00  1.0000000000000000e+00
0.0000000000000000e+00  0.0000000000000000e+00  0.0000000000000000e+00  2.5000000000000000e-01  5.0000000000000000e-01  7.5000000000000000e-01  1.0000000000000000e+00  1.0000000000000000e+00  1.0000000000000000e+00

0      0.0000000000000000e+00  2.5000000000000000e+00  1.0000000000000000e+00
1      9.3750000000000000e-01  2.5000000000000000e+00  1.0000000000000000e+00
2      2.8125000000000000e+00  2.5000000000000000e+00  1.0000000000000000e+00
3      4.6875000000000000e+00  2.5000000000000000e+00  1.0000000000000000e+00
4      6.5625000000000000e+00  2.5000000000000000e+00  1.0000000000000000e+00
5      7.5000000000000000e+00  2.5000000000000000e+00  1.0000000000000000e+00
6      0.0000000000000000e+00  2.8125000000000000e+00  1.0000000000000000e+00
7      9.3750000000000000e-01  2.8125000000000000e+00  1.0000000000000000e+00
8      2.8125000000000000e+00  2.8125000000000000e+00  1.0000000000000000e+00
9      4.6875000000000000e+00  2.8125000000000000e+00  1.0000000000000000e+00
10     6.5625000000000000e+00  2.8125000000000000e+00  1.0000000000000000e+00
11     7.5000000000000000e+00  2.8125000000000000e+00  1.0000000000000000e+00
12     0.0000000000000000e+00  3.4375000000000000e+00  1.0000000000000000e+00
13     9.3750000000000000e-01  3.4375000000000000e+00  1.0000000000000000e+00
14     2.8125000000000000e+00  3.4375000000000000e+00  1.0000000000000000e+00
15     4.6875000000000000e+00  3.4375000000000000e+00  1.0000000000000000e+00
16     6.5625000000000000e+00  3.4375000000000000e+00  1.0000000000000000e+00
17     7.5000000000000000e+00  3.4375000000000000e+00  1.0000000000000000e+00
18     0.0000000000000000e+00  4.0625000000000000e+00  1.0000000000000000e+00
19     9.3750000000000000e-01  4.0625000000000000e+00  1.0000000000000000e+00
20     2.8125000000000000e+00  4.0625000000000000e+00  1.0000000000000000e+00
21     4.6875000000000000e+00  4.0625000000000000e+00  1.0000000000000000e+00
22     6.5625000000000000e+00  4.0625000000000000e+00  1.0000000000000000e+00
23     7.5000000000000000e+00  4.0625000000000000e+00  1.0000000000000000e+00
24     0.0000000000000000e+00  4.6875000000000000e+00  1.0000000000000000e+00
25     9.3750000000000000e-01  4.6875000000000000e+00  1.0000000000000000e+00
26     2.8125000000000000e+00  4.6875000000000000e+00  1.0000000000000000e+00
27     4.6875000000000000e+00  4.6875000000000000e+00  1.0000000000000000e+00
28     6.5625000000000000e+00  4.6875000000000000e+00  1.0000000000000000e+00
29     7.5000000000000000e+00  4.6875000000000000e+00  1.0000000000000000e+00
30     0.0000000000000000e+00  5.0000000000000000e+00  1.0000000000000000e+00
31     9.3750000000000000e-01  5.0000000000000000e+00  1.0000000000000000e+00
32     2.8125000000000000e+00  5.0000000000000000e+00  1.0000000000000000e+00
33     4.6875000000000000e+00  5.0000000000000000e+00  1.0000000000000000e+00
34     6.5625000000000000e+00  5.0000000000000000e+00  1.0000000000000000e+00
35     7.5000000000000000e+00  5.0000000000000000e+00  1.0000000000000000e+00
