18

2    2

6    9

3    6

0.0000000000000000e+00  0.0000000000000000e+00  0.0000000000000000e+00  1.0000000000000000e+00  1.0000000000000000e+00  1.0000000000000000e+00
0.0000000000000000e+00  0.0000000000000000e+00  0.0000000000000000e+00  2.5000000000000000e-01  5.0000000000000000e-01  7.5000000000000000e-01  1.0000000000000000e+00  1.0000000000000000e+00  1.0000000000000000e+00

0      7.5000000000000000e+00  -5.0000000000000000e+00  1.0000000000000000e+00
1      8.7500000000000000e+00  -5.0000000000000000e+00  1.0000000000000000e+00
2      1.0000000000000000e+01  -5.0000000000000000e+00  1.0000000000000000e+00
3      7.5000000000000000e+00  -4.6875000000000000e+00  1.0000000000000000e+00
4      8.7500000000000000e+00  -4.6875000000000000e+00  1.0000000000000000e+00
5      1.0000000000000000e+01  -4.6875000000000000e+00  1.0000000000000000e+00
6      7.5000000000000000e+00  -4.0625000000000000e+00  1.0000000000000000e+00
7      8.7500000000000000e+00  -4.0625000000000000e+00  1.0000000000000000e+00
8      1.0000000000000000e+01  -4.0625000000000000e+00  1.0000000000000000e+00
9      7.5000000000000000e+00  -3.4375000000000000e+00  1.0000000000000000e+00
10     8.7500000000000000e+00  -3.4375000000000000e+00  1.0000000000000000e+00
11     1.0000000000000000e+01  -3.4375000000000000e+00  1.0000000000000000e+00
12     7.5000000000000000e+00  -2.8125000000000000e+00  1.0000000000000000e+00
13     8.7500000000000000e+00  -2.8125000000000000e+00  1.0000000000000000e+00
14     1.0000000000000000e+01  -2.8125000000000000e+00  1.0000000000000000e+00
15     7.5000000000000000e+00  -2.5000000000000000e+00  1.0000000000000000e+00
16     8.7500000000000000e+00  -2.5000000000000000e+00  1.0000000000000000e+00
17     1.0000000000000000e+01  -2.5000000000000000e+00  1.0000000000000000e+00
