18

2    2

9    6

6    3

0.0000000000000000e+00  0.0000000000000000e+00  0.0000000000000000e+00  2.5000000000000000e-01  5.0000000000000000e-01  7.5000000000000000e-01  1.0000000000000000e+00  1.0000000000000000e+00  1.0000000000000000e+00
0.0000000000000000e+00  0.0000000000000000e+00  0.0000000000000000e+00  1.0000000000000000e+00  1.0000000000000000e+00  1.0000000000000000e+00

0      1.2500000000000000e+01  0.0000000000000000e+00  1.0000000000000000e+00
1      1.2812500000000000e+01  0.0000000000000000e+00  1.0000000000000000e+00
2      1.3437500000000000e+01  0.0000000000000000e+00  1.0000000000000000e+00
3      1.4062500000000000e+01  0.0000000000000000e+00  1.0000000000000000e+00
4      1.4687500000000000e+01  0.0000000000000000e+00  1.0000000000000000e+00
5      1.5000000000000000e+01  0.0000000000000000e+00  1.0000000000000000e+00
6      1.2500000000000000e+01  1.2500000000000000e+00  1.0000000000000000e+00
7      1.2812500000000000e+01  1.2500000000000000e+00  1.0000000000000000e+00
8      1.3437500000000000e+01  1.2500000000000000e+00  1.0000000000000000e+00
9      1.4062500000000000e+01  1.2500000000000000e+00  1.0000000000000000e+00
10     1.4687500000000000e+01  1.2500000000000000e+00  1.0000000000000000e+00
11     1.5000000000000000e+01  1.2500000000000000e+00  1.0000000000000000e+00
12     1.2500000000000000e+01  2.5000000000000000e+00  1.0000000000000000e+00
13     1.2812500000000000e+01  2.5000000000000000e+00  1.0000000000000000e+00
14     1.3437500000000000e+01  2.5000000000000000e+00  1.0000000000000000e+00
15     1.4062500000000000e+01  2.5000000000000000e+00  1.0000000000000000e+00
16     1.4687500000000000e+01  2.5000000000000000e+00  1.0000000000000000e+00
17     1.5000000000000000e+01  2.5000000000000000e+00  1.0000000000000000e+00
