36

2    2

9    9

6    6

0.0000000000000000e+00  0.0000000000000000e+00  0.0000000000000000e+00  2.5000000000000000e-01  5.0000000000000000e-01  7.5000000000000000e-01  1.0000000000000000e+00  1.0000000000000000e+00  1.0000000000000000e+00
0.0000000000000000e+00  0.0000000000000000e+00  0.0000000000000000e+00  2.5000000000000000e-01  5.0000000000000000e-01  7.5000000000000000e-01  1.0000000000000000e+00  1.0000000000000000e+00  1.0000000000000000e+00

0      5.0000000000000000e+00  2.5000000000000000e+00  1.0000000000000000e+00
1      5.3125000000000000e+00  2.5000000000000000e+00  1.0000000000000000e+00
2      5.9375000000000000e+00  2.5000000000000000e+00  1.0000000000000000e+00
3      6.5625000000000000e+00  2.5000000000000000e+00  1.0000000000000000e+00
4      7.1875000000000000e+00  2.5000000000000000e+00  1.0000000000000000e+00
5      7.5000000000000000e+00  2.5000000000000000e+00  1.0000000000000000e+00
6      5.0000000000000000e+00  2.8125000000000000e+00  1.0000000000000000e+00
7      5.3125000000000000e+00  2.8125000000000000e+00  1.0000000000000000e+00
8      5.9375000000000000e+00  2.8125000000000000e+00  1.0000000000000000e+00
9      6.5625000000000000e+00  2.8125000000000000e+00  1.0000000000000000e+00
10     7.1875000000000000e+00  2.8125000000000000e+00  1.0000000000000000e+00
11     7.5000000000000000e+00  2.8125000000000000e+00  1.0000000000000000e+00
12     5.0000000000000000e+00  3.4375000000000000e+00  1.0000000000000000e+00
13     5.3125000000000000e+00  3.4375000000000000e+00  1.0000000000000000e+00
14     5.9375000000000000e+00  3.4375000000000000e+00  1.0000000000000000e+00
15     6.5625000000000000e+00  3.4375000000000000e+00  1.0000000000000000e+00
16     7.1875000000000000e+00  3.4375000000000000e+00  1.0000000000000000e+00
17     7.5000000000000000e+00  3.4375000000000000e+00  1.0000000000000000e+00
18     5.0000000000000000e+00  4.0625000000000000e+00  1.0000000000000000e+00
19     5.3125000000000000e+00  4.0625000000000000e+00  1.0000000000000000e+00
20     5.9375000000000000e+00  4.0625000000000000e+00  1.0000000000000000e+00
21     6.5625000000000000e+00  4.0625000000000000e+00  1.0000000000000000e+00
22     7.1875000000000000e+00  4.0625000000000000e+00  1.0000000000000000e+00
23     7.5000000000000000e+00  4.0625000000000000e+00  1.0000000000000000e+00
24     5.0000000000000000e+00  4.6875000000000000e+00  1.0000000000000000e+00
25     5.3125000000000000e+00  4.6875000000000000e+00  1.0000000000000000e+00
26     5.9375000000000000e+00  4.6875000000000000e+00  1.0000000000000000e+00
27     6.5625000000000000e+00  4.6875000000000000e+00  1.0000000000000000e+00
28     7.1875000000000000e+00  4.6875000000000000e+00  1.0000000000000000e+00
29     7.5000000000000000e+00  4.6875000000000000e+00  1.0000000000000000e+00
30     5.0000000000000000e+00  5.0000000000000000e+00  1.0000000000000000e+00
31     5.3125000000000000e+00  5.0000000000000000e+00  1.0000000000000000e+00
32     5.9375000000000000e+00  5.0000000000000000e+00  1.0000000000000000e+00
33     6.5625000000000000e+00  5.0000000000000000e+00  1.0000000000000000e+00
34     7.1875000000000000e+00  5.0000000000000000e+00  1.0000000000000000e+00
35     7.5000000000000000e+00  5.0000000000000000e+00  1.0000000000000000e+00
