206000  0.3

1

25

3	3

9	9

5	5

0   1   2   3   4   5   6   7   8   9   10   11   12   13   14   15   16   17   18   19   20   21   22   23   24

10  0   1

0.0000000000000000e+00	0.0000000000000000e+00	0.0000000000000000e+00	0.0000000000000000e+00	5.0000000000000000e-01	1.0000000000000000e+00	1.0000000000000000e+00	1.0000000000000000e+00	1.0000000000000000e+00
0.0000000000000000e+00	0.0000000000000000e+00	0.0000000000000000e+00	0.0000000000000000e+00	5.0000000000000000e-01	1.0000000000000000e+00	1.0000000000000000e+00	1.0000000000000000e+00	1.0000000000000000e+00

0	0.0000000000000000e+00	0.0000000000000000e+00	1.0000000000000000e+00
1	1.6666666666666670e+00	0.0000000000000000e+00	1.0000000000000000e+00
2	5.0000000000000000e+00	0.0000000000000000e+00	1.0000000000000000e+00
3	8.3333333333333339e+00	0.0000000000000000e+00	1.0000000000000000e+00
4	1.0000000000000000e+01	0.0000000000000000e+00	1.0000000000000000e+00
5	0.0000000000000000e+00	1.6666666666666670e+00	1.0000000000000000e+00
6	1.6666666666666670e+00	1.6666666666666670e+00	1.0000000000000000e+00
7	5.0000000000000000e+00	1.6666666666666670e+00	1.0000000000000000e+00
8	8.3333333333333339e+00	1.6666666666666670e+00	1.0000000000000000e+00
9	1.0000000000000000e+01	1.6666666666666670e+00	1.0000000000000000e+00
10	0.0000000000000000e+00	5.0000000000000000e+00	1.0000000000000000e+00
11	1.6666666666666670e+00	5.0000000000000000e+00	1.0000000000000000e+00
12	5.0000000000000009e+00	5.0000000000000000e+00	1.0000000000000000e+00
13	8.3333333333333339e+00	5.0000000000000000e+00	1.0000000000000000e+00
14	1.0000000000000000e+01	5.0000000000000000e+00	1.0000000000000000e+00
15	0.0000000000000000e+00	8.3333333333333339e+00	1.0000000000000000e+00
16	1.6666666666666670e+00	8.3333333333333339e+00	1.0000000000000000e+00
17	5.0000000000000000e+00	8.3333333333333339e+00	1.0000000000000000e+00
18	8.3333333333333339e+00	8.3333333333333339e+00	1.0000000000000000e+00
19	1.0000000000000000e+01	8.3333333333333339e+00	1.0000000000000000e+00
20	0.0000000000000000e+00	1.0000000000000000e+01	1.0000000000000000e+00
21	1.6666666666666670e+00	1.0000000000000000e+01	1.0000000000000000e+00
22	5.0000000000000000e+00	1.0000000000000000e+01	1.0000000000000000e+00
23	8.3333333333333339e+00	1.0000000000000000e+01	1.0000000000000000e+00
24	1.0000000000000000e+01	1.0000000000000000e+01	1.0000000000000000e+00

0   1   0.0
1   1   0.0
2   1   0.0
3   1   0.0
4   1   0.0
0   0   0.0
5   0   0.0
10  0   0.0
15  0   0.0
20  0   0.0

1   0   0   1.0   0.0   1.0   10.0    0.0 0.0