206000  0.3

1

25

3	3

9	9

5	5

0   1   2   3   4   5   6   7   8   9   10   11   12   13   14   15   16   17   18   19   20   21   22   23   24

18  0   0

0.0000000000000000e+00	0.0000000000000000e+00	0.0000000000000000e+00	0.0000000000000000e+00	5.0000000000000000e-01	1.0000000000000000e+00	1.0000000000000000e+00	1.0000000000000000e+00	1.0000000000000000e+00
0.0000000000000000e+00	0.0000000000000000e+00	0.0000000000000000e+00	0.0000000000000000e+00	5.0000000000000000e-01	1.0000000000000000e+00	1.0000000000000000e+00	1.0000000000000000e+00	1.0000000000000000e+00

0	1.0000000000000000e+00	0.0000000000000000e+00	1.0000000000000000e+00
1	1.2083333333333335e+00	0.0000000000000000e+00	1.0000000000000000e+00
2	1.6250000000000000e+00	0.0000000000000000e+00	1.0000000000000000e+00
3	2.0416666666666670e+00	0.0000000000000000e+00	1.0000000000000000e+00
4	2.2500000000000000e+00	0.0000000000000000e+00	1.0000000000000000e+00
5	1.0000000000000000e+00	2.6120387496374148e-01	9.0236892706218252e-01
6	1.2083333333333335e+00	3.1562134891452098e-01	9.0236892706218252e-01
7	1.6250000000000002e+00	4.2445629681608005e-01	9.0236892706218252e-01
8	2.0416666666666670e+00	5.3329124471763900e-01	9.0236892706218252e-01
9	2.2500000000000004e+00	5.8770871866841845e-01	9.0236892706218252e-01
10	7.9289321881345254e-01	7.9289321881345254e-01	8.0473785412436505e-01
11	9.5807930606625513e-01	9.5807930606625513e-01	8.0473785412436505e-01
12	1.2884514805718605e+00	1.2884514805718605e+00	8.0473785412436505e-01
13	1.6188236550774657e+00	1.6188236550774660e+00	8.0473785412436505e-01
14	1.7840097423302681e+00	1.7840097423302681e+00	8.0473785412436505e-01
15	2.6120387496374148e-01	1.0000000000000000e+00	9.0236892706218252e-01
16	3.1562134891452098e-01	1.2083333333333335e+00	9.0236892706218252e-01
17	4.2445629681607988e-01	1.6250000000000002e+00	9.0236892706218252e-01
18	5.3329124471763878e-01	2.0416666666666670e+00	9.0236892706218252e-01
19	5.8770871866841834e-01	2.2500000000000000e+00	9.0236892706218252e-01
20	0.0000000000000000e+00	1.0000000000000000e+00	1.0000000000000000e+00
21	0.0000000000000000e+00	1.2083333333333335e+00	1.0000000000000000e+00
22	0.0000000000000000e+00	1.6250000000000000e+00	1.0000000000000000e+00
23	0.0000000000000000e+00	2.0416666666666670e+00	1.0000000000000000e+00
24	0.0000000000000000e+00	2.2500000000000000e+00	1.0000000000000000e+00

0   1   0.0
1   1   0.0
2   1   0.0
3   1   0.0
4   1   0.0
9   1   0.0
14  1   0.0
19  1   0.0
24  1   0.0
4   0   0.0
9   0   0.0
14  0   0.0
19  0   0.0
20  0   0.0
21  0   0.0
22  0   0.0
23  0   0.0
24  0   0.0