206000  0.3

1

900

3	3

34	34

30	30

0   1   2   3   4   5   6   7   8   9   10   11   12   13   14   15   16   17   18   19   20   21   22   23   24   25   26   27   28   29   30   31   32   33   34   35   36   37   38   39   40   41   42   43   44   45   46   47   48   49   50   51   52   53   54   55   56   57   58   59   60   61   62   63   64   65   66   67   68   69   70   71   72   73   74   75   76   77   78   79   80   81   82   83   84   85   86   87   88   89   90   91   92   93   94   95   96   97   98   99   100   101   102   103   104   105   106   107   108   109   110   111   112   113   114   115   116   117   118   119   120   121   122   123   124   125   126   127   128   129   130   131   132   133   134   135   136   137   138   139   140   141   142   143   144   145   146   147   148   149   150   151   152   153   154   155   156   157   158   159   160   161   162   163   164   165   166   167   168   169   170   171   172   173   174   175   176   177   178   179   180   181   182   183   184   185   186   187   188   189   190   191   192   193   194   195   196   197   198   199   200   201   202   203   204   205   206   207   208   209   210   211   212   213   214   215   216   217   218   219   220   221   222   223   224   225   226   227   228   229   230   231   232   233   234   235   236   237   238   239   240   241   242   243   244   245   246   247   248   249   250   251   252   253   254   255   256   257   258   259   260   261   262   263   264   265   266   267   268   269   270   271   272   273   274   275   276   277   278   279   280   281   282   283   284   285   286   287   288   289   290   291   292   293   294   295   296   297   298   299   300   301   302   303   304   305   306   307   308   309   310   311   312   313   314   315   316   317   318   319   320   321   322   323   324   325   326   327   328   329   330   331   332   333   334   335   336   337   338   339   340   341   342   343   344   345   346   347   348   349   350   351   352   353   354   355   356   357   358   359   360   361   362   363   364   365   366   367   368   369   370   371   372   373   374   375   376   377   378   379   380   381   382   383   384   385   386   387   388   389   390   391   392   393   394   395   396   397   398   399   400   401   402   403   404   405   406   407   408   409   410   411   412   413   414   415   416   417   418   419   420   421   422   423   424   425   426   427   428   429   430   431   432   433   434   435   436   437   438   439   440   441   442   443   444   445   446   447   448   449   450   451   452   453   454   455   456   457   458   459   460   461   462   463   464   465   466   467   468   469   470   471   472   473   474   475   476   477   478   479   480   481   482   483   484   485   486   487   488   489   490   491   492   493   494   495   496   497   498   499   500   501   502   503   504   505   506   507   508   509   510   511   512   513   514   515   516   517   518   519   520   521   522   523   524   525   526   527   528   529   530   531   532   533   534   535   536   537   538   539   540   541   542   543   544   545   546   547   548   549   550   551   552   553   554   555   556   557   558   559   560   561   562   563   564   565   566   567   568   569   570   571   572   573   574   575   576   577   578   579   580   581   582   583   584   585   586   587   588   589   590   591   592   593   594   595   596   597   598   599   600   601   602   603   604   605   606   607   608   609   610   611   612   613   614   615   616   617   618   619   620   621   622   623   624   625   626   627   628   629   630   631   632   633   634   635   636   637   638   639   640   641   642   643   644   645   646   647   648   649   650   651   652   653   654   655   656   657   658   659   660   661   662   663   664   665   666   667   668   669   670   671   672   673   674   675   676   677   678   679   680   681   682   683   684   685   686   687   688   689   690   691   692   693   694   695   696   697   698   699   700   701   702   703   704   705   706   707   708   709   710   711   712   713   714   715   716   717   718   719   720   721   722   723   724   725   726   727   728   729   730   731   732   733   734   735   736   737   738   739   740   741   742   743   744   745   746   747   748   749   750   751   752   753   754   755   756   757   758   759   760   761   762   763   764   765   766   767   768   769   770   771   772   773   774   775   776   777   778   779   780   781   782   783   784   785   786   787   788   789   790   791   792   793   794   795   796   797   798   799   800   801   802   803   804   805   806   807   808   809   810   811   812   813   814   815   816   817   818   819   820   821   822   823   824   825   826   827   828   829   830   831   832   833   834   835   836   837   838   839   840   841   842   843   844   845   846   847   848   849   850   851   852   853   854   855   856   857   858   859   860   861   862   863   864   865   866   867   868   869   870   871   872   873   874   875   876   877   878   879   880   881   882   883   884   885   886   887   888   889   890   891   892   893   894   895   896   897   898   899

118 0   0

0.0000000000000000e+00	0.0000000000000000e+00	0.0000000000000000e+00	0.0000000000000000e+00	3.7037037037037035e-02	7.4074074074074070e-02	1.1111111111111110e-01	1.4814814814814814e-01	1.8518518518518517e-01	2.2222222222222221e-01	2.5925925925925924e-01	2.9629629629629628e-01	3.3333333333333331e-01	3.7037037037037035e-01	4.0740740740740738e-01	4.4444444444444442e-01	4.8148148148148145e-01	5.1851851851851849e-01	5.5555555555555558e-01	5.9259259259259256e-01	6.2962962962962965e-01	6.6666666666666663e-01	7.0370370370370372e-01	7.4074074074074070e-01	7.7777777777777779e-01	8.1481481481481477e-01	8.5185185185185186e-01	8.8888888888888884e-01	9.2592592592592593e-01	9.6296296296296291e-01	1.0000000000000000e+00	1.0000000000000000e+00	1.0000000000000000e+00	1.0000000000000000e+00
0.0000000000000000e+00	0.0000000000000000e+00	0.0000000000000000e+00	0.0000000000000000e+00	3.7037037037037035e-02	7.4074074074074070e-02	1.1111111111111110e-01	1.4814814814814814e-01	1.8518518518518517e-01	2.2222222222222221e-01	2.5925925925925924e-01	2.9629629629629628e-01	3.3333333333333331e-01	3.7037037037037035e-01	4.0740740740740738e-01	4.4444444444444442e-01	4.8148148148148145e-01	5.1851851851851849e-01	5.5555555555555558e-01	5.9259259259259256e-01	6.2962962962962965e-01	6.6666666666666663e-01	7.0370370370370372e-01	7.4074074074074070e-01	7.7777777777777779e-01	8.1481481481481477e-01	8.5185185185185186e-01	8.8888888888888884e-01	9.2592592592592593e-01	9.6296296296296291e-01	1.0000000000000000e+00	1.0000000000000000e+00	1.0000000000000000e+00	1.0000000000000000e+00

0	1.0000000000000000e+00	0.0000000000000000e+00	1.0000000000000000e+00
1	1.0154320987654322e+00	0.0000000000000000e+00	1.0000000000000000e+00
2	1.0462962962962963e+00	0.0000000000000000e+00	1.0000000000000000e+00
3	1.0925925925925926e+00	0.0000000000000000e+00	1.0000000000000000e+00
4	1.1388888888888888e+00	0.0000000000000000e+00	9.9999999999999989e-01
5	1.1851851851851853e+00	0.0000000000000000e+00	1.0000000000000000e+00
6	1.2314814814814816e+00	0.0000000000000000e+00	1.0000000000000000e+00
7	1.2777777777777777e+00	0.0000000000000000e+00	1.0000000000000000e+00
8	1.3240740740740740e+00	0.0000000000000000e+00	9.9999999999999989e-01
9	1.3703703703703702e+00	0.0000000000000000e+00	1.0000000000000000e+00
10	1.4166666666666670e+00	0.0000000000000000e+00	1.0000000000000000e+00
11	1.4629629629629628e+00	0.0000000000000000e+00	1.0000000000000002e+00
12	1.5092592592592595e+00	0.0000000000000000e+00	9.9999999999999989e-01
13	1.5555555555555558e+00	0.0000000000000000e+00	1.0000000000000000e+00
14	1.6018518518518519e+00	0.0000000000000000e+00	1.0000000000000000e+00
15	1.6481481481481484e+00	0.0000000000000000e+00	1.0000000000000000e+00
16	1.6944444444444444e+00	0.0000000000000000e+00	9.9999999999999989e-01
17	1.7407407407407407e+00	0.0000000000000000e+00	1.0000000000000000e+00
18	1.7870370370370374e+00	0.0000000000000000e+00	9.9999999999999989e-01
19	1.8333333333333335e+00	0.0000000000000000e+00	1.0000000000000000e+00
20	1.8796296296296298e+00	0.0000000000000000e+00	1.0000000000000000e+00
21	1.9259259259259260e+00	0.0000000000000000e+00	1.0000000000000000e+00
22	1.9722222222222221e+00	0.0000000000000000e+00	1.0000000000000000e+00
23	2.0185185185185186e+00	0.0000000000000000e+00	1.0000000000000000e+00
24	2.0648148148148149e+00	0.0000000000000000e+00	1.0000000000000000e+00
25	2.1111111111111112e+00	0.0000000000000000e+00	1.0000000000000000e+00
26	2.1574074074074074e+00	0.0000000000000000e+00	1.0000000000000000e+00
27	2.2037037037037037e+00	0.0000000000000000e+00	1.0000000000000000e+00
28	2.2345679012345681e+00	0.0000000000000000e+00	1.0000000000000000e+00
29	2.2500000000000000e+00	0.0000000000000000e+00	1.0000000000000000e+00
30	1.0000000000000000e+00	1.7586611865278816e-02	9.9276806867127287e-01
31	1.0154320987654319e+00	1.7858010196533117e-02	9.9276806867127287e-01
32	1.0462962962962961e+00	1.8400806859041722e-02	9.9276806867127287e-01
33	1.0925925925925926e+00	1.9215001852804635e-02	9.9276806867127287e-01
34	1.1388888888888888e+00	2.0029196846567537e-02	9.9276806867127276e-01
35	1.1851851851851853e+00	2.0843391840330450e-02	9.9276806867127287e-01
36	1.2314814814814814e+00	2.1657586834093356e-02	9.9276806867127287e-01
37	1.2777777777777777e+00	2.2471781827856259e-02	9.9276806867127287e-01
38	1.3240740740740740e+00	2.3285976821619168e-02	9.9276806867127276e-01
39	1.3703703703703702e+00	2.4100171815382081e-02	9.9276806867127287e-01
40	1.4166666666666670e+00	2.4914366809144987e-02	9.9276806867127287e-01
41	1.4629629629629628e+00	2.5728561802907893e-02	9.9276806867127310e-01
42	1.5092592592592593e+00	2.6542756796670806e-02	9.9276806867127276e-01
43	1.5555555555555556e+00	2.7356951790433709e-02	9.9276806867127287e-01
44	1.6018518518518516e+00	2.8171146784196622e-02	9.9276806867127287e-01
45	1.6481481481481484e+00	2.8985341777959531e-02	9.9276806867127287e-01
46	1.6944444444444444e+00	2.9799536771722437e-02	9.9276806867127276e-01
47	1.7407407407407405e+00	3.0613731765485347e-02	9.9276806867127287e-01
48	1.7870370370370374e+00	3.1427926759248256e-02	9.9276806867127276e-01
49	1.8333333333333335e+00	3.2242121753011166e-02	9.9276806867127287e-01
50	1.8796296296296298e+00	3.3056316746774075e-02	9.9276806867127287e-01
51	1.9259259259259260e+00	3.3870511740536978e-02	9.9276806867127287e-01
52	1.9722222222222221e+00	3.4684706734299887e-02	9.9276806867127287e-01
53	2.0185185185185186e+00	3.5498901728062797e-02	9.9276806867127287e-01
54	2.0648148148148149e+00	3.6313096721825699e-02	9.9276806867127287e-01
55	2.1111111111111112e+00	3.7127291715588616e-02	9.9276806867127287e-01
56	2.1574074074074074e+00	3.7941486709351512e-02	9.9276806867127287e-01
57	2.2037037037037037e+00	3.8755681703114428e-02	9.9276806867127287e-01
58	2.2345679012345681e+00	3.9298478365623037e-02	9.9276806867127287e-01
59	2.2500000000000004e+00	3.9569876696877337e-02	9.9276806867127287e-01
60	9.9906573614609617e-01	5.3123584068423560e-02	9.7883990463076120e-01
61	1.0144834172594619e+00	5.3943392464541204e-02	9.7883990463076120e-01
62	1.0453187794861933e+00	5.5583009256776506e-02	9.7883990463076120e-01
63	1.0915718228262901e+00	5.8042434445129451e-02	9.7883990463076120e-01
64	1.1378248661663870e+00	6.0501859633482390e-02	9.7883990463076109e-01
65	1.1840779095064844e+00	6.2961284821835342e-02	9.7883990463076120e-01
66	1.2303309528465811e+00	6.5420710010188274e-02	9.7883990463076120e-01
67	1.2765839961866783e+00	6.7880135198541219e-02	9.7883990463076120e-01
68	1.3228370395267752e+00	7.0339560386894151e-02	9.7883990463076109e-01
69	1.3690900828668722e+00	7.2798985575247110e-02	9.7883990463076120e-01
70	1.4153431262069696e+00	7.5258410763600042e-02	9.7883990463076120e-01
71	1.4615961695470665e+00	7.7717835951952974e-02	9.7883990463076143e-01
72	1.5078492128871637e+00	8.0177261140305933e-02	9.7883990463076109e-01
73	1.5541022562272608e+00	8.2636686328658865e-02	9.7883990463076120e-01
74	1.6003552995673578e+00	8.5096111517011824e-02	9.7883990463076120e-01
75	1.6466083429074549e+00	8.7555536705364770e-02	9.7883990463076120e-01
76	1.6928613862475517e+00	9.0014961893717702e-02	9.7883990463076109e-01
77	1.7391144295876488e+00	9.2474387082070661e-02	9.7883990463076120e-01
78	1.7853674729277464e+00	9.4933812270423606e-02	9.7883990463076109e-01
79	1.8316205162678432e+00	9.7393237458776538e-02	9.7883990463076120e-01
80	1.8778735596079399e+00	9.9852662647129484e-02	9.7883990463076120e-01
81	1.9241266029480371e+00	1.0231208783548243e-01	9.7883990463076120e-01
82	1.9703796462881340e+00	1.0477151302383536e-01	9.7883990463076120e-01
83	2.0166326896282309e+00	1.0723093821218831e-01	9.7883990463076120e-01
84	2.0628857329683283e+00	1.0969036340054124e-01	9.7883990463076120e-01
85	2.1091387763084248e+00	1.1214978858889421e-01	9.7883990463076120e-01
86	2.1553918196485227e+00	1.1460921377724713e-01	9.7883990463076120e-01
87	2.2016448629886192e+00	1.1706863896560009e-01	9.7883990463076120e-01
88	2.2324802252153506e+00	1.1870825575783538e-01	9.7883990463076120e-01
89	2.2478979063287161e+00	1.1952806415395302e-01	9.7883990463076120e-01
90	9.9475827611094525e-01	1.0700085744647139e-01	9.5955475442082172e-01
91	1.0101094840756202e+00	1.0865210524657123e-01	9.5955475442082183e-01
92	1.0408119000049705e+00	1.1195460084677097e-01	9.5955475442082183e-01
93	1.0868655238989955e+00	1.1690834424707060e-01	9.5955475442082172e-01
94	1.1329191477930207e+00	1.2186208764737018e-01	9.5955475442082172e-01
95	1.1789727716870462e+00	1.2681583104766980e-01	9.5955475442082172e-01
96	1.2250263955810714e+00	1.3176957444796938e-01	9.5955475442082183e-01
97	1.2710800194750966e+00	1.3672331784826897e-01	9.5955475442082183e-01
98	1.3171336433691216e+00	1.4167706124856855e-01	9.5955475442082172e-01
99	1.3631872672631471e+00	1.4663080464886824e-01	9.5955475442082172e-01
100	1.4092408911571725e+00	1.5158454804916779e-01	9.5955475442082183e-01
101	1.4552945150511976e+00	1.5653829144946738e-01	9.5955475442082194e-01
102	1.5013481389452230e+00	1.6149203484976696e-01	9.5955475442082172e-01
103	1.5474017628392482e+00	1.6644577825006657e-01	9.5955475442082183e-01
104	1.5934553867332735e+00	1.7139952165036618e-01	9.5955475442082183e-01
105	1.6395090106272987e+00	1.7635326505066579e-01	9.5955475442082183e-01
106	1.6855626345213239e+00	1.8130700845096540e-01	9.5955475442082172e-01
107	1.7316162584153489e+00	1.8626075185126501e-01	9.5955475442082172e-01
108	1.7776698823093746e+00	1.9121449525156464e-01	9.5955475442082172e-01
109	1.8237235062033996e+00	1.9616823865186425e-01	9.5955475442082172e-01
110	1.8697771300974251e+00	2.0112198205216383e-01	9.5955475442082172e-01
111	1.9158307539914501e+00	2.0607572545246342e-01	9.5955475442082172e-01
112	1.9618843778854751e+00	2.1102946885276300e-01	9.5955475442082172e-01
113	2.0079380017795008e+00	2.1598321225306263e-01	9.5955475442082172e-01
114	2.0539916256735258e+00	2.2093695565336222e-01	9.5955475442082172e-01
115	2.1000452495675508e+00	2.2589069905366183e-01	9.5955475442082183e-01
116	2.1460988734615762e+00	2.3084444245396141e-01	9.5955475442082172e-01
117	2.1921524973556012e+00	2.3579818585426107e-01	9.5955475442082172e-01
118	2.2228549132849520e+00	2.3910068145446078e-01	9.5955475442082172e-01
119	2.2382061212496267e+00	2.4075192925456063e-01	9.5955475442082172e-01
120	9.8737793212132841e-01	1.6160341436670247e-01	9.4187670006171087e-01
121	1.0026152458886328e+00	1.6409729421804053e-01	9.4187670006171087e-01
122	1.0330898734232417e+00	1.6908505392071652e-01	9.4187670006171087e-01
123	1.0788018147251550e+00	1.7656669347473053e-01	9.4187670006171087e-01
124	1.1245137560270684e+00	1.8404833302874452e-01	9.4187670006171065e-01
125	1.1702256973289817e+00	1.9152997258275856e-01	9.4187670006171087e-01
126	1.2159376386308951e+00	1.9901161213677254e-01	9.4187670006171087e-01
127	1.2616495799328085e+00	2.0649325169078650e-01	9.4187670006171087e-01
128	1.3073615212347218e+00	2.1397489124480054e-01	9.4187670006171065e-01
129	1.3530734625366350e+00	2.2145653079881458e-01	9.4187670006171087e-01
130	1.3987854038385488e+00	2.2893817035282857e-01	9.4187670006171087e-01
131	1.4444973451404624e+00	2.3641980990684258e-01	9.4187670006171087e-01
132	1.4902092864423755e+00	2.4390144946085660e-01	9.4187670006171065e-01
133	1.5359212277442889e+00	2.5138308901487061e-01	9.4187670006171087e-01
134	1.5816331690462022e+00	2.5886472856888459e-01	9.4187670006171087e-01
135	1.6273451103481154e+00	2.6634636812289858e-01	9.4187670006171087e-01
136	1.6730570516500287e+00	2.7382800767691262e-01	9.4187670006171065e-01
137	1.7187689929519421e+00	2.8130964723092661e-01	9.4187670006171087e-01
138	1.7644809342538557e+00	2.8879128678494065e-01	9.4187670006171065e-01
139	1.8101928755557688e+00	2.9627292633895469e-01	9.4187670006171087e-01
140	1.8559048168576824e+00	3.0375456589296862e-01	9.4187670006171087e-01
141	1.9016167581595955e+00	3.1123620544698261e-01	9.4187670006171087e-01
142	1.9473286994615084e+00	3.1871784500099665e-01	9.4187670006171087e-01
143	1.9930406407634222e+00	3.2619948455501069e-01	9.4187670006171087e-01
144	2.0387525820653352e+00	3.3368112410902462e-01	9.4187670006171087e-01
145	2.0844645233672492e+00	3.4116276366303866e-01	9.4187670006171087e-01
146	2.1301764646691623e+00	3.4864440321705265e-01	9.4187670006171087e-01
147	2.1758884059710755e+00	3.5612604277106669e-01	9.4187670006171087e-01
148	2.2063630335056845e+00	3.6111380247374264e-01	9.4187670006171087e-01
149	2.2216003472729891e+00	3.6360768232508067e-01	9.4187670006171087e-01
150	9.7678711044409983e-01	2.1668845030515416e-01	9.2580574155342810e-01
151	9.9186098560527414e-01	2.2003240787159170e-01	9.2580574155342821e-01
152	1.0220087359276229e+00	2.2672032300446682e-01	9.2580574155342821e-01
153	1.0672303614111460e+00	2.3675219570377956e-01	9.2580574155342810e-01
154	1.1124519868946692e+00	2.4678406840309222e-01	9.2580574155342810e-01
155	1.1576736123781926e+00	2.5681594110240497e-01	9.2580574155342810e-01
156	1.2028952378617153e+00	2.6684781380171757e-01	9.2580574155342832e-01
157	1.2481168633452386e+00	2.7687968650103029e-01	9.2580574155342821e-01
158	1.2933384888287616e+00	2.8691155920034300e-01	9.2580574155342810e-01
159	1.3385601143122852e+00	2.9694343189965577e-01	9.2580574155342810e-01
160	1.3837817397958083e+00	3.0697530459896843e-01	9.2580574155342821e-01
161	1.4290033652793313e+00	3.1700717729828110e-01	9.2580574155342832e-01
162	1.4742249907628546e+00	3.2703904999759376e-01	9.2580574155342810e-01
163	1.5194466162463776e+00	3.3707092269690642e-01	9.2580574155342821e-01
164	1.5646682417299007e+00	3.4710279539621913e-01	9.2580574155342821e-01
165	1.6098898672134239e+00	3.5713466809553185e-01	9.2580574155342821e-01
166	1.6551114926969470e+00	3.6716654079484451e-01	9.2580574155342810e-01
167	1.7003331181804704e+00	3.7719841349415734e-01	9.2580574155342810e-01
168	1.7455547436639935e+00	3.8723028619346994e-01	9.2580574155342810e-01
169	1.7907763691475165e+00	3.9726215889278266e-01	9.2580574155342810e-01
170	1.8359979946310399e+00	4.0729403159209543e-01	9.2580574155342810e-01
171	1.8812196201145628e+00	4.1732590429140809e-01	9.2580574155342810e-01
172	1.9264412455980857e+00	4.2735777699072069e-01	9.2580574155342810e-01
173	1.9716628710816093e+00	4.3738964969003347e-01	9.2580574155342810e-01
174	2.0168844965651322e+00	4.4742152238934602e-01	9.2580574155342810e-01
175	2.0621061220486552e+00	4.5745339508865890e-01	9.2580574155342821e-01
176	2.1073277475321786e+00	4.6748526778797150e-01	9.2580574155342810e-01
177	2.1525493730157019e+00	4.7751714048728428e-01	9.2580574155342810e-01
178	2.1826971233380505e+00	4.8420505562015931e-01	9.2580574155342810e-01
179	2.1977709984992249e+00	4.8754901318659688e-01	9.2580574155342810e-01
180	9.6287199543355340e-01	2.7199007262278407e-01	9.1134187889597384e-01
181	9.7773113116555277e-01	2.7618745028671587e-01	9.1134187889597384e-01
182	1.0074494026295513e+00	2.8458220561457964e-01	9.1134187889597384e-01
183	1.0520268098255490e+00	2.9717433860637515e-01	9.1134187889597384e-01
184	1.0966042170215469e+00	3.0976647159817072e-01	9.1134187889597373e-01
185	1.1411816242175448e+00	3.2235860458996629e-01	9.1134187889597384e-01
186	1.1857590314135427e+00	3.3495073758176180e-01	9.1134187889597396e-01
187	1.2303364386095403e+00	3.4754287057355737e-01	9.1134187889597384e-01
188	1.2749138458055382e+00	3.6013500356535288e-01	9.1134187889597373e-01
189	1.3194912530015359e+00	3.7272713655714856e-01	9.1134187889597384e-01
190	1.3640686601975343e+00	3.8531926954894413e-01	9.1134187889597384e-01
191	1.4086460673935319e+00	3.9791140254073970e-01	9.1134187889597396e-01
192	1.4532234745895298e+00	4.1050353553253521e-01	9.1134187889597373e-01
193	1.4978008817855279e+00	4.2309566852433073e-01	9.1134187889597384e-01
194	1.5423782889815254e+00	4.3568780151612641e-01	9.1134187889597384e-01
195	1.5869556961775233e+00	4.4827993450792197e-01	9.1134187889597384e-01
196	1.6315331033735210e+00	4.6087206749971743e-01	9.1134187889597373e-01
197	1.6761105105695191e+00	4.7346420049151305e-01	9.1134187889597384e-01
198	1.7206879177655172e+00	4.8605633348330862e-01	9.1134187889597373e-01
199	1.7652653249615147e+00	4.9864846647510414e-01	9.1134187889597384e-01
200	1.8098427321575126e+00	5.1124059946689970e-01	9.1134187889597384e-01
201	1.8544201393535105e+00	5.2383273245869522e-01	9.1134187889597384e-01
202	1.8989975465495081e+00	5.3642486545049084e-01	9.1134187889597384e-01
203	1.9435749537455063e+00	5.4901699844228624e-01	9.1134187889597384e-01
204	1.9881523609415037e+00	5.6160913143408187e-01	9.1134187889597384e-01
205	2.0327297681375018e+00	5.7420126442587760e-01	9.1134187889597384e-01
206	2.0773071753334995e+00	5.8679339741767311e-01	9.1134187889597384e-01
207	2.1218845825294976e+00	5.9938553040946874e-01	9.1134187889597384e-01
208	2.1516028539934959e+00	6.0778028573733234e-01	9.1134187889597384e-01
209	2.1664619897254953e+00	6.1197766340126414e-01	9.1134187889597384e-01
210	9.4554671188175476e-01	3.2722199166055899e-01	8.9848511208934767e-01
211	9.6013848212684350e-01	3.3227171375408610e-01	8.9848511208934767e-01
212	9.8932202261702107e-01	3.4237115794114042e-01	8.9848511208934767e-01
213	1.0330973333522875e+00	3.5752032422172186e-01	8.9848511208934767e-01
214	1.0768726440875538e+00	3.7266949050230319e-01	8.9848511208934756e-01
215	1.1206479548228203e+00	3.8781865678288474e-01	8.9848511208934767e-01
216	1.1644232655580871e+00	4.0296782306346612e-01	8.9848511208934767e-01
217	1.2081985762933531e+00	4.1811698934404756e-01	8.9848511208934767e-01
218	1.2519738870286194e+00	4.3326615562462889e-01	8.9848511208934756e-01
219	1.2957491977638860e+00	4.4841532190521050e-01	8.9848511208934767e-01
220	1.3395245084991529e+00	4.6356448818579193e-01	8.9848511208934767e-01
221	1.3832998192344188e+00	4.7871365446637337e-01	8.9848511208934767e-01
222	1.4270751299696856e+00	4.9386282074695470e-01	8.9848511208934756e-01
223	1.4708504407049521e+00	5.0901198702753614e-01	8.9848511208934767e-01
224	1.5146257514402182e+00	5.2416115330811763e-01	8.9848511208934767e-01
225	1.5584010621754849e+00	5.3931031958869902e-01	8.9848511208934767e-01
226	1.6021763729107512e+00	5.5445948586928051e-01	8.9848511208934756e-01
227	1.6459516836460175e+00	5.6960865214986200e-01	8.9848511208934767e-01
228	1.6897269943812845e+00	5.8475781843044339e-01	8.9848511208934756e-01
229	1.7335023051165503e+00	5.9990698471102477e-01	8.9848511208934767e-01
230	1.7772776158518169e+00	6.1505615099160615e-01	8.9848511208934767e-01
231	1.8210529265870832e+00	6.3020531727218765e-01	8.9848511208934767e-01
232	1.8648282373223495e+00	6.4535448355276903e-01	8.9848511208934767e-01
233	1.9086035480576160e+00	6.6050364983335053e-01	8.9848511208934767e-01
234	1.9523788587928828e+00	6.7565281611393191e-01	8.9848511208934767e-01
235	1.9961541695281491e+00	6.9080198239451340e-01	8.9848511208934767e-01
236	2.0399294802634147e+00	7.0595114867509468e-01	8.9848511208934767e-01
237	2.0837047909986817e+00	7.2110031495567617e-01	8.9848511208934767e-01
238	2.1128883314888594e+00	7.3119975914273061e-01	8.9848511208934767e-01
239	2.1274801017339482e+00	7.3624948123625766e-01	8.9848511208934767e-01
240	9.2475715796977109e-01	3.8208104387503750e-01	8.8723544113354946e-01
241	9.3902810176560081e-01	3.8797735628051649e-01	8.8723544113354957e-01
242	9.6756998935726046e-01	3.9976998109147438e-01	8.8723544113354957e-01
243	1.0103828207447498e+00	4.1745891830791143e-01	8.8723544113354946e-01
244	1.0531956521322392e+00	4.3514785552434826e-01	8.8723544113354946e-01
245	1.0960084835197290e+00	4.5283679274078525e-01	8.8723544113354946e-01
246	1.1388213149072177e+00	4.7052572995722197e-01	8.8723544113354980e-01
247	1.1816341462947075e+00	4.8821466717365891e-01	8.8723544113354957e-01
248	1.2244469776821969e+00	5.0590360439009585e-01	8.8723544113354946e-01
249	1.2672598090696863e+00	5.2359254160653301e-01	8.8723544113354946e-01
250	1.3100726404571759e+00	5.4128147882296984e-01	8.8723544113354957e-01
251	1.3528854718446650e+00	5.5897041603940678e-01	8.8723544113354968e-01
252	1.3956983032321544e+00	5.7665935325584361e-01	8.8723544113354946e-01
253	1.4385111346196440e+00	5.9434829047228044e-01	8.8723544113354957e-01
254	1.4813239660071336e+00	6.1203722768871738e-01	8.8723544113354957e-01
255	1.5241367973946225e+00	6.2972616490515454e-01	8.8723544113354957e-01
256	1.5669496287821121e+00	6.4741510212159126e-01	8.8723544113354946e-01
257	1.6097624601696017e+00	6.6510403933802842e-01	8.8723544113354946e-01
258	1.6525752915570910e+00	6.8279297655446525e-01	8.8723544113354946e-01
259	1.6953881229445806e+00	7.0048191377090219e-01	8.8723544113354946e-01
260	1.7382009543320700e+00	7.1817085098733913e-01	8.8723544113354946e-01
261	1.7810137857195594e+00	7.3585978820377596e-01	8.8723544113354946e-01
262	1.8238266171070487e+00	7.5354872542021289e-01	8.8723544113354946e-01
263	1.8666394484945381e+00	7.7123766263664972e-01	8.8723544113354946e-01
264	1.9094522798820279e+00	7.8892659985308655e-01	8.8723544113354946e-01
265	1.9522651112695164e+00	8.0661553706952371e-01	8.8723544113354957e-01
266	1.9950779426570064e+00	8.2430447428596065e-01	8.8723544113354946e-01
267	2.0378907740444956e+00	8.4199341150239759e-01	8.8723544113354946e-01
268	2.0664326616361555e+00	8.5378603631335548e-01	8.8723544113354946e-01
269	2.0807036054319852e+00	8.5968234871883453e-01	8.8723544113354946e-01
270	9.0048432341605789e-01	4.3625150751923902e-01	8.7759286602858011e-01
271	9.1438068643173764e-01	4.4298378386984449e-01	8.7759286602858022e-01
272	9.4217341246309760e-01	4.5644833657105566e-01	8.7759286602858022e-01
273	9.8386250151013710e-01	4.7664516562287229e-01	8.7759286602858011e-01
274	1.0255515905571770e+00	4.9684199467468892e-01	8.7759286602858000e-01
275	1.0672406796042169e+00	5.1703882372650556e-01	8.7759286602858011e-01
276	1.1089297686512563e+00	5.3723565277832208e-01	8.7759286602858022e-01
277	1.1506188576982961e+00	5.5743248183013872e-01	8.7759286602858022e-01
278	1.1923079467453359e+00	5.7762931088195535e-01	8.7759286602858000e-01
279	1.2339970357923755e+00	5.9782613993377209e-01	8.7759286602858011e-01
280	1.2756861248394153e+00	6.1802296898558884e-01	8.7759286602858022e-01
281	1.3173752138864552e+00	6.3821979803740536e-01	8.7759286602858011e-01
282	1.3590643029334948e+00	6.5841662708922188e-01	8.7759286602858000e-01
283	1.4007533919805344e+00	6.7861345614103841e-01	8.7759286602858022e-01
284	1.4424424810275740e+00	6.9881028519285515e-01	8.7759286602858022e-01
285	1.4841315700746138e+00	7.1900711424467179e-01	8.7759286602858022e-01
286	1.5258206591216537e+00	7.3920394329648831e-01	8.7759286602858000e-01
287	1.5675097481686935e+00	7.5940077234830505e-01	8.7759286602858011e-01
288	1.6091988372157333e+00	7.7959760140012180e-01	8.7759286602858000e-01
289	1.6508879262627729e+00	7.9979443045193832e-01	8.7759286602858011e-01
290	1.6925770153098127e+00	8.1999125950375507e-01	8.7759286602858011e-01
291	1.7342661043568519e+00	8.4018808855557159e-01	8.7759286602858011e-01
292	1.7759551934038920e+00	8.6038491760738811e-01	8.7759286602858011e-01
293	1.8176442824509320e+00	8.8058174665920474e-01	8.7759286602858011e-01
294	1.8593333714979716e+00	9.0077857571102138e-01	8.7759286602858011e-01
295	1.9010224605450108e+00	9.2097540476283801e-01	8.7759286602858022e-01
296	1.9427115495920506e+00	9.4117223381465442e-01	8.7759286602858011e-01
297	1.9844006386390904e+00	9.6136906286647128e-01	8.7759286602858011e-01
298	2.0121933646704502e+00	9.7483361556768233e-01	8.7759286602858011e-01
299	2.0260897276861303e+00	9.8156589191828780e-01	8.7759286602858011e-01
300	8.7274691075795907e-01	4.8941012539660456e-01	8.6955738677443883e-01
301	8.8621522728200175e-01	4.9696275078852747e-01	8.6955738677443883e-01
302	9.1315186033008688e-01	5.1206800157237331e-01	8.6955738677443883e-01
303	9.5355680990221459e-01	5.3472587774814206e-01	8.6955738677443883e-01
304	9.9396175947434218e-01	5.5738375392391071e-01	8.6955738677443872e-01
305	1.0343667090464701e+00	5.8004163009967946e-01	8.6955738677443883e-01
306	1.0747716586185978e+00	6.0269950627544822e-01	8.6955738677443883e-01
307	1.1151766081907255e+00	6.2535738245121697e-01	8.6955738677443883e-01
308	1.1555815577628532e+00	6.4801525862698550e-01	8.6955738677443872e-01
309	1.1959865073349809e+00	6.7067313480275448e-01	8.6955738677443883e-01
310	1.2363914569071088e+00	6.9333101097852334e-01	8.6955738677443883e-01
311	1.2767964064792365e+00	7.1598888715429199e-01	8.6955738677443883e-01
312	1.3172013560513642e+00	7.3864676333006052e-01	8.6955738677443872e-01
313	1.3576063056234922e+00	7.6130463950582938e-01	8.6955738677443883e-01
314	1.3980112551956199e+00	7.8396251568159814e-01	8.6955738677443883e-01
315	1.4384162047677476e+00	8.0662039185736700e-01	8.6955738677443883e-01
316	1.4788211543398750e+00	8.2927826803313542e-01	8.6955738677443872e-01
317	1.5192261039120030e+00	8.5193614420890440e-01	8.6955738677443883e-01
318	1.5596310534841309e+00	8.7459402038467315e-01	8.6955738677443872e-01
319	1.6000360030562581e+00	8.9725189656044169e-01	8.6955738677443883e-01
320	1.6404409526283863e+00	9.1990977273621066e-01	8.6955738677443883e-01
321	1.6808459022005138e+00	9.4256764891197931e-01	8.6955738677443883e-01
322	1.7212508517726415e+00	9.6522552508774784e-01	8.6955738677443883e-01
323	1.7616558013447694e+00	9.8788340126351659e-01	8.6955738677443883e-01
324	1.8020607509168969e+00	1.0105412774392855e+00	8.6955738677443883e-01
325	1.8424657004890248e+00	1.0331991536150542e+00	8.6955738677443883e-01
326	1.8828706500611525e+00	1.0558570297908227e+00	8.6955738677443883e-01
327	1.9232755996332807e+00	1.0785149059665917e+00	8.6955738677443883e-01
328	1.9502122326813656e+00	1.0936201567504373e+00	8.6955738677443883e-01
329	1.9636805492054081e+00	1.1011727821423603e+00	8.6955738677443883e-01
330	8.4160309369343189e-01	5.4123170280438793e-01	8.6312900337112564e-01
331	8.5459079575660202e-01	5.4958404389704818e-01	8.6312900337112575e-01
332	8.8056619988294260e-01	5.6628872608236891e-01	8.6312900337112575e-01
333	9.1952930607245331e-01	5.9134574936034989e-01	8.6312900337112564e-01
334	9.5849241226196391e-01	6.1640277263833065e-01	8.6312900337112564e-01
335	9.9745551845147495e-01	6.4145979591631175e-01	8.6312900337112564e-01
336	1.0364186246409854e+00	6.6651681919429251e-01	8.6312900337112586e-01
337	1.0753817308304960e+00	6.9157384247227327e-01	8.6312900337112575e-01
338	1.1143448370200069e+00	7.1663086575025448e-01	8.6312900337112564e-01
339	1.1533079432095179e+00	7.4168788902823546e-01	8.6312900337112564e-01
340	1.1922710493990287e+00	7.6674491230621622e-01	8.6312900337112575e-01
341	1.2312341555885391e+00	7.9180193558419709e-01	8.6312900337112586e-01
342	1.2701972617780499e+00	8.1685895886217808e-01	8.6312900337112564e-01
343	1.3091603679675607e+00	8.4191598214015906e-01	8.6312900337112575e-01
344	1.3481234741570716e+00	8.6697300541814004e-01	8.6312900337112575e-01
345	1.3870865803465819e+00	8.9203002869612091e-01	8.6312900337112575e-01
346	1.4260496865360928e+00	9.1708705197410179e-01	8.6312900337112564e-01
347	1.4650127927256038e+00	9.4214407525208288e-01	8.6312900337112564e-01
348	1.5039758989151144e+00	9.6720109853006375e-01	8.6312900337112564e-01
349	1.5429390051046252e+00	9.9225812180804474e-01	8.6312900337112564e-01
350	1.5819021112941360e+00	1.0173151450860256e+00	8.6312900337112564e-01
351	1.6208652174836469e+00	1.0423721683640064e+00	8.6312900337112564e-01
352	1.6598283236731577e+00	1.0674291916419876e+00	8.6312900337112564e-01
353	1.6987914298626683e+00	1.0924862149199686e+00	8.6312900337112564e-01
354	1.7377545360521791e+00	1.1175432381979493e+00	8.6312900337112564e-01
355	1.7767176422416897e+00	1.1426002614759303e+00	8.6312900337112575e-01
356	1.8156807484312005e+00	1.1676572847539111e+00	8.6312900337112564e-01
357	1.8546438546207114e+00	1.1927143080318923e+00	8.6312900337112564e-01
358	1.8806192587470518e+00	1.2094189902172126e+00	8.6312900337112564e-01
359	1.8936069608102220e+00	1.2177713313098730e+00	8.6312900337112564e-01
360	8.0715127548198295e-01	5.9139510578641119e-01	8.5830771581864063e-01
361	8.1960731368386530e-01	6.0052157346830015e-01	8.5830771581864074e-01
362	8.4451939008763022e-01	6.1877450883207841e-01	8.5830771581864074e-01
363	8.8188750469327770e-01	6.4615391187774562e-01	8.5830771581864063e-01
364	9.1925561929892508e-01	6.7353331492341284e-01	8.5830771581864063e-01
365	9.5662373390457256e-01	7.0091271796907995e-01	8.5830771581864063e-01
366	9.9399184851021960e-01	7.2829212101474694e-01	8.5830771581864085e-01
367	1.0313599631158670e+00	7.5567152406041416e-01	8.5830771581864074e-01
368	1.0687280777215142e+00	7.8305092710608126e-01	8.5830771581864063e-01
369	1.1060961923271619e+00	8.1043033015174870e-01	8.5830771581864063e-01
370	1.1434643069328092e+00	8.3780973319741592e-01	8.5830771581864074e-01
371	1.1808324215384567e+00	8.6518913624308325e-01	8.5830771581864074e-01
372	1.2182005361441037e+00	8.9256853928875024e-01	8.5830771581864063e-01
373	1.2555686507497514e+00	9.1994794233441735e-01	8.5830771581864074e-01
374	1.2929367653553987e+00	9.4732734538008467e-01	8.5830771581864074e-01
375	1.3303048799610460e+00	9.7470674842575167e-01	8.5830771581864074e-01
376	1.3676729945666932e+00	1.0020861514714190e+00	8.5830771581864063e-01
377	1.4050411091723407e+00	1.0294655545170863e+00	8.5830771581864063e-01
378	1.4424092237779884e+00	1.0568449575627537e+00	8.5830771581864063e-01
379	1.4797773383836355e+00	1.0842243606084208e+00	8.5830771581864063e-01
380	1.5171454529892827e+00	1.1116037636540879e+00	8.5830771581864063e-01
381	1.5545135675949300e+00	1.1389831666997550e+00	8.5830771581864063e-01
382	1.5918816822005777e+00	1.1663625697454223e+00	8.5830771581864063e-01
383	1.6292497968062252e+00	1.1937419727910894e+00	8.5830771581864063e-01
384	1.6666179114118724e+00	1.2211213758367565e+00	8.5830771581864063e-01
385	1.7039860260175195e+00	1.2485007788824236e+00	8.5830771581864074e-01
386	1.7413541406231670e+00	1.2758801819280909e+00	8.5830771581864063e-01
387	1.7787222552288144e+00	1.3032595849737583e+00	8.5830771581864063e-01
388	1.8036343316325791e+00	1.3215125203375362e+00	8.5830771581864063e-01
389	1.8160903698344617e+00	1.3306389880194254e+00	8.5830771581864063e-01
390	7.6952975169562643e-01	6.3958944928736006e-01	8.5509352411698425e-01
391	7.8140521082673176e-01	6.4945965683809093e-01	8.5509352411698425e-01
392	8.0515612908894252e-01	6.6920007193955255e-01	8.5509352411698425e-01
393	8.4078250648225861e-01	6.9881069459174516e-01	8.5509352411698425e-01
394	8.7640888387557447e-01	7.2842131724393766e-01	8.5509352411698425e-01
395	9.1203526126889056e-01	7.5803193989613049e-01	8.5509352411698425e-01
396	9.4766163866220654e-01	7.8764256254832299e-01	8.5509352411698436e-01
397	9.8328801605552274e-01	8.1725318520051560e-01	8.5509352411698425e-01
398	1.0189143934488385e+00	8.4686380785270798e-01	8.5509352411698425e-01
399	1.0545407708421548e+00	8.7647443050490093e-01	8.5509352411698425e-01
400	1.0901671482354709e+00	9.0608505315709353e-01	8.5509352411698425e-01
401	1.1257935256287868e+00	9.3569567580928614e-01	8.5509352411698436e-01
402	1.1614199030221029e+00	9.6530629846147864e-01	8.5509352411698425e-01
403	1.1970462804154192e+00	9.9491692111367136e-01	8.5509352411698425e-01
404	1.2326726578087353e+00	1.0245275437658641e+00	8.5509352411698425e-01
405	1.2682990352020511e+00	1.0541381664180562e+00	8.5509352411698425e-01
406	1.3039254125953668e+00	1.0837487890702491e+00	8.5509352411698425e-01
407	1.3395517899886833e+00	1.1133594117224417e+00	8.5509352411698425e-01
408	1.3751781673819992e+00	1.1429700343746343e+00	8.5509352411698425e-01
409	1.4108045447753150e+00	1.1725806570268269e+00	8.5509352411698425e-01
410	1.4464309221686313e+00	1.2021912796790197e+00	8.5509352411698425e-01
411	1.4820572995619472e+00	1.2318019023312121e+00	8.5509352411698425e-01
412	1.5176836769552635e+00	1.2614125249834047e+00	8.5509352411698425e-01
413	1.5533100543485796e+00	1.2910231476355973e+00	8.5509352411698425e-01
414	1.5889364317418955e+00	1.3206337702877895e+00	8.5509352411698425e-01
415	1.6245628091352116e+00	1.3502443929399823e+00	8.5509352411698425e-01
416	1.6601891865285272e+00	1.3798550155921749e+00	8.5509352411698425e-01
417	1.6958155639218440e+00	1.4094656382443678e+00	8.5509352411698425e-01
418	1.7195664821840542e+00	1.4292060533458291e+00	8.5509352411698425e-01
419	1.7314419413151596e+00	1.4390762608965604e+00	8.5509352411698425e-01
420	7.2891523288918225e-01	6.8552024052559279e-01	8.5348642826615606e-01
421	7.4016392475475623e-01	6.9609925658308647e-01	8.5348642826615606e-01
422	7.6266130848590374e-01	7.1725728869807404e-01	8.5348642826615606e-01
423	7.9640738408262501e-01	7.4899433687055506e-01	8.5348642826615606e-01
424	8.3015345967934651e-01	7.8073138504303607e-01	8.5348642826615606e-01
425	8.6389953527606789e-01	8.1246843321551732e-01	8.5348642826615606e-01
426	8.9764561087278905e-01	8.4420548138799834e-01	8.5348642826615628e-01
427	9.3139168646951065e-01	8.7594252956047969e-01	8.5348642826615606e-01
428	9.6513776206623181e-01	9.0767957773296071e-01	8.5348642826615606e-01
429	9.9888383766295341e-01	9.3941662590544195e-01	8.5348642826615606e-01
430	1.0326299132596750e+00	9.7115367407792341e-01	8.5348642826615606e-01
431	1.0663759888563964e+00	1.0028907222504044e+00	8.5348642826615606e-01
432	1.1001220644531176e+00	1.0346277704228852e+00	8.5348642826615606e-01
433	1.1338681400498392e+00	1.0663648185953667e+00	8.5348642826615606e-01
434	1.1676142156465605e+00	1.0981018667678477e+00	8.5348642826615606e-01
435	1.2013602912432821e+00	1.1298389149403287e+00	8.5348642826615606e-01
436	1.2351063668400035e+00	1.1615759631128098e+00	8.5348642826615606e-01
437	1.2688524424367249e+00	1.1933130112852912e+00	8.5348642826615606e-01
438	1.3025985180334465e+00	1.2250500594577722e+00	8.5348642826615606e-01
439	1.3363445936301677e+00	1.2567871076302533e+00	8.5348642826615606e-01
440	1.3700906692268893e+00	1.2885241558027349e+00	8.5348642826615606e-01
441	1.4038367448236104e+00	1.3202612039752160e+00	8.5348642826615606e-01
442	1.4375828204203318e+00	1.3519982521476970e+00	8.5348642826615606e-01
443	1.4713288960170532e+00	1.3837353003201780e+00	8.5348642826615606e-01
444	1.5050749716137748e+00	1.4154723484926592e+00	8.5348642826615606e-01
445	1.5388210472104960e+00	1.4472093966651405e+00	8.5348642826615606e-01
446	1.5725671228072173e+00	1.4789464448376213e+00	8.5348642826615606e-01
447	1.6063131984039389e+00	1.5106834930101030e+00	8.5348642826615606e-01
448	1.6288105821350862e+00	1.5318415251250899e+00	8.5348642826615606e-01
449	1.6400592740006603e+00	1.5424205411825838e+00	8.5348642826615606e-01
450	6.8552024052559279e-01	7.2891523288918225e-01	8.5348642826615595e-01
451	6.9609925658308658e-01	7.4016392475475612e-01	8.5348642826615595e-01
452	7.1725728869807404e-01	7.6266130848590374e-01	8.5348642826615595e-01
453	7.4899433687055517e-01	7.9640738408262501e-01	8.5348642826615595e-01
454	7.8073138504303619e-01	8.3015345967934639e-01	8.5348642826615595e-01
455	8.1246843321551743e-01	8.6389953527606789e-01	8.5348642826615595e-01
456	8.4420548138799822e-01	8.9764561087278905e-01	8.5348642826615617e-01
457	8.7594252956047969e-01	9.3139168646951065e-01	8.5348642826615595e-01
458	9.0767957773296060e-01	9.6513776206623192e-01	8.5348642826615595e-01
459	9.3941662590544206e-01	9.9888383766295363e-01	8.5348642826615595e-01
460	9.7115367407792341e-01	1.0326299132596750e+00	8.5348642826615595e-01
461	1.0028907222504044e+00	1.0663759888563966e+00	8.5348642826615595e-01
462	1.0346277704228855e+00	1.1001220644531176e+00	8.5348642826615595e-01
463	1.0663648185953667e+00	1.1338681400498392e+00	8.5348642826615595e-01
464	1.0981018667678479e+00	1.1676142156465605e+00	8.5348642826615595e-01
465	1.1298389149403290e+00	1.2013602912432819e+00	8.5348642826615595e-01
466	1.1615759631128100e+00	1.2351063668400031e+00	8.5348642826615595e-01
467	1.1933130112852914e+00	1.2688524424367247e+00	8.5348642826615595e-01
468	1.2250500594577727e+00	1.3025985180334463e+00	8.5348642826615595e-01
469	1.2567871076302535e+00	1.3363445936301677e+00	8.5348642826615595e-01
470	1.2885241558027347e+00	1.3700906692268890e+00	8.5348642826615595e-01
471	1.3202612039752160e+00	1.4038367448236104e+00	8.5348642826615595e-01
472	1.3519982521476970e+00	1.4375828204203318e+00	8.5348642826615595e-01
473	1.3837353003201782e+00	1.4713288960170534e+00	8.5348642826615595e-01
474	1.4154723484926597e+00	1.5050749716137743e+00	8.5348642826615595e-01
475	1.4472093966651405e+00	1.5388210472104962e+00	8.5348642826615595e-01
476	1.4789464448376215e+00	1.5725671228072171e+00	8.5348642826615595e-01
477	1.5106834930101027e+00	1.6063131984039392e+00	8.5348642826615595e-01
478	1.5318415251250901e+00	1.6288105821350862e+00	8.5348642826615595e-01
479	1.5424205411825840e+00	1.6400592740006603e+00	8.5348642826615595e-01
480	6.3958944928736006e-01	7.6952975169562632e-01	8.5509352411698425e-01
481	6.4945965683809082e-01	7.8140521082673164e-01	8.5509352411698425e-01
482	6.6920007193955255e-01	8.0515612908894252e-01	8.5509352411698425e-01
483	6.9881069459174516e-01	8.4078250648225838e-01	8.5509352411698425e-01
484	7.2842131724393777e-01	8.7640888387557436e-01	8.5509352411698414e-01
485	7.5803193989613027e-01	9.1203526126889056e-01	8.5509352411698425e-01
486	7.8764256254832288e-01	9.4766163866220643e-01	8.5509352411698436e-01
487	8.1725318520051549e-01	9.8328801605552252e-01	8.5509352411698425e-01
488	8.4686380785270809e-01	1.0189143934488387e+00	8.5509352411698414e-01
489	8.7647443050490070e-01	1.0545407708421548e+00	8.5509352411698425e-01
490	9.0608505315709342e-01	1.0901671482354709e+00	8.5509352411698425e-01
491	9.3569567580928603e-01	1.1257935256287868e+00	8.5509352411698425e-01
492	9.6530629846147853e-01	1.1614199030221029e+00	8.5509352411698414e-01
493	9.9491692111367125e-01	1.1970462804154187e+00	8.5509352411698425e-01
494	1.0245275437658639e+00	1.2326726578087348e+00	8.5509352411698425e-01
495	1.0541381664180562e+00	1.2682990352020511e+00	8.5509352411698425e-01
496	1.0837487890702491e+00	1.3039254125953670e+00	8.5509352411698414e-01
497	1.1133594117224415e+00	1.3395517899886831e+00	8.5509352411698425e-01
498	1.1429700343746345e+00	1.3751781673819992e+00	8.5509352411698414e-01
499	1.1725806570268265e+00	1.4108045447753148e+00	8.5509352411698425e-01
500	1.2021912796790193e+00	1.4464309221686311e+00	8.5509352411698425e-01
501	1.2318019023312119e+00	1.4820572995619472e+00	8.5509352411698425e-01
502	1.2614125249834045e+00	1.5176836769552629e+00	8.5509352411698425e-01
503	1.2910231476355973e+00	1.5533100543485792e+00	8.5509352411698425e-01
504	1.3206337702877899e+00	1.5889364317418948e+00	8.5509352411698425e-01
505	1.3502443929399821e+00	1.6245628091352113e+00	8.5509352411698425e-01
506	1.3798550155921747e+00	1.6601891865285272e+00	8.5509352411698425e-01
507	1.4094656382443675e+00	1.6958155639218433e+00	8.5509352411698425e-01
508	1.4292060533458291e+00	1.7195664821840539e+00	8.5509352411698425e-01
509	1.4390762608965602e+00	1.7314419413151592e+00	8.5509352411698425e-01
510	5.9139510578641108e-01	8.0715127548198284e-01	8.5830771581864074e-01
511	6.0052157346830015e-01	8.1960731368386541e-01	8.5830771581864074e-01
512	6.1877450883207841e-01	8.4451939008763022e-01	8.5830771581864074e-01
513	6.4615391187774551e-01	8.8188750469327770e-01	8.5830771581864074e-01
514	6.7353331492341273e-01	9.1925561929892485e-01	8.5830771581864074e-01
515	7.0091271796907983e-01	9.5662373390457245e-01	8.5830771581864074e-01
516	7.2829212101474683e-01	9.9399184851021949e-01	8.5830771581864096e-01
517	7.5567152406041416e-01	1.0313599631158670e+00	8.5830771581864074e-01
518	7.8305092710608126e-01	1.0687280777215142e+00	8.5830771581864074e-01
519	8.1043033015174859e-01	1.1060961923271617e+00	8.5830771581864074e-01
520	8.3780973319741592e-01	1.1434643069328094e+00	8.5830771581864074e-01
521	8.6518913624308291e-01	1.1808324215384565e+00	8.5830771581864085e-01
522	8.9256853928875013e-01	1.2182005361441037e+00	8.5830771581864074e-01
523	9.1994794233441735e-01	1.2555686507497512e+00	8.5830771581864074e-01
524	9.4732734538008467e-01	1.2929367653553985e+00	8.5830771581864074e-01
525	9.7470674842575167e-01	1.3303048799610462e+00	8.5830771581864074e-01
526	1.0020861514714188e+00	1.3676729945666932e+00	8.5830771581864074e-01
527	1.0294655545170863e+00	1.4050411091723407e+00	8.5830771581864074e-01
528	1.0568449575627534e+00	1.4424092237779880e+00	8.5830771581864074e-01
529	1.0842243606084205e+00	1.4797773383836352e+00	8.5830771581864074e-01
530	1.1116037636540876e+00	1.5171454529892829e+00	8.5830771581864074e-01
531	1.1389831666997550e+00	1.5545135675949302e+00	8.5830771581864074e-01
532	1.1663625697454219e+00	1.5918816822005775e+00	8.5830771581864074e-01
533	1.1937419727910892e+00	1.6292497968062247e+00	8.5830771581864074e-01
534	1.2211213758367565e+00	1.6666179114118720e+00	8.5830771581864074e-01
535	1.2485007788824236e+00	1.7039860260175195e+00	8.5830771581864074e-01
536	1.2758801819280905e+00	1.7413541406231667e+00	8.5830771581864074e-01
537	1.3032595849737580e+00	1.7787222552288147e+00	8.5830771581864074e-01
538	1.3215125203375360e+00	1.8036343316325789e+00	8.5830771581864074e-01
539	1.3306389880194252e+00	1.8160903698344613e+00	8.5830771581864074e-01
540	5.4123170280438804e-01	8.4160309369343189e-01	8.6312900337112552e-01
541	5.4958404389704840e-01	8.5459079575660213e-01	8.6312900337112564e-01
542	5.6628872608236902e-01	8.8056619988294271e-01	8.6312900337112564e-01
543	5.9134574936034978e-01	9.1952930607245331e-01	8.6312900337112552e-01
544	6.1640277263833088e-01	9.5849241226196413e-01	8.6312900337112552e-01
545	6.4145979591631175e-01	9.9745551845147484e-01	8.6312900337112552e-01
546	6.6651681919429240e-01	1.0364186246409854e+00	8.6312900337112575e-01
547	6.9157384247227349e-01	1.0753817308304963e+00	8.6312900337112564e-01
548	7.1663086575025436e-01	1.1143448370200069e+00	8.6312900337112552e-01
549	7.4168788902823546e-01	1.1533079432095179e+00	8.6312900337112552e-01
550	7.6674491230621633e-01	1.1922710493990285e+00	8.6312900337112564e-01
551	7.9180193558419731e-01	1.2312341555885393e+00	8.6312900337112564e-01
552	8.1685895886217819e-01	1.2701972617780497e+00	8.6312900337112552e-01
553	8.4191598214015917e-01	1.3091603679675607e+00	8.6312900337112564e-01
554	8.6697300541814015e-01	1.3481234741570713e+00	8.6312900337112564e-01
555	8.9203002869612091e-01	1.3870865803465819e+00	8.6312900337112564e-01
556	9.1708705197410201e-01	1.4260496865360930e+00	8.6312900337112552e-01
557	9.4214407525208288e-01	1.4650127927256036e+00	8.6312900337112552e-01
558	9.6720109853006409e-01	1.5039758989151144e+00	8.6312900337112552e-01
559	9.9225812180804485e-01	1.5429390051046252e+00	8.6312900337112552e-01
560	1.0173151450860256e+00	1.5819021112941360e+00	8.6312900337112552e-01
561	1.0423721683640066e+00	1.6208652174836469e+00	8.6312900337112552e-01
562	1.0674291916419874e+00	1.6598283236731575e+00	8.6312900337112552e-01
563	1.0924862149199686e+00	1.6987914298626683e+00	8.6312900337112552e-01
564	1.1175432381979493e+00	1.7377545360521789e+00	8.6312900337112552e-01
565	1.1426002614759303e+00	1.7767176422416897e+00	8.6312900337112564e-01
566	1.1676572847539111e+00	1.8156807484312001e+00	8.6312900337112552e-01
567	1.1927143080318925e+00	1.8546438546207114e+00	8.6312900337112552e-01
568	1.2094189902172130e+00	1.8806192587470514e+00	8.6312900337112552e-01
569	1.2177713313098733e+00	1.8936069608102217e+00	8.6312900337112552e-01
570	4.8941012539660461e-01	8.7274691075795918e-01	8.6955738677443861e-01
571	4.9696275078852759e-01	8.8621522728200175e-01	8.6955738677443861e-01
572	5.1206800157237342e-01	9.1315186033008700e-01	8.6955738677443861e-01
573	5.3472587774814206e-01	9.5355680990221459e-01	8.6955738677443861e-01
574	5.5738375392391071e-01	9.9396175947434218e-01	8.6955738677443861e-01
575	5.8004163009967957e-01	1.0343667090464701e+00	8.6955738677443861e-01
576	6.0269950627544822e-01	1.0747716586185976e+00	8.6955738677443883e-01
577	6.2535738245121697e-01	1.1151766081907257e+00	8.6955738677443861e-01
578	6.4801525862698561e-01	1.1555815577628532e+00	8.6955738677443861e-01
579	6.7067313480275459e-01	1.1959865073349811e+00	8.6955738677443861e-01
580	6.9333101097852334e-01	1.2363914569071093e+00	8.6955738677443861e-01
581	7.1598888715429199e-01	1.2767964064792365e+00	8.6955738677443872e-01
582	7.3864676333006063e-01	1.3172013560513642e+00	8.6955738677443861e-01
583	7.6130463950582949e-01	1.3576063056234922e+00	8.6955738677443861e-01
584	7.8396251568159814e-01	1.3980112551956199e+00	8.6955738677443861e-01
585	8.0662039185736689e-01	1.4384162047677476e+00	8.6955738677443861e-01
586	8.2927826803313553e-01	1.4788211543398753e+00	8.6955738677443861e-01
587	8.5193614420890451e-01	1.5192261039120032e+00	8.6955738677443861e-01
588	8.7459402038467327e-01	1.5596310534841307e+00	8.6955738677443861e-01
589	8.9725189656044191e-01	1.6000360030562586e+00	8.6955738677443861e-01
590	9.1990977273621055e-01	1.6404409526283863e+00	8.6955738677443861e-01
591	9.4256764891197942e-01	1.6808459022005142e+00	8.6955738677443861e-01
592	9.6522552508774795e-01	1.7212508517726417e+00	8.6955738677443861e-01
593	9.8788340126351681e-01	1.7616558013447696e+00	8.6955738677443861e-01
594	1.0105412774392857e+00	1.8020607509168971e+00	8.6955738677443861e-01
595	1.0331991536150542e+00	1.8424657004890250e+00	8.6955738677443861e-01
596	1.0558570297908227e+00	1.8828706500611527e+00	8.6955738677443861e-01
597	1.0785149059665919e+00	1.9232755996332807e+00	8.6955738677443861e-01
598	1.0936201567504376e+00	1.9502122326813656e+00	8.6955738677443861e-01
599	1.1011727821423605e+00	1.9636805492054081e+00	8.6955738677443861e-01
600	4.3625150751923913e-01	9.0048432341605789e-01	8.7759286602858000e-01
601	4.4298378386984461e-01	9.1438068643173775e-01	8.7759286602858011e-01
602	4.5644833657105571e-01	9.4217341246309760e-01	8.7759286602858011e-01
603	4.7664516562287240e-01	9.8386250151013743e-01	8.7759286602858000e-01
604	4.9684199467468904e-01	1.0255515905571770e+00	8.7759286602857989e-01
605	5.1703882372650556e-01	1.0672406796042169e+00	8.7759286602858000e-01
606	5.3723565277832219e-01	1.1089297686512565e+00	8.7759286602858011e-01
607	5.5743248183013883e-01	1.1506188576982961e+00	8.7759286602858011e-01
608	5.7762931088195557e-01	1.1923079467453359e+00	8.7759286602857989e-01
609	5.9782613993377209e-01	1.2339970357923757e+00	8.7759286602858000e-01
610	6.1802296898558873e-01	1.2756861248394156e+00	8.7759286602858011e-01
611	6.3821979803740536e-01	1.3173752138864554e+00	8.7759286602858011e-01
612	6.5841662708922200e-01	1.3590643029334950e+00	8.7759286602857989e-01
613	6.7861345614103863e-01	1.4007533919805344e+00	8.7759286602858011e-01
614	6.9881028519285526e-01	1.4424424810275744e+00	8.7759286602858011e-01
615	7.1900711424467167e-01	1.4841315700746140e+00	8.7759286602858011e-01
616	7.3920394329648864e-01	1.5258206591216539e+00	8.7759286602857989e-01
617	7.5940077234830528e-01	1.5675097481686937e+00	8.7759286602858000e-01
618	7.7959760140012213e-01	1.6091988372157335e+00	8.7759286602857989e-01
619	7.9979443045193843e-01	1.6508879262627729e+00	8.7759286602858000e-01
620	8.1999125950375495e-01	1.6925770153098130e+00	8.7759286602858000e-01
621	8.4018808855557170e-01	1.7342661043568524e+00	8.7759286602858000e-01
622	8.6038491760738822e-01	1.7759551934038920e+00	8.7759286602858000e-01
623	8.8058174665920497e-01	1.8176442824509320e+00	8.7759286602858000e-01
624	9.0077857571102171e-01	1.8593333714979716e+00	8.7759286602858000e-01
625	9.2097540476283812e-01	1.9010224605450110e+00	8.7759286602858011e-01
626	9.4117223381465476e-01	1.9427115495920511e+00	8.7759286602858000e-01
627	9.6136906286647150e-01	1.9844006386390909e+00	8.7759286602858000e-01
628	9.7483361556768255e-01	2.0121933646704502e+00	8.7759286602858000e-01
629	9.8156589191828802e-01	2.0260897276861303e+00	8.7759286602858000e-01
630	3.8208104387503738e-01	9.2475715796977109e-01	8.8723544113354968e-01
631	3.8797735628051644e-01	9.3902810176560081e-01	8.8723544113354968e-01
632	3.9976998109147444e-01	9.6756998935726046e-01	8.8723544113354968e-01
633	4.1745891830791126e-01	1.0103828207447498e+00	8.8723544113354968e-01
634	4.3514785552434820e-01	1.0531956521322392e+00	8.8723544113354957e-01
635	4.5283679274078509e-01	1.0960084835197286e+00	8.8723544113354968e-01
636	4.7052572995722192e-01	1.1388213149072179e+00	8.8723544113354980e-01
637	4.8821466717365891e-01	1.1816341462947075e+00	8.8723544113354968e-01
638	5.0590360439009585e-01	1.2244469776821967e+00	8.8723544113354957e-01
639	5.2359254160653268e-01	1.2672598090696863e+00	8.8723544113354968e-01
640	5.4128147882296984e-01	1.3100726404571759e+00	8.8723544113354968e-01
641	5.5897041603940667e-01	1.3528854718446652e+00	8.8723544113354968e-01
642	5.7665935325584350e-01	1.3956983032321544e+00	8.8723544113354957e-01
643	5.9434829047228055e-01	1.4385111346196440e+00	8.8723544113354968e-01
644	6.1203722768871738e-01	1.4813239660071333e+00	8.8723544113354968e-01
645	6.2972616490515421e-01	1.5241367973946225e+00	8.8723544113354968e-01
646	6.4741510212159126e-01	1.5669496287821119e+00	8.8723544113354957e-01
647	6.6510403933802809e-01	1.6097624601696015e+00	8.8723544113354968e-01
648	6.8279297655446525e-01	1.6525752915570913e+00	8.8723544113354957e-01
649	7.0048191377090196e-01	1.6953881229445802e+00	8.8723544113354968e-01
650	7.1817085098733879e-01	1.7382009543320698e+00	8.8723544113354968e-01
651	7.3585978820377573e-01	1.7810137857195589e+00	8.8723544113354968e-01
652	7.5354872542021256e-01	1.8238266171070483e+00	8.8723544113354968e-01
653	7.7123766263664972e-01	1.8666394484945377e+00	8.8723544113354968e-01
654	7.8892659985308666e-01	1.9094522798820268e+00	8.8723544113354968e-01
655	8.0661553706952349e-01	1.9522651112695164e+00	8.8723544113354968e-01
656	8.2430447428596032e-01	1.9950779426570058e+00	8.8723544113354968e-01
657	8.4199341150239737e-01	2.0378907740444956e+00	8.8723544113354968e-01
658	8.5378603631335526e-01	2.0664326616361550e+00	8.8723544113354968e-01
659	8.5968234871883420e-01	2.0807036054319847e+00	8.8723544113354968e-01
660	3.2722199166055910e-01	9.4554671188175476e-01	8.9848511208934745e-01
661	3.3227171375408621e-01	9.6013848212684350e-01	8.9848511208934756e-01
662	3.4237115794114048e-01	9.8932202261702107e-01	8.9848511208934756e-01
663	3.5752032422172197e-01	1.0330973333522877e+00	8.9848511208934745e-01
664	3.7266949050230341e-01	1.0768726440875540e+00	8.9848511208934734e-01
665	3.8781865678288480e-01	1.1206479548228205e+00	8.9848511208934745e-01
666	4.0296782306346618e-01	1.1644232655580868e+00	8.9848511208934756e-01
667	4.1811698934404767e-01	1.2081985762933534e+00	8.9848511208934756e-01
668	4.3326615562462917e-01	1.2519738870286197e+00	8.9848511208934734e-01
669	4.4841532190521061e-01	1.2957491977638864e+00	8.9848511208934745e-01
670	4.6356448818579199e-01	1.3395245084991529e+00	8.9848511208934756e-01
671	4.7871365446637343e-01	1.3832998192344190e+00	8.9848511208934756e-01
672	4.9386282074695487e-01	1.4270751299696856e+00	8.9848511208934734e-01
673	5.0901198702753636e-01	1.4708504407049519e+00	8.9848511208934756e-01
674	5.2416115330811774e-01	1.5146257514402184e+00	8.9848511208934756e-01
675	5.3931031958869924e-01	1.5584010621754845e+00	8.9848511208934756e-01
676	5.5445948586928073e-01	1.6021763729107512e+00	8.9848511208934734e-01
677	5.6960865214986212e-01	1.6459516836460180e+00	8.9848511208934745e-01
678	5.8475781843044372e-01	1.6897269943812845e+00	8.9848511208934734e-01
679	5.9990698471102499e-01	1.7335023051165506e+00	8.9848511208934745e-01
680	6.1505615099160649e-01	1.7772776158518173e+00	8.9848511208934745e-01
681	6.3020531727218787e-01	1.8210529265870834e+00	8.9848511208934745e-01
682	6.4535448355276914e-01	1.8648282373223497e+00	8.9848511208934745e-01
683	6.6050364983335075e-01	1.9086035480576160e+00	8.9848511208934745e-01
684	6.7565281611393213e-01	1.9523788587928825e+00	8.9848511208934745e-01
685	6.9080198239451363e-01	1.9961541695281491e+00	8.9848511208934756e-01
686	7.0595114867509490e-01	2.0399294802634156e+00	8.9848511208934745e-01
687	7.2110031495567661e-01	2.0837047909986821e+00	8.9848511208934745e-01
688	7.3119975914273072e-01	2.1128883314888594e+00	8.9848511208934745e-01
689	7.3624948123625800e-01	2.1274801017339482e+00	8.9848511208934745e-01
690	2.7199007262278413e-01	9.6287199543355340e-01	9.1134187889597373e-01
691	2.7618745028671587e-01	9.7773113116555266e-01	9.1134187889597384e-01
692	2.8458220561457970e-01	1.0074494026295513e+00	9.1134187889597384e-01
693	2.9717433860637521e-01	1.0520268098255490e+00	9.1134187889597373e-01
694	3.0976647159817078e-01	1.0966042170215469e+00	9.1134187889597362e-01
695	3.2235860458996635e-01	1.1411816242175450e+00	9.1134187889597373e-01
696	3.3495073758176186e-01	1.1857590314135424e+00	9.1134187889597384e-01
697	3.4754287057355737e-01	1.2303364386095403e+00	9.1134187889597384e-01
698	3.6013500356535300e-01	1.2749138458055380e+00	9.1134187889597362e-01
699	3.7272713655714856e-01	1.3194912530015361e+00	9.1134187889597373e-01
700	3.8531926954894413e-01	1.3640686601975343e+00	9.1134187889597384e-01
701	3.9791140254073964e-01	1.4086460673935319e+00	9.1134187889597384e-01
702	4.1050353553253527e-01	1.4532234745895301e+00	9.1134187889597362e-01
703	4.2309566852433084e-01	1.4978008817855275e+00	9.1134187889597384e-01
704	4.3568780151612641e-01	1.5423782889815254e+00	9.1134187889597384e-01
705	4.4827993450792192e-01	1.5869556961775233e+00	9.1134187889597384e-01
706	4.6087206749971754e-01	1.6315331033735212e+00	9.1134187889597362e-01
707	4.7346420049151311e-01	1.6761105105695191e+00	9.1134187889597373e-01
708	4.8605633348330873e-01	1.7206879177655172e+00	9.1134187889597362e-01
709	4.9864846647510419e-01	1.7652653249615147e+00	9.1134187889597373e-01
710	5.1124059946689981e-01	1.8098427321575126e+00	9.1134187889597373e-01
711	5.2383273245869533e-01	1.8544201393535107e+00	9.1134187889597373e-01
712	5.3642486545049084e-01	1.8989975465495081e+00	9.1134187889597373e-01
713	5.4901699844228635e-01	1.9435749537455060e+00	9.1134187889597373e-01
714	5.6160913143408209e-01	1.9881523609415037e+00	9.1134187889597373e-01
715	5.7420126442587749e-01	2.0327297681375018e+00	9.1134187889597384e-01
716	5.8679339741767300e-01	2.0773071753334995e+00	9.1134187889597373e-01
717	5.9938553040946874e-01	2.1218845825294976e+00	9.1134187889597373e-01
718	6.0778028573733234e-01	2.1516028539934959e+00	9.1134187889597373e-01
719	6.1197766340126425e-01	2.1664619897254953e+00	9.1134187889597373e-01
720	2.1668845030515421e-01	9.7678711044409972e-01	9.2580574155342821e-01
721	2.2003240787159178e-01	9.9186098560527414e-01	9.2580574155342821e-01
722	2.2672032300446696e-01	1.0220087359276229e+00	9.2580574155342821e-01
723	2.3675219570377962e-01	1.0672303614111460e+00	9.2580574155342821e-01
724	2.4678406840309230e-01	1.1124519868946692e+00	9.2580574155342810e-01
725	2.5681594110240497e-01	1.1576736123781923e+00	9.2580574155342821e-01
726	2.6684781380171768e-01	1.2028952378617157e+00	9.2580574155342821e-01
727	2.7687968650103034e-01	1.2481168633452384e+00	9.2580574155342821e-01
728	2.8691155920034306e-01	1.2933384888287616e+00	9.2580574155342810e-01
729	2.9694343189965577e-01	1.3385601143122849e+00	9.2580574155342821e-01
730	3.0697530459896849e-01	1.3837817397958083e+00	9.2580574155342821e-01
731	3.1700717729828115e-01	1.4290033652793313e+00	9.2580574155342832e-01
732	3.2703904999759387e-01	1.4742249907628546e+00	9.2580574155342810e-01
733	3.3707092269690658e-01	1.5194466162463776e+00	9.2580574155342821e-01
734	3.4710279539621924e-01	1.5646682417299007e+00	9.2580574155342821e-01
735	3.5713466809553190e-01	1.6098898672134239e+00	9.2580574155342821e-01
736	3.6716654079484462e-01	1.6551114926969468e+00	9.2580574155342810e-01
737	3.7719841349415728e-01	1.7003331181804702e+00	9.2580574155342821e-01
738	3.8723028619347016e-01	1.7455547436639933e+00	9.2580574155342810e-01
739	3.9726215889278271e-01	1.7907763691475163e+00	9.2580574155342821e-01
740	4.0729403159209543e-01	1.8359979946310396e+00	9.2580574155342821e-01
741	4.1732590429140815e-01	1.8812196201145628e+00	9.2580574155342821e-01
742	4.2735777699072069e-01	1.9264412455980855e+00	9.2580574155342821e-01
743	4.3738964969003352e-01	1.9716628710816089e+00	9.2580574155342821e-01
744	4.4742152238934624e-01	2.0168844965651322e+00	9.2580574155342821e-01
745	4.5745339508865895e-01	2.0621061220486552e+00	9.2580574155342821e-01
746	4.6748526778797156e-01	2.1073277475321781e+00	9.2580574155342821e-01
747	4.7751714048728433e-01	2.1525493730157015e+00	9.2580574155342821e-01
748	4.8420505562015936e-01	2.1826971233380501e+00	9.2580574155342821e-01
749	4.8754901318659694e-01	2.1977709984992244e+00	9.2580574155342821e-01
750	1.6160341436670250e-01	9.8737793212132841e-01	9.4187670006171098e-01
751	1.6409729421804051e-01	1.0026152458886328e+00	9.4187670006171098e-01
752	1.6908505392071652e-01	1.0330898734232417e+00	9.4187670006171098e-01
753	1.7656669347473050e-01	1.0788018147251550e+00	9.4187670006171098e-01
754	1.8404833302874454e-01	1.1245137560270684e+00	9.4187670006171076e-01
755	1.9152997258275850e-01	1.1702256973289820e+00	9.4187670006171098e-01
756	1.9901161213677254e-01	1.2159376386308955e+00	9.4187670006171098e-01
757	2.0649325169078650e-01	1.2616495799328085e+00	9.4187670006171098e-01
758	2.1397489124480054e-01	1.3073615212347218e+00	9.4187670006171076e-01
759	2.2145653079881455e-01	1.3530734625366354e+00	9.4187670006171098e-01
760	2.2893817035282854e-01	1.3987854038385490e+00	9.4187670006171098e-01
761	2.3641980990684253e-01	1.4444973451404619e+00	9.4187670006171098e-01
762	2.4390144946085660e-01	1.4902092864423755e+00	9.4187670006171076e-01
763	2.5138308901487055e-01	1.5359212277442889e+00	9.4187670006171098e-01
764	2.5886472856888459e-01	1.5816331690462022e+00	9.4187670006171098e-01
765	2.6634636812289852e-01	1.6273451103481156e+00	9.4187670006171098e-01
766	2.7382800767691257e-01	1.6730570516500289e+00	9.4187670006171076e-01
767	2.8130964723092661e-01	1.7187689929519421e+00	9.4187670006171098e-01
768	2.8879128678494070e-01	1.7644809342538559e+00	9.4187670006171076e-01
769	2.9627292633895458e-01	1.8101928755557688e+00	9.4187670006171098e-01
770	3.0375456589296862e-01	1.8559048168576824e+00	9.4187670006171098e-01
771	3.1123620544698266e-01	1.9016167581595955e+00	9.4187670006171098e-01
772	3.1871784500099654e-01	1.9473286994615087e+00	9.4187670006171098e-01
773	3.2619948455501063e-01	1.9930406407634222e+00	9.4187670006171098e-01
774	3.3368112410902467e-01	2.0387525820653356e+00	9.4187670006171098e-01
775	3.4116276366303866e-01	2.0844645233672487e+00	9.4187670006171098e-01
776	3.4864440321705259e-01	2.1301764646691619e+00	9.4187670006171098e-01
777	3.5612604277106669e-01	2.1758884059710759e+00	9.4187670006171098e-01
778	3.6111380247374264e-01	2.2063630335056845e+00	9.4187670006171098e-01
779	3.6360768232508062e-01	2.2216003472729891e+00	9.4187670006171098e-01
780	1.0700085744647139e-01	9.9475827611094503e-01	9.5955475442082183e-01
781	1.0865210524657128e-01	1.0101094840756202e+00	9.5955475442082183e-01
782	1.1195460084677103e-01	1.0408119000049703e+00	9.5955475442082183e-01
783	1.1690834424707061e-01	1.0868655238989955e+00	9.5955475442082183e-01
784	1.2186208764737023e-01	1.1329191477930207e+00	9.5955475442082161e-01
785	1.2681583104766980e-01	1.1789727716870462e+00	9.5955475442082183e-01
786	1.3176957444796941e-01	1.2250263955810714e+00	9.5955475442082183e-01
787	1.3672331784826902e-01	1.2710800194750966e+00	9.5955475442082183e-01
788	1.4167706124856863e-01	1.3171336433691216e+00	9.5955475442082161e-01
789	1.4663080464886821e-01	1.3631872672631471e+00	9.5955475442082183e-01
790	1.5158454804916782e-01	1.4092408911571725e+00	9.5955475442082183e-01
791	1.5653829144946740e-01	1.4552945150511971e+00	9.5955475442082205e-01
792	1.6149203484976704e-01	1.5013481389452228e+00	9.5955475442082161e-01
793	1.6644577825006665e-01	1.5474017628392480e+00	9.5955475442082183e-01
794	1.7139952165036626e-01	1.5934553867332732e+00	9.5955475442082183e-01
795	1.7635326505066581e-01	1.6395090106272985e+00	9.5955475442082183e-01
796	1.8130700845096548e-01	1.6855626345213237e+00	9.5955475442082161e-01
797	1.8626075185126506e-01	1.7316162584153487e+00	9.5955475442082183e-01
798	1.9121449525156473e-01	1.7776698823093744e+00	9.5955475442082161e-01
799	1.9616823865186425e-01	1.8237235062033994e+00	9.5955475442082183e-01
800	2.0112198205216383e-01	1.8697771300974249e+00	9.5955475442082183e-01
801	2.0607572545246342e-01	1.9158307539914499e+00	9.5955475442082183e-01
802	2.1102946885276300e-01	1.9618843778854749e+00	9.5955475442082183e-01
803	2.1598321225306266e-01	2.0079380017795003e+00	9.5955475442082183e-01
804	2.2093695565336227e-01	2.0539916256735258e+00	9.5955475442082183e-01
805	2.2589069905366185e-01	2.1000452495675508e+00	9.5955475442082183e-01
806	2.3084444245396141e-01	2.1460988734615758e+00	9.5955475442082183e-01
807	2.3579818585426107e-01	2.1921524973556012e+00	9.5955475442082183e-01
808	2.3910068145446078e-01	2.2228549132849516e+00	9.5955475442082183e-01
809	2.4075192925456065e-01	2.2382061212496267e+00	9.5955475442082183e-01
810	5.3123584068423581e-02	9.9906573614609606e-01	9.7883990463076109e-01
811	5.3943392464541225e-02	1.0144834172594619e+00	9.7883990463076109e-01
812	5.5583009256776526e-02	1.0453187794861931e+00	9.7883990463076109e-01
813	5.8042434445129465e-02	1.0915718228262901e+00	9.7883990463076109e-01
814	6.0501859633482410e-02	1.1378248661663872e+00	9.7883990463076098e-01
815	6.2961284821835356e-02	1.1840779095064844e+00	9.7883990463076109e-01
816	6.5420710010188302e-02	1.2303309528465816e+00	9.7883990463076109e-01
817	6.7880135198541233e-02	1.2765839961866783e+00	9.7883990463076109e-01
818	7.0339560386894165e-02	1.3228370395267754e+00	9.7883990463076098e-01
819	7.2798985575247124e-02	1.3690900828668724e+00	9.7883990463076109e-01
820	7.5258410763600070e-02	1.4153431262069700e+00	9.7883990463076109e-01
821	7.7717835951952988e-02	1.4615961695470663e+00	9.7883990463076131e-01
822	8.0177261140305961e-02	1.5078492128871637e+00	9.7883990463076098e-01
823	8.2636686328658907e-02	1.5541022562272611e+00	9.7883990463076109e-01
824	8.5096111517011838e-02	1.6003552995673578e+00	9.7883990463076109e-01
825	8.7555536705364798e-02	1.6466083429074549e+00	9.7883990463076109e-01
826	9.0014961893717729e-02	1.6928613862475517e+00	9.7883990463076098e-01
827	9.2474387082070689e-02	1.7391144295876491e+00	9.7883990463076109e-01
828	9.4933812270423648e-02	1.7853674729277462e+00	9.7883990463076098e-01
829	9.7393237458776566e-02	1.8316205162678432e+00	9.7883990463076109e-01
830	9.9852662647129498e-02	1.8778735596079399e+00	9.7883990463076109e-01
831	1.0231208783548246e-01	1.9241266029480371e+00	9.7883990463076109e-01
832	1.0477151302383536e-01	1.9703796462881338e+00	9.7883990463076109e-01
833	1.0723093821218835e-01	2.0166326896282309e+00	9.7883990463076109e-01
834	1.0969036340054128e-01	2.0628857329683283e+00	9.7883990463076109e-01
835	1.1214978858889423e-01	2.1091387763084253e+00	9.7883990463076109e-01
836	1.1460921377724714e-01	2.1553918196485222e+00	9.7883990463076109e-01
837	1.1706863896560012e-01	2.2016448629886196e+00	9.7883990463076109e-01
838	1.1870825575783540e-01	2.2324802252153506e+00	9.7883990463076109e-01
839	1.1952806415395303e-01	2.2478979063287161e+00	9.7883990463076109e-01
840	1.7586611865278840e-02	1.0000000000000000e+00	9.9276806867127276e-01
841	1.7858010196533144e-02	1.0154320987654322e+00	9.9276806867127276e-01
842	1.8400806859041753e-02	1.0462962962962963e+00	9.9276806867127276e-01
843	1.9215001852804659e-02	1.0925925925925926e+00	9.9276806867127276e-01
844	2.0029196846567569e-02	1.1388888888888886e+00	9.9276806867127265e-01
845	2.0843391840330475e-02	1.1851851851851853e+00	9.9276806867127276e-01
846	2.1657586834093388e-02	1.2314814814814818e+00	9.9276806867127276e-01
847	2.2471781827856294e-02	1.2777777777777777e+00	9.9276806867127276e-01
848	2.3285976821619203e-02	1.3240740740740737e+00	9.9276806867127265e-01
849	2.4100171815382113e-02	1.3703703703703700e+00	9.9276806867127276e-01
850	2.4914366809145026e-02	1.4166666666666670e+00	9.9276806867127276e-01
851	2.5728561802907928e-02	1.4629629629629628e+00	9.9276806867127299e-01
852	2.6542756796670845e-02	1.5092592592592595e+00	9.9276806867127265e-01
853	2.7356951790433754e-02	1.5555555555555556e+00	9.9276806867127276e-01
854	2.8171146784196664e-02	1.6018518518518519e+00	9.9276806867127276e-01
855	2.8985341777959570e-02	1.6481481481481484e+00	9.9276806867127276e-01
856	2.9799536771722483e-02	1.6944444444444444e+00	9.9276806867127265e-01
857	3.0613731765485389e-02	1.7407407407407407e+00	9.9276806867127276e-01
858	3.1427926759248305e-02	1.7870370370370376e+00	9.9276806867127265e-01
859	3.2242121753011208e-02	1.8333333333333335e+00	9.9276806867127276e-01
860	3.3056316746774110e-02	1.8796296296296298e+00	9.9276806867127276e-01
861	3.3870511740537027e-02	1.9259259259259260e+00	9.9276806867127276e-01
862	3.4684706734299929e-02	1.9722222222222223e+00	9.9276806867127276e-01
863	3.5498901728062845e-02	2.0185185185185186e+00	9.9276806867127276e-01
864	3.6313096721825755e-02	2.0648148148148149e+00	9.9276806867127276e-01
865	3.7127291715588664e-02	2.1111111111111112e+00	9.9276806867127276e-01
866	3.7941486709351567e-02	2.1574074074074074e+00	9.9276806867127276e-01
867	3.8755681703114483e-02	2.2037037037037037e+00	9.9276806867127276e-01
868	3.9298478365623085e-02	2.2345679012345681e+00	9.9276806867127276e-01
869	3.9569876696877386e-02	2.2500000000000000e+00	9.9276806867127276e-01
870	0.0000000000000000e+00	1.0000000000000000e+00	1.0000000000000000e+00
871	0.0000000000000000e+00	1.0154320987654322e+00	1.0000000000000000e+00
872	0.0000000000000000e+00	1.0462962962962963e+00	1.0000000000000000e+00
873	0.0000000000000000e+00	1.0925925925925926e+00	1.0000000000000000e+00
874	0.0000000000000000e+00	1.1388888888888888e+00	9.9999999999999989e-01
875	0.0000000000000000e+00	1.1851851851851853e+00	1.0000000000000000e+00
876	0.0000000000000000e+00	1.2314814814814816e+00	1.0000000000000000e+00
877	0.0000000000000000e+00	1.2777777777777777e+00	1.0000000000000000e+00
878	0.0000000000000000e+00	1.3240740740740740e+00	9.9999999999999989e-01
879	0.0000000000000000e+00	1.3703703703703702e+00	1.0000000000000000e+00
880	0.0000000000000000e+00	1.4166666666666670e+00	1.0000000000000000e+00
881	0.0000000000000000e+00	1.4629629629629628e+00	1.0000000000000002e+00
882	0.0000000000000000e+00	1.5092592592592595e+00	9.9999999999999989e-01
883	0.0000000000000000e+00	1.5555555555555558e+00	1.0000000000000000e+00
884	0.0000000000000000e+00	1.6018518518518519e+00	1.0000000000000000e+00
885	0.0000000000000000e+00	1.6481481481481484e+00	1.0000000000000000e+00
886	0.0000000000000000e+00	1.6944444444444444e+00	9.9999999999999989e-01
887	0.0000000000000000e+00	1.7407407407407407e+00	1.0000000000000000e+00
888	0.0000000000000000e+00	1.7870370370370374e+00	9.9999999999999989e-01
889	0.0000000000000000e+00	1.8333333333333335e+00	1.0000000000000000e+00
890	0.0000000000000000e+00	1.8796296296296298e+00	1.0000000000000000e+00
891	0.0000000000000000e+00	1.9259259259259260e+00	1.0000000000000000e+00
892	0.0000000000000000e+00	1.9722222222222221e+00	1.0000000000000000e+00
893	0.0000000000000000e+00	2.0185185185185186e+00	1.0000000000000000e+00
894	0.0000000000000000e+00	2.0648148148148149e+00	1.0000000000000000e+00
895	0.0000000000000000e+00	2.1111111111111112e+00	1.0000000000000000e+00
896	0.0000000000000000e+00	2.1574074074074074e+00	1.0000000000000000e+00
897	0.0000000000000000e+00	2.2037037037037037e+00	1.0000000000000000e+00
898	0.0000000000000000e+00	2.2345679012345681e+00	1.0000000000000000e+00
899	0.0000000000000000e+00	2.2500000000000000e+00	1.0000000000000000e+00

0   1   0.0
1   1   0.0
2   1   0.0
3   1   0.0
4   1   0.0
5   1   0.0
6   1   0.0
7   1   0.0
8   1   0.0
9   1   0.0
10  1   0.0
11  1   0.0
12  1   0.0
13  1   0.0
14  1   0.0
15  1   0.0
16  1   0.0
17  1   0.0
18  1   0.0
19  1   0.0
20  1   0.0
21  1   0.0
22  1   0.0
23  1   0.0
24  1   0.0
25  1   0.0
26  1   0.0
27  1   0.0
28  1   0.0
29  1   0.0
59  1   0.0
89  1   0.0
119 1   0.0
149 1   0.0
179 1   0.0
209 1   0.0
239 1   0.0
269 1   0.0
299 1   0.0
329 1   0.0
359 1   0.0
389 1   0.0
419 1   0.0
449 1   0.0
479 1   0.0
509 1   0.0
539 1   0.0
569 1   0.0
599 1   0.0
629 1   0.0
659 1   0.0
689 1   0.0
719 1   0.0
749 1   0.0
779 1   0.0
809 1   0.0
839 1   0.0
869 1   0.0
899 1   0.0
29  0   0.0
59  0   0.0
89  0   0.0
119 0   0.0
149 0   0.0
179 0   0.0
209 0   0.0
239 0   0.0
269 0   0.0
299 0   0.0
329 0   0.0
359 0   0.0
389 0   0.0
419 0   0.0
449 0   0.0
479 0   0.0
509 0   0.0
539 0   0.0
569 0   0.0
599 0   0.0
629 0   0.0
659 0   0.0
689 0   0.0
719 0   0.0
749 0   0.0
779 0   0.0
809 0   0.0
839 0   0.0
869 0   0.0
870 0   0.0
871 0   0.0
872 0   0.0
873 0   0.0
874 0   0.0
875 0   0.0
876 0   0.0
877 0   0.0
878 0   0.0
879 0   0.0
880 0   0.0
881 0   0.0
882 0   0.0
883 0   0.0
884 0   0.0
885 0   0.0
886 0   0.0
887 0   0.0
888 0   0.0
889 0   0.0
890 0   0.0
891 0   0.0
892 0   0.0
893 0   0.0
894 0   0.0
895 0   0.0
896 0   0.0
897 0   0.0
898 0   0.0
899 0   0.0