206000  0.3

1

25

3	3

9	9

5	5

0   1   2   3   4   5   6   7   8   9   10   11   12   13   14   15   16   17   18   19   20   21   22   23   24

18  0   0

0.0000000000000000e+00	0.0000000000000000e+00	0.0000000000000000e+00	0.0000000000000000e+00	5.0000000000000000e-01	1.0000000000000000e+00	1.0000000000000000e+00	1.0000000000000000e+00	1.0000000000000000e+00
0.0000000000000000e+00	0.0000000000000000e+00	0.0000000000000000e+00	0.0000000000000000e+00	5.0000000000000000e-01	1.0000000000000000e+00	1.0000000000000000e+00	1.0000000000000000e+00	1.0000000000000000e+00

0	1.0000000000000000e+00	0.0000000000000000e+00	1.0000000000000000e+00
1	1.3333333333333335e+00	0.0000000000000000e+00	1.0000000000000000e+00
2	2.0000000000000000e+00	0.0000000000000000e+00	1.0000000000000000e+00
3	2.6666666666666665e+00	0.0000000000000000e+00	1.0000000000000000e+00
4	3.0000000000000000e+00	0.0000000000000000e+00	1.0000000000000000e+00
5	1.0000000000000000e+00	2.6120387496374148e-01	9.0236892706218252e-01
6	1.3333333333333335e+00	3.4827183328498867e-01	9.0236892706218252e-01
7	2.0000000000000004e+00	5.2240774992748296e-01	9.0236892706218252e-01
8	2.6666666666666665e+00	6.9654366656997724e-01	9.0236892706218252e-01
9	3.0000000000000004e+00	7.8361162489122449e-01	9.0236892706218252e-01
10	7.9289321881345254e-01	7.9289321881345254e-01	8.0473785412436505e-01
11	1.0571909584179366e+00	1.0571909584179369e+00	8.0473785412436505e-01
12	1.5857864376269053e+00	1.5857864376269051e+00	8.0473785412436505e-01
13	2.1143819168358733e+00	2.1143819168358733e+00	8.0473785412436505e-01
14	2.3786796564403576e+00	2.3786796564403576e+00	8.0473785412436505e-01
15	2.6120387496374148e-01	1.0000000000000000e+00	9.0236892706218252e-01
16	3.4827183328498862e-01	1.3333333333333335e+00	9.0236892706218252e-01
17	5.2240774992748296e-01	2.0000000000000000e+00	9.0236892706218252e-01
18	6.9654366656997724e-01	2.6666666666666665e+00	9.0236892706218252e-01
19	7.8361162489122438e-01	3.0000000000000000e+00	9.0236892706218252e-01
20	0.0000000000000000e+00	1.0000000000000000e+00	1.0000000000000000e+00
21	0.0000000000000000e+00	1.3333333333333335e+00	1.0000000000000000e+00
22	0.0000000000000000e+00	2.0000000000000000e+00	1.0000000000000000e+00
23	0.0000000000000000e+00	2.6666666666666665e+00	1.0000000000000000e+00
24	0.0000000000000000e+00	3.0000000000000000e+00	1.0000000000000000e+00

0   1   0.0
1   1   0.0
2   1   0.0
3   1   0.0
4   1   0.0
9   1   0.0
14  1   0.0
19  1   0.0
24  1   0.0
4   0   0.0
9   0   0.0
14  0   0.0
19  0   0.0
20  0   0.0
21  0   0.0
22  0   0.0
23  0   0.0
24  0   0.0