206000  0.3

1

400

3	3

24	24

20	20

0   1   2   3   4   5   6   7   8   9   10   11   12   13   14   15   16   17   18   19   20   21   22   23   24   25   26   27   28   29   30   31   32   33   34   35   36   37   38   39   40   41   42   43   44   45   46   47   48   49   50   51   52   53   54   55   56   57   58   59   60   61   62   63   64   65   66   67   68   69   70   71   72   73   74   75   76   77   78   79   80   81   82   83   84   85   86   87   88   89   90   91   92   93   94   95   96   97   98   99   100   101   102   103   104   105   106   107   108   109   110   111   112   113   114   115   116   117   118   119   120   121   122   123   124   125   126   127   128   129   130   131   132   133   134   135   136   137   138   139   140   141   142   143   144   145   146   147   148   149   150   151   152   153   154   155   156   157   158   159   160   161   162   163   164   165   166   167   168   169   170   171   172   173   174   175   176   177   178   179   180   181   182   183   184   185   186   187   188   189   190   191   192   193   194   195   196   197   198   199   200   201   202   203   204   205   206   207   208   209   210   211   212   213   214   215   216   217   218   219   220   221   222   223   224   225   226   227   228   229   230   231   232   233   234   235   236   237   238   239   240   241   242   243   244   245   246   247   248   249   250   251   252   253   254   255   256   257   258   259   260   261   262   263   264   265   266   267   268   269   270   271   272   273   274   275   276   277   278   279   280   281   282   283   284   285   286   287   288   289   290   291   292   293   294   295   296   297   298   299   300   301   302   303   304   305   306   307   308   309   310   311   312   313   314   315   316   317   318   319   320   321   322   323   324   325   326   327   328   329   330   331   332   333   334   335   336   337   338   339   340   341   342   343   344   345   346   347   348   349   350   351   352   353   354   355   356   357   358   359   360   361   362   363   364   365   366   367   368   369   370   371   372   373   374   375   376   377   378   379   380   381   382   383   384   385   386   387   388   389   390   391   392   393   394   395   396   397   398   399

78  0   0

0.0000000000000000e+00	0.0000000000000000e+00	0.0000000000000000e+00	0.0000000000000000e+00	5.8823529411764705e-02	1.1764705882352941e-01	1.7647058823529413e-01	2.3529411764705882e-01	2.9411764705882354e-01	3.5294117647058826e-01	4.1176470588235292e-01	4.7058823529411764e-01	5.2941176470588236e-01	5.8823529411764708e-01	6.4705882352941180e-01	7.0588235294117652e-01	7.6470588235294112e-01	8.2352941176470584e-01	8.8235294117647056e-01	9.4117647058823528e-01	1.0000000000000000e+00	1.0000000000000000e+00	1.0000000000000000e+00	1.0000000000000000e+00
0.0000000000000000e+00	0.0000000000000000e+00	0.0000000000000000e+00	0.0000000000000000e+00	5.8823529411764705e-02	1.1764705882352941e-01	1.7647058823529413e-01	2.3529411764705882e-01	2.9411764705882354e-01	3.5294117647058826e-01	4.1176470588235292e-01	4.7058823529411764e-01	5.2941176470588236e-01	5.8823529411764708e-01	6.4705882352941180e-01	7.0588235294117652e-01	7.6470588235294112e-01	8.2352941176470584e-01	8.8235294117647056e-01	9.4117647058823528e-01	1.0000000000000000e+00	1.0000000000000000e+00	1.0000000000000000e+00	1.0000000000000000e+00

0	1.0000000000000000e+00	0.0000000000000000e+00	1.0000000000000000e+00
1	1.0392156862745099e+00	0.0000000000000000e+00	1.0000000000000000e+00
2	1.1176470588235297e+00	0.0000000000000000e+00	9.9999999999999989e-01
3	1.2352941176470587e+00	0.0000000000000000e+00	9.9999999999999978e-01
4	1.3529411764705881e+00	0.0000000000000000e+00	9.9999999999999989e-01
5	1.4705882352941175e+00	0.0000000000000000e+00	9.9999999999999978e-01
6	1.5882352941176470e+00	0.0000000000000000e+00	9.9999999999999989e-01
7	1.7058823529411762e+00	0.0000000000000000e+00	1.0000000000000000e+00
8	1.8235294117647058e+00	0.0000000000000000e+00	1.0000000000000000e+00
9	1.9411764705882351e+00	0.0000000000000000e+00	1.0000000000000000e+00
10	2.0588235294117645e+00	0.0000000000000000e+00	1.0000000000000000e+00
11	2.1764705882352944e+00	0.0000000000000000e+00	1.0000000000000000e+00
12	2.2941176470588234e+00	0.0000000000000000e+00	1.0000000000000000e+00
13	2.4117647058823528e+00	0.0000000000000000e+00	1.0000000000000000e+00
14	2.5294117647058822e+00	0.0000000000000000e+00	1.0000000000000000e+00
15	2.6470588235294117e+00	0.0000000000000000e+00	1.0000000000000000e+00
16	2.7647058823529407e+00	0.0000000000000000e+00	1.0000000000000000e+00
17	2.8823529411764706e+00	0.0000000000000000e+00	1.0000000000000000e+00
18	2.9607843137254899e+00	0.0000000000000000e+00	1.0000000000000000e+00
19	3.0000000000000000e+00	0.0000000000000000e+00	1.0000000000000000e+00
20	1.0000000000000000e+00	2.8051881849221205e-02	9.8851399141908025e-01
21	1.0392156862745101e+00	2.9151955647229881e-02	9.8851399141908025e-01
22	1.1176470588235294e+00	3.1352103243247234e-02	9.8851399141908014e-01
23	1.2352941176470589e+00	3.4652324637273246e-02	9.8851399141908003e-01
24	1.3529411764705881e+00	3.7952546031299279e-02	9.8851399141908014e-01
25	1.4705882352941178e+00	4.1252767425325305e-02	9.8851399141908003e-01
26	1.5882352941176467e+00	4.4552988819351325e-02	9.8851399141908014e-01
27	1.7058823529411762e+00	4.7853210213377351e-02	9.8851399141908025e-01
28	1.8235294117647061e+00	5.1153431607403384e-02	9.8851399141908025e-01
29	1.9411764705882351e+00	5.4453653001429403e-02	9.8851399141908025e-01
30	2.0588235294117645e+00	5.7753874395455422e-02	9.8851399141908025e-01
31	2.1764705882352944e+00	6.1054095789481448e-02	9.8851399141908025e-01
32	2.2941176470588234e+00	6.4354317183507481e-02	9.8851399141908025e-01
33	2.4117647058823528e+00	6.7654538577533507e-02	9.8851399141908025e-01
34	2.5294117647058827e+00	7.0954759971559520e-02	9.8851399141908025e-01
35	2.6470588235294117e+00	7.4254981365585546e-02	9.8851399141908025e-01
36	2.7647058823529407e+00	7.7555202759611558e-02	9.8851399141908025e-01
37	2.8823529411764706e+00	8.0855424153637598e-02	9.8851399141908025e-01
38	2.9607843137254899e+00	8.3055571749654958e-02	9.8851399141908025e-01
39	3.0000000000000000e+00	8.4155645547663624e-02	9.8851399141908025e-01
40	9.9761420919142418e-01	8.5049224911165011e-02	9.6689326938440789e-01
41	1.0367363350420682e+00	8.8384488633171485e-02	9.6689326938440789e-01
42	1.1149805867433566e+00	9.5055016077184445e-02	9.6689326938440778e-01
43	1.2323469642952882e+00	1.0506080724320384e-01	9.6689326938440767e-01
44	1.3497133418472207e+00	1.1506659840922327e-01	9.6689326938440778e-01
45	1.4670797193991534e+00	1.2507238957524267e-01	9.6689326938440756e-01
46	1.5844460969510856e+00	1.3507818074126207e-01	9.6689326938440778e-01
47	1.7018124745030174e+00	1.4508397190728151e-01	9.6689326938440789e-01
48	1.8191788520549497e+00	1.5508976307330091e-01	9.6689326938440789e-01
49	1.9365452296068821e+00	1.6509555423932029e-01	9.6689326938440789e-01
50	2.0539116071588142e+00	1.7510134540533973e-01	9.6689326938440789e-01
51	2.1712779847107475e+00	1.8510713657135916e-01	9.6689326938440789e-01
52	2.2886443622626786e+00	1.9511292773737859e-01	9.6689326938440789e-01
53	2.4060107398146107e+00	2.0511871890339800e-01	9.6689326938440789e-01
54	2.5233771173665436e+00	2.1512451006941738e-01	9.6689326938440789e-01
55	2.6407434949184756e+00	2.2513030123543679e-01	9.6689326938440789e-01
56	2.7581098724704076e+00	2.3513609240145619e-01	9.6689326938440789e-01
57	2.8754762500223401e+00	2.4514188356747563e-01	9.6689326938440789e-01
58	2.9537205017236285e+00	2.5181241101148860e-01	9.6689326938440789e-01
59	2.9928426275742726e+00	2.5514767473349503e-01	9.6689326938440789e-01
60	9.8648139515696109e-01	1.7167821234470554e-01	9.3851607171390017e-01
61	1.0251669400650776e+00	1.7841069126018419e-01	9.3851607171390017e-01
62	1.1025380298813097e+00	1.9187564909114146e-01	9.3851607171390017e-01
63	1.2185946646056576e+00	2.1207308583757736e-01	9.3851607171390017e-01
64	1.3346512993300064e+00	2.3227052258401334e-01	9.3851607171390006e-01
65	1.4507079340543545e+00	2.5246795933044930e-01	9.3851607171390006e-01
66	1.5667645687787031e+00	2.7266539607688522e-01	9.3851607171390006e-01
67	1.6828212035030512e+00	2.9286283282332115e-01	9.3851607171390017e-01
68	1.7988778382274000e+00	3.1306026956975713e-01	9.3851607171390017e-01
69	1.9149344729517479e+00	3.3325770631619317e-01	9.3851607171390017e-01
70	2.0309911076760958e+00	3.5345514306262893e-01	9.3851607171390028e-01
71	2.1470477424004448e+00	3.7365257980906491e-01	9.3851607171390028e-01
72	2.2631043771247934e+00	3.9385001655550100e-01	9.3851607171390017e-01
73	2.3791610118491420e+00	4.1404745330193687e-01	9.3851607171390017e-01
74	2.4952176465734897e+00	4.3424489004837280e-01	9.3851607171390017e-01
75	2.6112742812978382e+00	4.5444232679480873e-01	9.3851607171390017e-01
76	2.7273309160221864e+00	4.7463976354124465e-01	9.3851607171390017e-01
77	2.8433875507465354e+00	4.9483720028768058e-01	9.3851607171390017e-01
78	2.9207586405627675e+00	5.0830215811863799e-01	9.3851607171390017e-01
79	2.9594441854708839e+00	5.1503463703411667e-01	9.3851607171390017e-01
80	9.6719678025727251e-01	2.5940423119303857e-01	9.1419275942489386e-01
81	1.0051260657575578e+00	2.6957694614178518e-01	9.1419275942489386e-01
82	1.0809846367581282e+00	2.8992237603927851e-01	9.1419275942489386e-01
83	1.1947724932589836e+00	3.2044052088551811e-01	9.1419275942489386e-01
84	1.3085603497598393e+00	3.5095866573175810e-01	9.1419275942489375e-01
85	1.4223482062606951e+00	3.8147681057799793e-01	9.1419275942489375e-01
86	1.5361360627615506e+00	4.1199495542423770e-01	9.1419275942489375e-01
87	1.6499239192624058e+00	4.4251310027047758e-01	9.1419275942489386e-01
88	1.7637117757632617e+00	4.7303124511671740e-01	9.1419275942489386e-01
89	1.8774996322641175e+00	5.0354938996295717e-01	9.1419275942489386e-01
90	1.9912874887649725e+00	5.3406753480919711e-01	9.1419275942489386e-01
91	2.1050753452658286e+00	5.6458567965543682e-01	9.1419275942489386e-01
92	2.2188632017666841e+00	5.9510382450167676e-01	9.1419275942489386e-01
93	2.3326510582675399e+00	6.2562196934791658e-01	9.1419275942489386e-01
94	2.4464389147683954e+00	6.5614011419415630e-01	9.1419275942489386e-01
95	2.5602267712692512e+00	6.8665825904039635e-01	9.1419275942489386e-01
96	2.6740146277701058e+00	7.1717640388663595e-01	9.1419275942489386e-01
97	2.7878024842709621e+00	7.4769454873287589e-01	9.1419275942489386e-01
98	2.8636610552715323e+00	7.6803997863036910e-01	9.1419275942489386e-01
99	2.9015903407718180e+00	7.7821269357911582e-01	9.1419275942489386e-01
100	9.3935730583386701e-01	3.4712333514758997e-01	8.9392333251738854e-01
101	9.7619484723911665e-01	3.6073601495729934e-01	8.9392333251738854e-01
102	1.0498699300496162e+00	3.8796137457671825e-01	8.9392333251738842e-01
103	1.1603825542653652e+00	4.2879941400584642e-01	8.9392333251738831e-01
104	1.2708951784811142e+00	4.6963745343497465e-01	8.9392333251738831e-01
105	1.3814078026968633e+00	5.1047549286410288e-01	8.9392333251738831e-01
106	1.4919204269126127e+00	5.5131353229323110e-01	8.9392333251738831e-01
107	1.6024330511283613e+00	5.9215157172235922e-01	8.9392333251738854e-01
108	1.7129456753441104e+00	6.3298961115148744e-01	8.9392333251738854e-01
109	1.8234582995598592e+00	6.7382765058061567e-01	8.9392333251738854e-01
110	1.9339709237756084e+00	7.1466569000974378e-01	8.9392333251738854e-01
111	2.0444835479913577e+00	7.5550372943887223e-01	8.9392333251738854e-01
112	2.1549961722071065e+00	7.9634176886800034e-01	8.9392333251738854e-01
113	2.2655087964228557e+00	8.3717980829712868e-01	8.9392333251738854e-01
114	2.3760214206386046e+00	8.7801784772625668e-01	8.9392333251738854e-01
115	2.4865340448543538e+00	9.1885588715538502e-01	8.9392333251738854e-01
116	2.5970466690701022e+00	9.5969392658451302e-01	8.9392333251738854e-01
117	2.7075592932858519e+00	1.0005319660136414e+00	8.9392333251738854e-01
118	2.7812343760963514e+00	1.0277573256330603e+00	8.9392333251738854e-01
119	2.8180719175016007e+00	1.0413700054427697e+00	8.9392333251738854e-01
120	9.0275603264552662e-01	4.3361959554354029e-01	8.7770779099138430e-01
121	9.3815823000417475e-01	4.5062428556485562e-01	8.7770779099138430e-01
122	1.0089626247214711e+00	4.8463366560748639e-01	8.7770779099138418e-01
123	1.1151692167974150e+00	5.3564773567143220e-01	8.7770779099138418e-01
124	1.2213758088733593e+00	5.8666180573537818e-01	8.7770779099138407e-01
125	1.3275824009493038e+00	6.3767587579932417e-01	8.7770779099138407e-01
126	1.4337889930252481e+00	6.8868994586327015e-01	8.7770779099138407e-01
127	1.5399955851011922e+00	7.3970401592721580e-01	8.7770779099138430e-01
128	1.6462021771771367e+00	7.9071808599116178e-01	8.7770779099138430e-01
129	1.7524087692530808e+00	8.4173215605510787e-01	8.7770779099138430e-01
130	1.8586153613290251e+00	8.9274622611905352e-01	8.7770779099138430e-01
131	1.9648219534049696e+00	9.4376029618299961e-01	8.7770779099138430e-01
132	2.0710285454809139e+00	9.9477436624694560e-01	8.7770779099138430e-01
133	2.1772351375568584e+00	1.0457884363108914e+00	8.7770779099138430e-01
134	2.2834417296328025e+00	1.0968025063748374e+00	8.7770779099138430e-01
135	2.3896483217087465e+00	1.1478165764387831e+00	8.7770779099138430e-01
136	2.4958549137846906e+00	1.1988306465027290e+00	8.7770779099138430e-01
137	2.6020615058606356e+00	1.2498447165666751e+00	8.7770779099138430e-01
138	2.6728659005779316e+00	1.2838540966093057e+00	8.7770779099138430e-01
139	2.7082680979365792e+00	1.3008587866306207e+00	8.7770779099138430e-01
140	8.5741479680596122e-01	5.1760893872671043e-01	8.6554613484688103e-01
141	8.9103890648462658e-01	5.3790732848069911e-01	8.6554613484688103e-01
142	9.5828712584195685e-01	5.7850410798867646e-01	8.6554613484688103e-01
143	1.0591594548779522e+00	6.3939927725064216e-01	8.6554613484688103e-01
144	1.1600317839139476e+00	7.0029444651260819e-01	8.6554613484688092e-01
145	1.2609041129499432e+00	7.6118961577457411e-01	8.6554613484688092e-01
146	1.3617764419859388e+00	8.2208478503654003e-01	8.6554613484688092e-01
147	1.4626487710219340e+00	8.8297995429850584e-01	8.6554613484688103e-01
148	1.5635211000579297e+00	9.4387512356047198e-01	8.6554613484688103e-01
149	1.6643934290939251e+00	1.0047702928224378e+00	8.6554613484688103e-01
150	1.7652657581299200e+00	1.0656654620844035e+00	8.6554613484688114e-01
151	1.8661380871659159e+00	1.1265606313463696e+00	8.6554613484688114e-01
152	1.9670104162019115e+00	1.1874558006083358e+00	8.6554613484688103e-01
153	2.0678827452379069e+00	1.2483509698703015e+00	8.6554613484688103e-01
154	2.1687550742739021e+00	1.3092461391322676e+00	8.6554613484688103e-01
155	2.2696274033098978e+00	1.3701413083942333e+00	8.6554613484688103e-01
156	2.3704997323458925e+00	1.4310364776561990e+00	8.6554613484688103e-01
157	2.4713720613818890e+00	1.4919316469181652e+00	8.6554613484688103e-01
158	2.5386202807392193e+00	1.5325284264261425e+00	8.6554613484688103e-01
159	2.5722443904178838e+00	1.5528268161801315e+00	8.6554613484688103e-01
160	8.0360480994710703e-01	5.9779341215195214e-01	8.5743836408387897e-01
161	8.3511872406267984e-01	6.2123629105987188e-01	8.5743836408387897e-01
162	8.9814655229382545e-01	6.6812204887571114e-01	8.5743836408387897e-01
163	9.9268829464054398e-01	7.3845068559947025e-01	8.5743836408387886e-01
164	1.0872300369872625e+00	8.0877932232322935e-01	8.5743836408387886e-01
165	1.1817717793339810e+00	8.7910795904698835e-01	8.5743836408387886e-01
166	1.2763135216806996e+00	9.4943659577074746e-01	8.5743836408387886e-01
167	1.3708552640274176e+00	1.0197652324945063e+00	8.5743836408387897e-01
168	1.4653970063741364e+00	1.0900938692182656e+00	8.5743836408387897e-01
169	1.5599387487208547e+00	1.1604225059420246e+00	8.5743836408387897e-01
170	1.6544804910675730e+00	1.2307511426657838e+00	8.5743836408387897e-01
171	1.7490222334142917e+00	1.3010797793895430e+00	8.5743836408387897e-01
172	1.8435639757610103e+00	1.3714084161133018e+00	8.5743836408387897e-01
173	1.9381057181077288e+00	1.4417370528370610e+00	8.5743836408387897e-01
174	2.0326474604544469e+00	1.5120656895608202e+00	8.5743836408387897e-01
175	2.1271892028011656e+00	1.5823943262845790e+00	8.5743836408387897e-01
176	2.2217309451478839e+00	1.6527229630083382e+00	8.5743836408387897e-01
177	2.3162726874946027e+00	1.7230515997320970e+00	8.5743836408387897e-01
178	2.3793005157257481e+00	1.7699373575479367e+00	8.5743836408387897e-01
179	2.4108144298413210e+00	1.7933802364558562e+00	8.5743836408387897e-01
180	7.4185154504482520e-01	6.7292185288401929e-01	8.5338447870237788e-01
181	7.7094376249756336e-01	6.9931094515398073e-01	8.5338447870237788e-01
182	8.2912819740303978e-01	7.5208912969390396e-01	8.5338447870237788e-01
183	9.1640484976125447e-01	8.3125640650378829e-01	8.5338447870237788e-01
184	1.0036815021194692e+00	9.1042368331367307e-01	8.5338447870237777e-01
185	1.0909581544776841e+00	9.8959096012355785e-01	8.5338447870237777e-01
186	1.1782348068358988e+00	1.0687582369334425e+00	8.5338447870237777e-01
187	1.2655114591941135e+00	1.1479255137433271e+00	8.5338447870237788e-01
188	1.3527881115523281e+00	1.2270927905532116e+00	8.5338447870237788e-01
189	1.4400647639105428e+00	1.3062600673630964e+00	8.5338447870237788e-01
190	1.5273414162687573e+00	1.3854273441729805e+00	8.5338447870237799e-01
191	1.6146180686269722e+00	1.4645946209828651e+00	8.5338447870237799e-01
192	1.7018947209851869e+00	1.5437618977927503e+00	8.5338447870237788e-01
193	1.7891713733434020e+00	1.6229291746026346e+00	8.5338447870237788e-01
194	1.8764480257016163e+00	1.7020964514125192e+00	8.5338447870237788e-01
195	1.9637246780598310e+00	1.7812637282224038e+00	8.5338447870237788e-01
196	2.0510013304180457e+00	1.8604310050322883e+00	8.5338447870237788e-01
197	2.1382779827762604e+00	1.9395982818421731e+00	8.5338447870237788e-01
198	2.1964624176817371e+00	1.9923764663820962e+00	8.5338447870237788e-01
199	2.2255546351344755e+00	2.0187655586520576e+00	8.5338447870237788e-01
200	6.7292185288401918e-01	7.4185154504482520e-01	8.5338447870237788e-01
201	6.9931094515398073e-01	7.7094376249756347e-01	8.5338447870237788e-01
202	7.5208912969390385e-01	8.2912819740304000e-01	8.5338447870237777e-01
203	8.3125640650378829e-01	9.1640484976125458e-01	8.5338447870237777e-01
204	9.1042368331367307e-01	1.0036815021194692e+00	8.5338447870237777e-01
205	9.8959096012355752e-01	1.0909581544776841e+00	8.5338447870237777e-01
206	1.0687582369334423e+00	1.1782348068358988e+00	8.5338447870237777e-01
207	1.1479255137433269e+00	1.2655114591941135e+00	8.5338447870237788e-01
208	1.2270927905532116e+00	1.3527881115523281e+00	8.5338447870237788e-01
209	1.3062600673630960e+00	1.4400647639105431e+00	8.5338447870237788e-01
210	1.3854273441729801e+00	1.5273414162687571e+00	8.5338447870237810e-01
211	1.4645946209828649e+00	1.6146180686269718e+00	8.5338447870237810e-01
212	1.5437618977927501e+00	1.7018947209851871e+00	8.5338447870237788e-01
213	1.6229291746026346e+00	1.7891713733434018e+00	8.5338447870237788e-01
214	1.7020964514125192e+00	1.8764480257016163e+00	8.5338447870237788e-01
215	1.7812637282224038e+00	1.9637246780598312e+00	8.5338447870237788e-01
216	1.8604310050322879e+00	2.0510013304180457e+00	8.5338447870237788e-01
217	1.9395982818421731e+00	2.1382779827762604e+00	8.5338447870237788e-01
218	1.9923764663820962e+00	2.1964624176817371e+00	8.5338447870237788e-01
219	2.0187655586520576e+00	2.2255546351344750e+00	8.5338447870237788e-01
220	5.9779341215195214e-01	8.0360480994710703e-01	8.5743836408387897e-01
221	6.2123629105987188e-01	8.3511872406268006e-01	8.5743836408387897e-01
222	6.6812204887571114e-01	8.9814655229382567e-01	8.5743836408387897e-01
223	7.3845068559947025e-01	9.9268829464054398e-01	8.5743836408387897e-01
224	8.0877932232322924e-01	1.0872300369872623e+00	8.5743836408387897e-01
225	8.7910795904698835e-01	1.1817717793339808e+00	8.5743836408387897e-01
226	9.4943659577074746e-01	1.2763135216806993e+00	8.5743836408387897e-01
227	1.0197652324945066e+00	1.3708552640274176e+00	8.5743836408387897e-01
228	1.0900938692182656e+00	1.4653970063741366e+00	8.5743836408387897e-01
229	1.1604225059420250e+00	1.5599387487208551e+00	8.5743836408387897e-01
230	1.2307511426657836e+00	1.6544804910675732e+00	8.5743836408387908e-01
231	1.3010797793895426e+00	1.7490222334142915e+00	8.5743836408387908e-01
232	1.3714084161133018e+00	1.8435639757610103e+00	8.5743836408387897e-01
233	1.4417370528370610e+00	1.9381057181077288e+00	8.5743836408387897e-01
234	1.5120656895608202e+00	2.0326474604544473e+00	8.5743836408387897e-01
235	1.5823943262845790e+00	2.1271892028011656e+00	8.5743836408387897e-01
236	1.6527229630083382e+00	2.2217309451478839e+00	8.5743836408387897e-01
237	1.7230515997320974e+00	2.3162726874946027e+00	8.5743836408387897e-01
238	1.7699373575479369e+00	2.3793005157257485e+00	8.5743836408387897e-01
239	1.7933802364558564e+00	2.4108144298413210e+00	8.5743836408387897e-01
240	5.1760893872671021e-01	8.5741479680596144e-01	8.6554613484688114e-01
241	5.3790732848069889e-01	8.9103890648462658e-01	8.6554613484688114e-01
242	5.7850410798867613e-01	9.5828712584195697e-01	8.6554613484688114e-01
243	6.3939927725064205e-01	1.0591594548779522e+00	8.6554613484688114e-01
244	7.0029444651260808e-01	1.1600317839139478e+00	8.6554613484688092e-01
245	7.6118961577457400e-01	1.2609041129499432e+00	8.6554613484688092e-01
246	8.2208478503653992e-01	1.3617764419859388e+00	8.6554613484688092e-01
247	8.8297995429850573e-01	1.4626487710219340e+00	8.6554613484688114e-01
248	9.4387512356047165e-01	1.5635211000579297e+00	8.6554613484688114e-01
249	1.0047702928224376e+00	1.6643934290939251e+00	8.6554613484688114e-01
250	1.0656654620844035e+00	1.7652657581299203e+00	8.6554613484688114e-01
251	1.1265606313463694e+00	1.8661380871659159e+00	8.6554613484688114e-01
252	1.1874558006083353e+00	1.9670104162019113e+00	8.6554613484688114e-01
253	1.2483509698703015e+00	2.0678827452379065e+00	8.6554613484688114e-01
254	1.3092461391322672e+00	2.1687550742739021e+00	8.6554613484688114e-01
255	1.3701413083942329e+00	2.2696274033098973e+00	8.6554613484688114e-01
256	1.4310364776561986e+00	2.3704997323458925e+00	8.6554613484688114e-01
257	1.4919316469181649e+00	2.4713720613818881e+00	8.6554613484688114e-01
258	1.5325284264261423e+00	2.5386202807392184e+00	8.6554613484688114e-01
259	1.5528268161801306e+00	2.5722443904178842e+00	8.6554613484688114e-01
260	4.3361959554354029e-01	9.0275603264552673e-01	8.7770779099138430e-01
261	4.5062428556485568e-01	9.3815823000417486e-01	8.7770779099138430e-01
262	4.8463366560748633e-01	1.0089626247214711e+00	8.7770779099138418e-01
263	5.3564773567143220e-01	1.1151692167974154e+00	8.7770779099138418e-01
264	5.8666180573537818e-01	1.2213758088733595e+00	8.7770779099138418e-01
265	6.3767587579932417e-01	1.3275824009493040e+00	8.7770779099138418e-01
266	6.8868994586327004e-01	1.4337889930252481e+00	8.7770779099138418e-01
267	7.3970401592721580e-01	1.5399955851011924e+00	8.7770779099138430e-01
268	7.9071808599116167e-01	1.6462021771771369e+00	8.7770779099138430e-01
269	8.4173215605510787e-01	1.7524087692530812e+00	8.7770779099138430e-01
270	8.9274622611905363e-01	1.8586153613290251e+00	8.7770779099138441e-01
271	9.4376029618299950e-01	1.9648219534049696e+00	8.7770779099138441e-01
272	9.9477436624694549e-01	2.0710285454809143e+00	8.7770779099138430e-01
273	1.0457884363108916e+00	2.1772351375568584e+00	8.7770779099138430e-01
274	1.0968025063748372e+00	2.2834417296328029e+00	8.7770779099138430e-01
275	1.1478165764387831e+00	2.3896483217087470e+00	8.7770779099138430e-01
276	1.1988306465027290e+00	2.4958549137846910e+00	8.7770779099138430e-01
277	1.2498447165666751e+00	2.6020615058606351e+00	8.7770779099138430e-01
278	1.2838540966093059e+00	2.6728659005779316e+00	8.7770779099138430e-01
279	1.3008587866306209e+00	2.7082680979365801e+00	8.7770779099138430e-01
280	3.4712333514758986e-01	9.3935730583386701e-01	8.9392333251738854e-01
281	3.6073601495729934e-01	9.7619484723911687e-01	8.9392333251738854e-01
282	3.8796137457671814e-01	1.0498699300496162e+00	8.9392333251738854e-01
283	4.2879941400584631e-01	1.1603825542653652e+00	8.9392333251738854e-01
284	4.6963745343497459e-01	1.2708951784811140e+00	8.9392333251738842e-01
285	5.1047549286410288e-01	1.3814078026968633e+00	8.9392333251738831e-01
286	5.5131353229323121e-01	1.4919204269126125e+00	8.9392333251738842e-01
287	5.9215157172235922e-01	1.6024330511283611e+00	8.9392333251738854e-01
288	6.3298961115148744e-01	1.7129456753441106e+00	8.9392333251738854e-01
289	6.7382765058061578e-01	1.8234582995598596e+00	8.9392333251738854e-01
290	7.1466569000974389e-01	1.9339709237756082e+00	8.9392333251738865e-01
291	7.5550372943887201e-01	2.0444835479913577e+00	8.9392333251738865e-01
292	7.9634176886800045e-01	2.1549961722071069e+00	8.9392333251738854e-01
293	8.3717980829712868e-01	2.2655087964228557e+00	8.9392333251738854e-01
294	8.7801784772625679e-01	2.3760214206386046e+00	8.9392333251738854e-01
295	9.1885588715538502e-01	2.4865340448543538e+00	8.9392333251738854e-01
296	9.5969392658451314e-01	2.5970466690701026e+00	8.9392333251738854e-01
297	1.0005319660136416e+00	2.7075592932858519e+00	8.9392333251738854e-01
298	1.0277573256330603e+00	2.7812343760963514e+00	8.9392333251738854e-01
299	1.0413700054427697e+00	2.8180719175016007e+00	8.9392333251738854e-01
300	2.5940423119303857e-01	9.6719678025727251e-01	9.1419275942489397e-01
301	2.6957694614178523e-01	1.0051260657575578e+00	9.1419275942489397e-01
302	2.8992237603927856e-01	1.0809846367581282e+00	9.1419275942489386e-01
303	3.2044052088551828e-01	1.1947724932589838e+00	9.1419275942489386e-01
304	3.5095866573175821e-01	1.3085603497598393e+00	9.1419275942489375e-01
305	3.8147681057799798e-01	1.4223482062606951e+00	9.1419275942489375e-01
306	4.1199495542423792e-01	1.5361360627615508e+00	9.1419275942489375e-01
307	4.4251310027047769e-01	1.6499239192624060e+00	9.1419275942489397e-01
308	4.7303124511671746e-01	1.7637117757632617e+00	9.1419275942489397e-01
309	5.0354938996295739e-01	1.8774996322641173e+00	9.1419275942489397e-01
310	5.3406753480919722e-01	1.9912874887649725e+00	9.1419275942489397e-01
311	5.6458567965543693e-01	2.1050753452658286e+00	9.1419275942489397e-01
312	5.9510382450167687e-01	2.2188632017666841e+00	9.1419275942489397e-01
313	6.2562196934791670e-01	2.3326510582675395e+00	9.1419275942489397e-01
314	6.5614011419415652e-01	2.4464389147683954e+00	9.1419275942489397e-01
315	6.8665825904039623e-01	2.5602267712692508e+00	9.1419275942489397e-01
316	7.1717640388663617e-01	2.6740146277701062e+00	9.1419275942489397e-01
317	7.4769454873287611e-01	2.7878024842709617e+00	9.1419275942489397e-01
318	7.6803997863036921e-01	2.8636610552715323e+00	9.1419275942489397e-01
319	7.7821269357911582e-01	2.9015903407718175e+00	9.1419275942489397e-01
320	1.7167821234470554e-01	9.8648139515696109e-01	9.3851607171390028e-01
321	1.7841069126018419e-01	1.0251669400650776e+00	9.3851607171390028e-01
322	1.9187564909114149e-01	1.1025380298813094e+00	9.3851607171390028e-01
323	2.1207308583757736e-01	1.2185946646056576e+00	9.3851607171390028e-01
324	2.3227052258401343e-01	1.3346512993300061e+00	9.3851607171390017e-01
325	2.5246795933044935e-01	1.4507079340543547e+00	9.3851607171390017e-01
326	2.7266539607688528e-01	1.5667645687787028e+00	9.3851607171390017e-01
327	2.9286283282332126e-01	1.6828212035030512e+00	9.3851607171390028e-01
328	3.1306026956975713e-01	1.7988778382273998e+00	9.3851607171390028e-01
329	3.3325770631619317e-01	1.9149344729517479e+00	9.3851607171390028e-01
330	3.5345514306262904e-01	2.0309911076760958e+00	9.3851607171390039e-01
331	3.7365257980906491e-01	2.1470477424004444e+00	9.3851607171390039e-01
332	3.9385001655550095e-01	2.2631043771247930e+00	9.3851607171390028e-01
333	4.1404745330193687e-01	2.3791610118491415e+00	9.3851607171390028e-01
334	4.3424489004837280e-01	2.4952176465734897e+00	9.3851607171390028e-01
335	4.5444232679480867e-01	2.6112742812978382e+00	9.3851607171390028e-01
336	4.7463976354124471e-01	2.7273309160221864e+00	9.3851607171390028e-01
337	4.9483720028768063e-01	2.8433875507465349e+00	9.3851607171390028e-01
338	5.0830215811863788e-01	2.9207586405627675e+00	9.3851607171390028e-01
339	5.1503463703411656e-01	2.9594441854708831e+00	9.3851607171390028e-01
340	8.5049224911165025e-02	9.9761420919142418e-01	9.6689326938440789e-01
341	8.8384488633171499e-02	1.0367363350420684e+00	9.6689326938440789e-01
342	9.5055016077184445e-02	1.1149805867433566e+00	9.6689326938440778e-01
343	1.0506080724320387e-01	1.2323469642952884e+00	9.6689326938440767e-01
344	1.1506659840922329e-01	1.3497133418472207e+00	9.6689326938440778e-01
345	1.2507238957524269e-01	1.4670797193991532e+00	9.6689326938440767e-01
346	1.3507818074126213e-01	1.5844460969510854e+00	9.6689326938440778e-01
347	1.4508397190728153e-01	1.7018124745030174e+00	9.6689326938440789e-01
348	1.5508976307330091e-01	1.8191788520549497e+00	9.6689326938440789e-01
349	1.6509555423932035e-01	1.9365452296068819e+00	9.6689326938440789e-01
350	1.7510134540533975e-01	2.0539116071588142e+00	9.6689326938440789e-01
351	1.8510713657135913e-01	2.1712779847107471e+00	9.6689326938440789e-01
352	1.9511292773737859e-01	2.2886443622626786e+00	9.6689326938440789e-01
353	2.0511871890339800e-01	2.4060107398146111e+00	9.6689326938440789e-01
354	2.1512451006941738e-01	2.5233771173665431e+00	9.6689326938440789e-01
355	2.2513030123543679e-01	2.6407434949184756e+00	9.6689326938440789e-01
356	2.3513609240145619e-01	2.7581098724704076e+00	9.6689326938440789e-01
357	2.4514188356747563e-01	2.8754762500223401e+00	9.6689326938440789e-01
358	2.5181241101148860e-01	2.9537205017236285e+00	9.6689326938440789e-01
359	2.5514767473349503e-01	2.9928426275742726e+00	9.6689326938440789e-01
360	2.8051881849221208e-02	1.0000000000000000e+00	9.8851399141908025e-01
361	2.9151955647229888e-02	1.0392156862745101e+00	9.8851399141908025e-01
362	3.1352103243247234e-02	1.1176470588235294e+00	9.8851399141908014e-01
363	3.4652324637273260e-02	1.2352941176470589e+00	9.8851399141908003e-01
364	3.7952546031299286e-02	1.3529411764705881e+00	9.8851399141908014e-01
365	4.1252767425325312e-02	1.4705882352941178e+00	9.8851399141908003e-01
366	4.4552988819351332e-02	1.5882352941176467e+00	9.8851399141908014e-01
367	4.7853210213377358e-02	1.7058823529411762e+00	9.8851399141908025e-01
368	5.1153431607403370e-02	1.8235294117647061e+00	9.8851399141908025e-01
369	5.4453653001429410e-02	1.9411764705882351e+00	9.8851399141908025e-01
370	5.7753874395455436e-02	2.0588235294117645e+00	9.8851399141908025e-01
371	6.1054095789481455e-02	2.1764705882352944e+00	9.8851399141908025e-01
372	6.4354317183507481e-02	2.2941176470588234e+00	9.8851399141908025e-01
373	6.7654538577533507e-02	2.4117647058823528e+00	9.8851399141908025e-01
374	7.0954759971559520e-02	2.5294117647058827e+00	9.8851399141908025e-01
375	7.4254981365585532e-02	2.6470588235294117e+00	9.8851399141908025e-01
376	7.7555202759611558e-02	2.7647058823529407e+00	9.8851399141908025e-01
377	8.0855424153637598e-02	2.8823529411764706e+00	9.8851399141908025e-01
378	8.3055571749654958e-02	2.9607843137254899e+00	9.8851399141908025e-01
379	8.4155645547663624e-02	3.0000000000000000e+00	9.8851399141908025e-01
380	0.0000000000000000e+00	1.0000000000000000e+00	1.0000000000000000e+00
381	0.0000000000000000e+00	1.0392156862745099e+00	1.0000000000000000e+00
382	0.0000000000000000e+00	1.1176470588235297e+00	9.9999999999999989e-01
383	0.0000000000000000e+00	1.2352941176470587e+00	9.9999999999999978e-01
384	0.0000000000000000e+00	1.3529411764705881e+00	9.9999999999999989e-01
385	0.0000000000000000e+00	1.4705882352941175e+00	9.9999999999999978e-01
386	0.0000000000000000e+00	1.5882352941176470e+00	9.9999999999999989e-01
387	0.0000000000000000e+00	1.7058823529411762e+00	1.0000000000000000e+00
388	0.0000000000000000e+00	1.8235294117647058e+00	1.0000000000000000e+00
389	0.0000000000000000e+00	1.9411764705882351e+00	1.0000000000000000e+00
390	0.0000000000000000e+00	2.0588235294117645e+00	1.0000000000000000e+00
391	0.0000000000000000e+00	2.1764705882352944e+00	1.0000000000000000e+00
392	0.0000000000000000e+00	2.2941176470588234e+00	1.0000000000000000e+00
393	0.0000000000000000e+00	2.4117647058823528e+00	1.0000000000000000e+00
394	0.0000000000000000e+00	2.5294117647058822e+00	1.0000000000000000e+00
395	0.0000000000000000e+00	2.6470588235294117e+00	1.0000000000000000e+00
396	0.0000000000000000e+00	2.7647058823529407e+00	1.0000000000000000e+00
397	0.0000000000000000e+00	2.8823529411764706e+00	1.0000000000000000e+00
398	0.0000000000000000e+00	2.9607843137254899e+00	1.0000000000000000e+00
399	0.0000000000000000e+00	3.0000000000000000e+00	1.0000000000000000e+00

0   1   0.0
1   1   0.0
2   1   0.0
3   1   0.0
4   1   0.0
5   1   0.0
6   1   0.0
7   1   0.0
8   1   0.0
9   1   0.0
10  1   0.0
11  1   0.0
12  1   0.0
13  1   0.0
14  1   0.0
15  1   0.0
16  1   0.0
17  1   0.0
18  1   0.0
19  1   0.0
39  1   0.0
59  1   0.0
79  1   0.0
99  1   0.0
119 1   0.0
139 1   0.0
159 1   0.0
179 1   0.0
199 1   0.0
219 1   0.0
239 1   0.0
259 1   0.0
279 1   0.0
299 1   0.0
319 1   0.0
339 1   0.0
359 1   0.0
379 1   0.0
399 1   0.0
19  0   0.0
39  0   0.0
59  0   0.0
79  0   0.0
99  0   0.0
119 0   0.0
139 0   0.0
159 0   0.0
179 0   0.0
199 0   0.0
219 0   0.0
239 0   0.0
259 0   0.0
279 0   0.0
299 0   0.0
319 0   0.0
339 0   0.0
359 0   0.0
379 0   0.0
380 0   0.0
381 0   0.0
382 0   0.0
383 0   0.0
384 0   0.0
385 0   0.0
386 0   0.0
387 0   0.0
388 0   0.0
389 0   0.0
390 0   0.0
391 0   0.0
392 0   0.0
393 0   0.0
394 0   0.0
395 0   0.0
396 0   0.0
397 0   0.0
398 0   0.0
399 0   0.0