206000  0.3

1

100

3	3

14	14

10	10

0   1   2   3   4   5   6   7   8   9   10   11   12   13   14   15   16   17   18   19   20   21   22   23   24   25   26   27   28   29   30   31   32   33   34   35   36   37   38   39   40   41   42   43   44   45   46   47   48   49   50   51   52   53   54   55   56   57   58   59   60   61   62   63   64   65   66   67   68   69   70   71   72   73   74   75   76   77   78   79   80   81   82   83   84   85   86   87   88   89   90   91   92   93   94   95   96   97   98   99

38  0   0

0.0000000000000000e+00	0.0000000000000000e+00	0.0000000000000000e+00	0.0000000000000000e+00	1.4285714285714285e-01	2.8571428571428570e-01	4.2857142857142855e-01	5.7142857142857140e-01	7.1428571428571430e-01	8.5714285714285710e-01	1.0000000000000000e+00	1.0000000000000000e+00	1.0000000000000000e+00	1.0000000000000000e+00
0.0000000000000000e+00	0.0000000000000000e+00	0.0000000000000000e+00	0.0000000000000000e+00	1.4285714285714285e-01	2.8571428571428570e-01	4.2857142857142855e-01	5.7142857142857140e-01	7.1428571428571430e-01	8.5714285714285710e-01	1.0000000000000000e+00	1.0000000000000000e+00	1.0000000000000000e+00	1.0000000000000000e+00

0	1.0000000000000000e+00	0.0000000000000000e+00	1.0000000000000000e+00
1	1.0952380952380953e+00	0.0000000000000000e+00	1.0000000000000000e+00
2	1.2857142857142856e+00	0.0000000000000000e+00	1.0000000000000000e+00
3	1.5714285714285714e+00	0.0000000000000000e+00	9.9999999999999989e-01
4	1.8571428571428568e+00	0.0000000000000000e+00	1.0000000000000000e+00
5	2.1428571428571428e+00	0.0000000000000000e+00	1.0000000000000000e+00
6	2.4285714285714279e+00	0.0000000000000000e+00	1.0000000000000000e+00
7	2.7142857142857144e+00	0.0000000000000000e+00	1.0000000000000000e+00
8	2.9047619047619047e+00	0.0000000000000000e+00	1.0000000000000000e+00
9	3.0000000000000000e+00	0.0000000000000000e+00	1.0000000000000000e+00
10	1.0000000000000000e+00	6.9275926699411725e-02	9.7210540773205223e-01
11	1.0952380952380953e+00	7.5873634004117604e-02	9.7210540773205223e-01
12	1.2857142857142856e+00	8.9069048613529378e-02	9.7210540773205223e-01
13	1.5714285714285714e+00	1.0886217052764699e-01	9.7210540773205212e-01
14	1.8571428571428568e+00	1.2865529244176460e-01	9.7210540773205223e-01
15	2.1428571428571428e+00	1.4844841435588227e-01	9.7210540773205223e-01
16	2.4285714285714279e+00	1.6824153626999985e-01	9.7210540773205223e-01
17	2.7142857142857144e+00	1.8803465818411749e-01	9.7210540773205223e-01
18	2.9047619047619047e+00	2.0123007279352928e-01	9.7210540773205223e-01
19	3.0000000000000000e+00	2.0782778009823516e-01	9.7210540773205223e-01
20	9.8528005335336311e-01	2.1248285440492004e-01	9.2428610670128442e-01
21	1.0791162489108261e+00	2.3271931672919810e-01	9.2428610670128453e-01
22	1.2667886400257522e+00	2.7319224137775439e-01	9.2428610670128442e-01
23	1.5482972266981421e+00	3.3390162835058868e-01	9.2428610670128419e-01
24	1.8298058133705308e+00	3.9461101532342285e-01	9.2428610670128442e-01
25	2.1113144000429207e+00	4.5532040229625725e-01	9.2428610670128442e-01
26	2.3928229867153097e+00	5.1602978926909138e-01	9.2428610670128442e-01
27	2.6743315733877000e+00	5.7673917624192572e-01	9.2428610670128442e-01
28	2.8620039645026263e+00	6.1721210089048195e-01	9.2428610670128442e-01
29	2.9558401600600890e+00	6.3744856321476007e-01	9.2428610670128442e-01
30	9.1462319908904877e-01	4.2564697568996424e-01	8.7646680567051660e-01
31	1.0017301704308628e+00	4.6618478289853221e-01	8.7646680567051671e-01
32	1.1759441131144910e+00	5.4726039731566833e-01	8.7646680567051660e-01
33	1.4372650271399341e+00	6.6887381894137243e-01	8.7646680567051638e-01
34	1.6985859411653759e+00	7.9048724056707620e-01	8.7646680567051660e-01
35	1.9599068551908188e+00	9.1210066219278052e-01	8.7646680567051660e-01
36	2.2212277692162608e+00	1.0337140838184844e+00	8.7646680567051660e-01
37	2.4825486832417036e+00	1.1553275054441885e+00	8.7646680567051660e-01
38	2.6567626259253321e+00	1.2364031198613246e+00	8.7646680567051660e-01
39	2.7438695972671465e+00	1.2769409270698924e+00	8.7646680567051660e-01
40	7.9254089039093678e-01	6.2497776339900124e-01	8.5255715515513286e-01
41	8.6802097519007371e-01	6.8449945515128729e-01	8.5255715515513286e-01
42	1.0189811447883474e+00	8.0354283865585885e-01	8.5255715515513286e-01
43	1.2454213991857581e+00	9.8210791391271646e-01	8.5255715515513253e-01
44	1.4718616535831683e+00	1.1606729891695735e+00	8.5255715515513286e-01
45	1.6983019079805788e+00	1.3392380644264310e+00	8.5255715515513286e-01
46	1.9247421623779895e+00	1.5178031396832885e+00	8.5255715515513286e-01
47	2.1511824167753999e+00	1.6963682149401458e+00	8.5255715515513286e-01
48	2.3021425863736740e+00	1.8154115984447177e+00	8.5255715515513286e-01
49	2.3776226711728108e+00	1.8749332901970035e+00	8.5255715515513286e-01
50	6.2497776339900124e-01	7.9254089039093689e-01	8.5255715515513286e-01
51	6.8449945515128707e-01	8.6802097519007382e-01	8.5255715515513286e-01
52	8.0354283865585885e-01	1.0189811447883474e+00	8.5255715515513286e-01
53	9.8210791391271668e-01	1.2454213991857581e+00	8.5255715515513253e-01
54	1.1606729891695737e+00	1.4718616535831681e+00	8.5255715515513286e-01
55	1.3392380644264310e+00	1.6983019079805788e+00	8.5255715515513286e-01
56	1.5178031396832885e+00	1.9247421623779892e+00	8.5255715515513286e-01
57	1.6963682149401464e+00	2.1511824167753999e+00	8.5255715515513286e-01
58	1.8154115984447177e+00	2.3021425863736740e+00	8.5255715515513286e-01
59	1.8749332901970035e+00	2.3776226711728108e+00	8.5255715515513286e-01
60	4.2564697568996418e-01	9.1462319908904866e-01	8.7646680567051671e-01
61	4.6618478289853221e-01	1.0017301704308630e+00	8.7646680567051671e-01
62	5.4726039731566822e-01	1.1759441131144912e+00	8.7646680567051671e-01
63	6.6887381894137243e-01	1.4372650271399339e+00	8.7646680567051649e-01
64	7.9048724056707620e-01	1.6985859411653756e+00	8.7646680567051671e-01
65	9.1210066219278030e-01	1.9599068551908183e+00	8.7646680567051671e-01
66	1.0337140838184844e+00	2.2212277692162608e+00	8.7646680567051671e-01
67	1.1553275054441887e+00	2.4825486832417036e+00	8.7646680567051671e-01
68	1.2364031198613243e+00	2.6567626259253316e+00	8.7646680567051671e-01
69	1.2769409270698926e+00	2.7438695972671456e+00	8.7646680567051671e-01
70	2.1248285440492004e-01	9.8528005335336299e-01	9.2428610670128442e-01
71	2.3271931672919818e-01	1.0791162489108264e+00	9.2428610670128442e-01
72	2.7319224137775427e-01	1.2667886400257522e+00	9.2428610670128442e-01
73	3.3390162835058868e-01	1.5482972266981421e+00	9.2428610670128419e-01
74	3.9461101532342285e-01	1.8298058133705308e+00	9.2428610670128442e-01
75	4.5532040229625714e-01	2.1113144000429207e+00	9.2428610670128442e-01
76	5.1602978926909149e-01	2.3928229867153097e+00	9.2428610670128442e-01
77	5.7673917624192572e-01	2.6743315733876996e+00	9.2428610670128442e-01
78	6.1721210089048195e-01	2.8620039645026258e+00	9.2428610670128442e-01
79	6.3744856321476007e-01	2.9558401600600890e+00	9.2428610670128442e-01
80	6.9275926699411738e-02	1.0000000000000000e+00	9.7210540773205212e-01
81	7.5873634004117632e-02	1.0952380952380953e+00	9.7210540773205212e-01
82	8.9069048613529392e-02	1.2857142857142858e+00	9.7210540773205212e-01
83	1.0886217052764705e-01	1.5714285714285714e+00	9.7210540773205201e-01
84	1.2865529244176468e-01	1.8571428571428568e+00	9.7210540773205212e-01
85	1.4844841435588232e-01	2.1428571428571428e+00	9.7210540773205212e-01
86	1.6824153626999994e-01	2.4285714285714279e+00	9.7210540773205212e-01
87	1.8803465818411760e-01	2.7142857142857144e+00	9.7210540773205212e-01
88	2.0123007279352934e-01	2.9047619047619047e+00	9.7210540773205212e-01
89	2.0782778009823522e-01	3.0000000000000000e+00	9.7210540773205212e-01
90	0.0000000000000000e+00	1.0000000000000000e+00	1.0000000000000000e+00
91	0.0000000000000000e+00	1.0952380952380953e+00	1.0000000000000000e+00
92	0.0000000000000000e+00	1.2857142857142856e+00	1.0000000000000000e+00
93	0.0000000000000000e+00	1.5714285714285714e+00	9.9999999999999989e-01
94	0.0000000000000000e+00	1.8571428571428568e+00	1.0000000000000000e+00
95	0.0000000000000000e+00	2.1428571428571428e+00	1.0000000000000000e+00
96	0.0000000000000000e+00	2.4285714285714279e+00	1.0000000000000000e+00
97	0.0000000000000000e+00	2.7142857142857144e+00	1.0000000000000000e+00
98	0.0000000000000000e+00	2.9047619047619047e+00	1.0000000000000000e+00
99	0.0000000000000000e+00	3.0000000000000000e+00	1.0000000000000000e+00

0   1   0.0
1   1   0.0
2   1   0.0
3   1   0.0
4   1   0.0
5   1   0.0
6   1   0.0
7   1   0.0
8   1   0.0
9   1   0.0
19  1   0.0
29  1   0.0
39  1   0.0
49  1   0.0
59  1   0.0
69  1   0.0
79  1   0.0
89  1   0.0
99  1   0.0
9   0   0.0
19  0   0.0
29  0   0.0
39  0   0.0
49  0   0.0
59  0   0.0
69  0   0.0
79  0   0.0
89  0   0.0
90  0   0.0
91  0   0.0
92  0   0.0
93  0   0.0
94  0   0.0
95  0   0.0
96  0   0.0
97  0   0.0
98  0   0.0
99  0   0.0