206000  0.3

1

900

3	3

34	34

30	30

0   1   2   3   4   5   6   7   8   9   10   11   12   13   14   15   16   17   18   19   20   21   22   23   24   25   26   27   28   29   30   31   32   33   34   35   36   37   38   39   40   41   42   43   44   45   46   47   48   49   50   51   52   53   54   55   56   57   58   59   60   61   62   63   64   65   66   67   68   69   70   71   72   73   74   75   76   77   78   79   80   81   82   83   84   85   86   87   88   89   90   91   92   93   94   95   96   97   98   99   100   101   102   103   104   105   106   107   108   109   110   111   112   113   114   115   116   117   118   119   120   121   122   123   124   125   126   127   128   129   130   131   132   133   134   135   136   137   138   139   140   141   142   143   144   145   146   147   148   149   150   151   152   153   154   155   156   157   158   159   160   161   162   163   164   165   166   167   168   169   170   171   172   173   174   175   176   177   178   179   180   181   182   183   184   185   186   187   188   189   190   191   192   193   194   195   196   197   198   199   200   201   202   203   204   205   206   207   208   209   210   211   212   213   214   215   216   217   218   219   220   221   222   223   224   225   226   227   228   229   230   231   232   233   234   235   236   237   238   239   240   241   242   243   244   245   246   247   248   249   250   251   252   253   254   255   256   257   258   259   260   261   262   263   264   265   266   267   268   269   270   271   272   273   274   275   276   277   278   279   280   281   282   283   284   285   286   287   288   289   290   291   292   293   294   295   296   297   298   299   300   301   302   303   304   305   306   307   308   309   310   311   312   313   314   315   316   317   318   319   320   321   322   323   324   325   326   327   328   329   330   331   332   333   334   335   336   337   338   339   340   341   342   343   344   345   346   347   348   349   350   351   352   353   354   355   356   357   358   359   360   361   362   363   364   365   366   367   368   369   370   371   372   373   374   375   376   377   378   379   380   381   382   383   384   385   386   387   388   389   390   391   392   393   394   395   396   397   398   399   400   401   402   403   404   405   406   407   408   409   410   411   412   413   414   415   416   417   418   419   420   421   422   423   424   425   426   427   428   429   430   431   432   433   434   435   436   437   438   439   440   441   442   443   444   445   446   447   448   449   450   451   452   453   454   455   456   457   458   459   460   461   462   463   464   465   466   467   468   469   470   471   472   473   474   475   476   477   478   479   480   481   482   483   484   485   486   487   488   489   490   491   492   493   494   495   496   497   498   499   500   501   502   503   504   505   506   507   508   509   510   511   512   513   514   515   516   517   518   519   520   521   522   523   524   525   526   527   528   529   530   531   532   533   534   535   536   537   538   539   540   541   542   543   544   545   546   547   548   549   550   551   552   553   554   555   556   557   558   559   560   561   562   563   564   565   566   567   568   569   570   571   572   573   574   575   576   577   578   579   580   581   582   583   584   585   586   587   588   589   590   591   592   593   594   595   596   597   598   599   600   601   602   603   604   605   606   607   608   609   610   611   612   613   614   615   616   617   618   619   620   621   622   623   624   625   626   627   628   629   630   631   632   633   634   635   636   637   638   639   640   641   642   643   644   645   646   647   648   649   650   651   652   653   654   655   656   657   658   659   660   661   662   663   664   665   666   667   668   669   670   671   672   673   674   675   676   677   678   679   680   681   682   683   684   685   686   687   688   689   690   691   692   693   694   695   696   697   698   699   700   701   702   703   704   705   706   707   708   709   710   711   712   713   714   715   716   717   718   719   720   721   722   723   724   725   726   727   728   729   730   731   732   733   734   735   736   737   738   739   740   741   742   743   744   745   746   747   748   749   750   751   752   753   754   755   756   757   758   759   760   761   762   763   764   765   766   767   768   769   770   771   772   773   774   775   776   777   778   779   780   781   782   783   784   785   786   787   788   789   790   791   792   793   794   795   796   797   798   799   800   801   802   803   804   805   806   807   808   809   810   811   812   813   814   815   816   817   818   819   820   821   822   823   824   825   826   827   828   829   830   831   832   833   834   835   836   837   838   839   840   841   842   843   844   845   846   847   848   849   850   851   852   853   854   855   856   857   858   859   860   861   862   863   864   865   866   867   868   869   870   871   872   873   874   875   876   877   878   879   880   881   882   883   884   885   886   887   888   889   890   891   892   893   894   895   896   897   898   899

118 0   0

0.0000000000000000e+00	0.0000000000000000e+00	0.0000000000000000e+00	0.0000000000000000e+00	3.7037037037037035e-02	7.4074074074074070e-02	1.1111111111111110e-01	1.4814814814814814e-01	1.8518518518518517e-01	2.2222222222222221e-01	2.5925925925925924e-01	2.9629629629629628e-01	3.3333333333333331e-01	3.7037037037037035e-01	4.0740740740740738e-01	4.4444444444444442e-01	4.8148148148148145e-01	5.1851851851851849e-01	5.5555555555555558e-01	5.9259259259259256e-01	6.2962962962962965e-01	6.6666666666666663e-01	7.0370370370370372e-01	7.4074074074074070e-01	7.7777777777777779e-01	8.1481481481481477e-01	8.5185185185185186e-01	8.8888888888888884e-01	9.2592592592592593e-01	9.6296296296296291e-01	1.0000000000000000e+00	1.0000000000000000e+00	1.0000000000000000e+00	1.0000000000000000e+00
0.0000000000000000e+00	0.0000000000000000e+00	0.0000000000000000e+00	0.0000000000000000e+00	3.7037037037037035e-02	7.4074074074074070e-02	1.1111111111111110e-01	1.4814814814814814e-01	1.8518518518518517e-01	2.2222222222222221e-01	2.5925925925925924e-01	2.9629629629629628e-01	3.3333333333333331e-01	3.7037037037037035e-01	4.0740740740740738e-01	4.4444444444444442e-01	4.8148148148148145e-01	5.1851851851851849e-01	5.5555555555555558e-01	5.9259259259259256e-01	6.2962962962962965e-01	6.6666666666666663e-01	7.0370370370370372e-01	7.4074074074074070e-01	7.7777777777777779e-01	8.1481481481481477e-01	8.5185185185185186e-01	8.8888888888888884e-01	9.2592592592592593e-01	9.6296296296296291e-01	1.0000000000000000e+00	1.0000000000000000e+00	1.0000000000000000e+00	1.0000000000000000e+00

0	1.0000000000000000e+00	0.0000000000000000e+00	1.0000000000000000e+00
1	1.0246913580246915e+00	0.0000000000000000e+00	1.0000000000000000e+00
2	1.0740740740740742e+00	0.0000000000000000e+00	1.0000000000000000e+00
3	1.1481481481481481e+00	0.0000000000000000e+00	1.0000000000000000e+00
4	1.2222222222222223e+00	0.0000000000000000e+00	9.9999999999999989e-01
5	1.2962962962962963e+00	0.0000000000000000e+00	1.0000000000000000e+00
6	1.3703703703703705e+00	0.0000000000000000e+00	1.0000000000000000e+00
7	1.4444444444444444e+00	0.0000000000000000e+00	1.0000000000000000e+00
8	1.5185185185185186e+00	0.0000000000000000e+00	9.9999999999999989e-01
9	1.5925925925925926e+00	0.0000000000000000e+00	1.0000000000000000e+00
10	1.6666666666666665e+00	0.0000000000000000e+00	1.0000000000000000e+00
11	1.7407407407407403e+00	0.0000000000000000e+00	1.0000000000000002e+00
12	1.8148148148148149e+00	0.0000000000000000e+00	9.9999999999999989e-01
13	1.8888888888888888e+00	0.0000000000000000e+00	1.0000000000000000e+00
14	1.9629629629629628e+00	0.0000000000000000e+00	1.0000000000000000e+00
15	2.0370370370370368e+00	0.0000000000000000e+00	1.0000000000000000e+00
16	2.1111111111111112e+00	0.0000000000000000e+00	9.9999999999999989e-01
17	2.1851851851851851e+00	0.0000000000000000e+00	1.0000000000000000e+00
18	2.2592592592592595e+00	0.0000000000000000e+00	9.9999999999999989e-01
19	2.3333333333333330e+00	0.0000000000000000e+00	1.0000000000000000e+00
20	2.4074074074074074e+00	0.0000000000000000e+00	1.0000000000000000e+00
21	2.4814814814814814e+00	0.0000000000000000e+00	1.0000000000000000e+00
22	2.5555555555555554e+00	0.0000000000000000e+00	1.0000000000000000e+00
23	2.6296296296296298e+00	0.0000000000000000e+00	1.0000000000000000e+00
24	2.7037037037037037e+00	0.0000000000000000e+00	1.0000000000000000e+00
25	2.7777777777777777e+00	0.0000000000000000e+00	1.0000000000000000e+00
26	2.8518518518518516e+00	0.0000000000000000e+00	1.0000000000000000e+00
27	2.9259259259259260e+00	0.0000000000000000e+00	1.0000000000000000e+00
28	2.9753086419753085e+00	0.0000000000000000e+00	1.0000000000000000e+00
29	3.0000000000000000e+00	0.0000000000000000e+00	1.0000000000000000e+00
30	1.0000000000000000e+00	1.7586611865278816e-02	9.9276806867127287e-01
31	1.0246913580246915e+00	1.8020849195285699e-02	9.9276806867127287e-01
32	1.0740740740740742e+00	1.8889323855299470e-02	9.9276806867127287e-01
33	1.1481481481481481e+00	2.0192035845320120e-02	9.9276806867127287e-01
34	1.2222222222222223e+00	2.1494747835340767e-02	9.9276806867127276e-01
35	1.2962962962962965e+00	2.2797459825361424e-02	9.9276806867127287e-01
36	1.3703703703703705e+00	2.4100171815382078e-02	9.9276806867127287e-01
37	1.4444444444444444e+00	2.5402883805402735e-02	9.9276806867127287e-01
38	1.5185185185185184e+00	2.6705595795423386e-02	9.9276806867127276e-01
39	1.5925925925925926e+00	2.8008307785444036e-02	9.9276806867127287e-01
40	1.6666666666666665e+00	2.9311019775464690e-02	9.9276806867127287e-01
41	1.7407407407407400e+00	3.0613731765485340e-02	9.9276806867127310e-01
42	1.8148148148148147e+00	3.1916443755505994e-02	9.9276806867127276e-01
43	1.8888888888888891e+00	3.3219155745526648e-02	9.9276806867127287e-01
44	1.9629629629629628e+00	3.4521867735547294e-02	9.9276806867127287e-01
45	2.0370370370370368e+00	3.5824579725567948e-02	9.9276806867127287e-01
46	2.1111111111111112e+00	3.7127291715588616e-02	9.9276806867127276e-01
47	2.1851851851851851e+00	3.8430003705609263e-02	9.9276806867127287e-01
48	2.2592592592592591e+00	3.9732715695629910e-02	9.9276806867127276e-01
49	2.3333333333333330e+00	4.1035427685650563e-02	9.9276806867127287e-01
50	2.4074074074074074e+00	4.2338139675671210e-02	9.9276806867127287e-01
51	2.4814814814814814e+00	4.3640851665691871e-02	9.9276806867127287e-01
52	2.5555555555555554e+00	4.4943563655712511e-02	9.9276806867127287e-01
53	2.6296296296296293e+00	4.6246275645733179e-02	9.9276806867127287e-01
54	2.7037037037037033e+00	4.7548987635753839e-02	9.9276806867127287e-01
55	2.7777777777777772e+00	4.8851699625774486e-02	9.9276806867127287e-01
56	2.8518518518518512e+00	5.0154411615795126e-02	9.9276806867127287e-01
57	2.9259259259259260e+00	5.1457123605815780e-02	9.9276806867127287e-01
58	2.9753086419753085e+00	5.2325598265829554e-02	9.9276806867127287e-01
59	3.0000000000000004e+00	5.2759835595836434e-02	9.9276806867127287e-01
60	9.9906573614609617e-01	5.3123584068423560e-02	9.7883990463076120e-01
61	1.0237340259274812e+00	5.4435277502211790e-02	9.7883990463076120e-01
62	1.0730706054902515e+00	5.7058664369788271e-02	9.7883990463076120e-01
63	1.1470754748344067e+00	6.0993744671152976e-02	9.7883990463076120e-01
64	1.2210803441785618e+00	6.4928824972517674e-02	9.7883990463076109e-01
65	1.2950852135227171e+00	6.8863905273882378e-02	9.7883990463076120e-01
66	1.3690900828668724e+00	7.2798985575247097e-02	9.7883990463076120e-01
67	1.4430949522110279e+00	7.6734065876611815e-02	9.7883990463076120e-01
68	1.5170998215551832e+00	8.0669146177976506e-02	9.7883990463076109e-01
69	1.5911046908993380e+00	8.4604226479341224e-02	9.7883990463076120e-01
70	1.6651095602434933e+00	8.8539306780705915e-02	9.7883990463076120e-01
71	1.7391144295876484e+00	9.2474387082070633e-02	9.7883990463076143e-01
72	1.8131192989318041e+00	9.6409467383435352e-02	9.7883990463076109e-01
73	1.8871241682759592e+00	1.0034454768480007e-01	9.7883990463076120e-01
74	1.9611290376201143e+00	1.0427962798616475e-01	9.7883990463076120e-01
75	2.0351339069642695e+00	1.0821470828752947e-01	9.7883990463076120e-01
76	2.1091387763084248e+00	1.1214978858889421e-01	9.7883990463076109e-01
77	2.1831436456525806e+00	1.1608486889025889e-01	9.7883990463076120e-01
78	2.2571485149967354e+00	1.2001994919162361e-01	9.7883990463076109e-01
79	2.3311533843408907e+00	1.2395502949298830e-01	9.7883990463076120e-01
80	2.4051582536850460e+00	1.2789010979435297e-01	9.7883990463076120e-01
81	2.4791631230292013e+00	1.3182519009571775e-01	9.7883990463076120e-01
82	2.5531679923733566e+00	1.3576027039708241e-01	9.7883990463076120e-01
83	2.6271728617175119e+00	1.3969535069844713e-01	9.7883990463076120e-01
84	2.7011777310616676e+00	1.4363043099981185e-01	9.7883990463076120e-01
85	2.7751826004058224e+00	1.4756551130117654e-01	9.7883990463076120e-01
86	2.8491874697499773e+00	1.5150059160254126e-01	9.7883990463076120e-01
87	2.9231923390941335e+00	1.5543567190390595e-01	9.7883990463076120e-01
88	2.9725289186569035e+00	1.5805905877148244e-01	9.7883990463076120e-01
89	2.9971972084382879e+00	1.5937075220527067e-01	9.7883990463076120e-01
90	9.9475827611094525e-01	1.0700085744647139e-01	9.5955475442082172e-01
91	1.0193202088544253e+00	1.0964285392663115e-01	9.5955475442082183e-01
92	1.0684440743413857e+00	1.1492684688695073e-01	9.5955475442082183e-01
93	1.1421298725718259e+00	1.2285283632743010e-01	9.5955475442082172e-01
94	1.2158156708022665e+00	1.3077882576790945e-01	9.5955475442082172e-01
95	1.2895014690327065e+00	1.3870481520838882e-01	9.5955475442082172e-01
96	1.3631872672631473e+00	1.4663080464886818e-01	9.5955475442082183e-01
97	1.4368730654935873e+00	1.5455679408934758e-01	9.5955475442082183e-01
98	1.5105588637240279e+00	1.6248278352982690e-01	9.5955475442082172e-01
99	1.5842446619544686e+00	1.7040877297030629e-01	9.5955475442082172e-01
100	1.6579304601849083e+00	1.7833476241078564e-01	9.5955475442082183e-01
101	1.7316162584153485e+00	1.8626075185126495e-01	9.5955475442082194e-01
102	1.8053020566457894e+00	1.9418674129174437e-01	9.5955475442082172e-01
103	1.8789878548762300e+00	2.0211273073222372e-01	9.5955475442082183e-01
104	1.9526736531066700e+00	2.1003872017270303e-01	9.5955475442082183e-01
105	2.0263594513371106e+00	2.1796470961318240e-01	9.5955475442082183e-01
106	2.1000452495675512e+00	2.2589069905366185e-01	9.5955475442082172e-01
107	2.1737310477979914e+00	2.3381668849414117e-01	9.5955475442082172e-01
108	2.2474168460284321e+00	2.4174267793462054e-01	9.5955475442082172e-01
109	2.3211026442588722e+00	2.4966866737509988e-01	9.5955475442082172e-01
110	2.3947884424893129e+00	2.5759465681557925e-01	9.5955475442082172e-01
111	2.4684742407197531e+00	2.6552064625605865e-01	9.5955475442082172e-01
112	2.5421600389501928e+00	2.7344663569653793e-01	9.5955475442082172e-01
113	2.6158458371806339e+00	2.8137262513701733e-01	9.5955475442082172e-01
114	2.6895316354110745e+00	2.8929861457749667e-01	9.5955475442082172e-01
115	2.7632174336415138e+00	2.9722460401797612e-01	9.5955475442082183e-01
116	2.8369032318719549e+00	3.0515059345845541e-01	9.5955475442082172e-01
117	2.9105890301023956e+00	3.1307658289893470e-01	9.5955475442082172e-01
118	2.9597128955893552e+00	3.1836057585925431e-01	9.5955475442082172e-01
119	2.9842748283328362e+00	3.2100257233941409e-01	9.5955475442082172e-01
120	9.8737793212132841e-01	1.6160341436670247e-01	9.4187670006171087e-01
121	1.0117576341490155e+00	1.6559362212884332e-01	9.4187670006171087e-01
122	1.0605170382043898e+00	1.7357403765312493e-01	9.4187670006171087e-01
123	1.1336561442874511e+00	1.8554466093954730e-01	9.4187670006171087e-01
124	1.2067952503705126e+00	1.9751528422596973e-01	9.4187670006171065e-01
125	1.2799343564535737e+00	2.0948590751239210e-01	9.4187670006171087e-01
126	1.3530734625366352e+00	2.2145653079881455e-01	9.4187670006171087e-01
127	1.4262125686196967e+00	2.3342715408523698e-01	9.4187670006171087e-01
128	1.4993516747027580e+00	2.4539777737165938e-01	9.4187670006171065e-01
129	1.5724907807858193e+00	2.5736840065808175e-01	9.4187670006171087e-01
130	1.6456298868688806e+00	2.6933902394450415e-01	9.4187670006171087e-01
131	1.7187689929519421e+00	2.8130964723092661e-01	9.4187670006171087e-01
132	1.7919080990350036e+00	2.9328027051734901e-01	9.4187670006171065e-01
133	1.8650472051180647e+00	3.0525089380377135e-01	9.4187670006171087e-01
134	1.9381863112011257e+00	3.1722151709019381e-01	9.4187670006171087e-01
135	2.0113254172841875e+00	3.2919214037661626e-01	9.4187670006171087e-01
136	2.0844645233672487e+00	3.4116276366303872e-01	9.4187670006171065e-01
137	2.1576036294503100e+00	3.5313338694946100e-01	9.4187670006171087e-01
138	2.2307427355333713e+00	3.6510401023588351e-01	9.4187670006171065e-01
139	2.3038818416164326e+00	3.7707463352230575e-01	9.4187670006171087e-01
140	2.3770209476994943e+00	3.8904525680872820e-01	9.4187670006171087e-01
141	2.4501600537825556e+00	4.0101588009515066e-01	9.4187670006171087e-01
142	2.5232991598656165e+00	4.1298650338157294e-01	9.4187670006171087e-01
143	2.5964382659486787e+00	4.2495712666799540e-01	9.4187670006171087e-01
144	2.6695773720317399e+00	4.3692774995441791e-01	9.4187670006171087e-01
145	2.7427164781148012e+00	4.4889837324084031e-01	9.4187670006171087e-01
146	2.8158555841978621e+00	4.6086899652726260e-01	9.4187670006171087e-01
147	2.8889946902809243e+00	4.7283961981368505e-01	9.4187670006171087e-01
148	2.9377540943362979e+00	4.8082003533796674e-01	9.4187670006171087e-01
149	2.9621337963639855e+00	4.8481024310010751e-01	9.4187670006171087e-01
150	9.7678711044409983e-01	2.1668845030515416e-01	9.2580574155342810e-01
151	1.0009053107019790e+00	2.2203878241145422e-01	9.2580574155342821e-01
152	1.0491417112177368e+00	2.3273944662405444e-01	9.2580574155342821e-01
153	1.1214963119913737e+00	2.4879044294295480e-01	9.2580574155342810e-01
154	1.1938509127650108e+00	2.6484143926185505e-01	9.2580574155342810e-01
155	1.2662055135386481e+00	2.8089243558075538e-01	9.2580574155342810e-01
156	1.3385601143122849e+00	2.9694343189965566e-01	9.2580574155342832e-01
157	1.4109147150859220e+00	3.1299442821855600e-01	9.2580574155342821e-01
158	1.4832693158595591e+00	3.2904542453745628e-01	9.2580574155342810e-01
159	1.5556239166331964e+00	3.4509642085635667e-01	9.2580574155342810e-01
160	1.6279785174068329e+00	3.6114741717525689e-01	9.2580574155342821e-01
161	1.7003331181804699e+00	3.7719841349415723e-01	9.2580574155342832e-01
162	1.7726877189541073e+00	3.9324940981305750e-01	9.2580574155342810e-01
163	1.8450423197277441e+00	4.0930040613195778e-01	9.2580574155342821e-01
164	1.9173969205013808e+00	4.2535140245085806e-01	9.2580574155342821e-01
165	1.9897515212750176e+00	4.4140239876975845e-01	9.2580574155342821e-01
166	2.0621061220486552e+00	4.5745339508865884e-01	9.2580574155342810e-01
167	2.1344607228222925e+00	4.7350439140755907e-01	9.2580574155342810e-01
168	2.2068153235959294e+00	4.8955538772645935e-01	9.2580574155342810e-01
169	2.2791699243695662e+00	5.0560638404535962e-01	9.2580574155342810e-01
170	2.3515245251432035e+00	5.2165738036426001e-01	9.2580574155342810e-01
171	2.4238791259168404e+00	5.3770837668316029e-01	9.2580574155342810e-01
172	2.4962337266904777e+00	5.5375937300206057e-01	9.2580574155342810e-01
173	2.5685883274641146e+00	5.6981036932096074e-01	9.2580574155342810e-01
174	2.6409429282377515e+00	5.8586136563986124e-01	9.2580574155342810e-01
175	2.7132975290113888e+00	6.0191236195876141e-01	9.2580574155342821e-01
176	2.7856521297850256e+00	6.1796335827766169e-01	9.2580574155342810e-01
177	2.8580067305586621e+00	6.3401435459656208e-01	9.2580574155342810e-01
178	2.9062431310744206e+00	6.4471501880916227e-01	9.2580574155342810e-01
179	2.9303613313322998e+00	6.5006535091546247e-01	9.2580574155342810e-01
180	9.6287199543355340e-01	2.7199007262278407e-01	9.1134187889597384e-01
181	9.8664661260475217e-01	2.7870587688507503e-01	9.1134187889597384e-01
182	1.0341958469471499e+00	2.9213748540965689e-01	9.1134187889597384e-01
183	1.1055196984607463e+00	3.1228489819652983e-01	9.1134187889597384e-01
184	1.1768435499743433e+00	3.3243231098340270e-01	9.1134187889597373e-01
185	1.2481674014879398e+00	3.5257972377027563e-01	9.1134187889597384e-01
186	1.3194912530015359e+00	3.7272713655714851e-01	9.1134187889597396e-01
187	1.3908151045151329e+00	3.9287454934402144e-01	9.1134187889597384e-01
188	1.4621389560287292e+00	4.1302196213089432e-01	9.1134187889597373e-01
189	1.5334628075423258e+00	4.3316937491776719e-01	9.1134187889597384e-01
190	1.6047866590559223e+00	4.5331678770464007e-01	9.1134187889597384e-01
191	1.6761105105695189e+00	4.7346420049151294e-01	9.1134187889597396e-01
192	1.7474343620831154e+00	4.9361161327838593e-01	9.1134187889597373e-01
193	1.8187582135967122e+00	5.1375902606525869e-01	9.1134187889597384e-01
194	1.8900820651103083e+00	5.3390643885213152e-01	9.1134187889597384e-01
195	1.9614059166239051e+00	5.5405385163900456e-01	9.1134187889597384e-01
196	2.0327297681375018e+00	5.7420126442587760e-01	9.1134187889597373e-01
197	2.1040536196510984e+00	5.9434867721275020e-01	9.1134187889597384e-01
198	2.1753774711646949e+00	6.1449608999962324e-01	9.1134187889597373e-01
199	2.2467013226782910e+00	6.3464350278649595e-01	9.1134187889597384e-01
200	2.3180251741918880e+00	6.5479091557336899e-01	9.1134187889597384e-01
201	2.3893490257054846e+00	6.7493832836024181e-01	9.1134187889597384e-01
202	2.4606728772190807e+00	6.9508574114711463e-01	9.1134187889597384e-01
203	2.5319967287326777e+00	7.1523315393398756e-01	9.1134187889597384e-01
204	2.6033205802462742e+00	7.3538056672086061e-01	9.1134187889597384e-01
205	2.6746444317598703e+00	7.5552797950773343e-01	9.1134187889597384e-01
206	2.7459682832734669e+00	7.7567539229460614e-01	9.1134187889597384e-01
207	2.8172921347870639e+00	7.9582280508147907e-01	9.1134187889597384e-01
208	2.8648413691294614e+00	8.0925441360606121e-01	9.1134187889597384e-01
209	2.8886159863006604e+00	8.1597021786835211e-01	9.1134187889597384e-01
210	9.4554671188175476e-01	3.2722199166055899e-01	8.9848511208934767e-01
211	9.6889354427389673e-01	3.3530154701020232e-01	8.9848511208934767e-01
212	1.0155872090581810e+00	3.5146065770948925e-01	8.9848511208934767e-01
213	1.0856277062346071e+00	3.7569932375841952e-01	8.9848511208934767e-01
214	1.1556682034110337e+00	3.9993798980734979e-01	8.9848511208934756e-01
215	1.2257087005874596e+00	4.2417665585628012e-01	8.9848511208934767e-01
216	1.2957491977638862e+00	4.4841532190521038e-01	8.9848511208934767e-01
217	1.3657896949403123e+00	4.7265398795414071e-01	8.9848511208934767e-01
218	1.4358301921167385e+00	4.9689265400307098e-01	8.9848511208934756e-01
219	1.5058706892931650e+00	5.2113132005200125e-01	8.9848511208934767e-01
220	1.5759111864695909e+00	5.4536998610093157e-01	8.9848511208934767e-01
221	1.6459516836460173e+00	5.6960865214986189e-01	8.9848511208934767e-01
222	1.7159921808224436e+00	5.9384731819879222e-01	8.9848511208934756e-01
223	1.7860326779988700e+00	6.1808598424772243e-01	8.9848511208934767e-01
224	1.8560731751752964e+00	6.4232465029665264e-01	8.9848511208934767e-01
225	1.9261136723517225e+00	6.6656331634558297e-01	8.9848511208934767e-01
226	1.9961541695281486e+00	6.9080198239451329e-01	8.9848511208934756e-01
227	2.0661946667045754e+00	7.1504064844344362e-01	8.9848511208934767e-01
228	2.1362351638810013e+00	7.3927931449237394e-01	8.9848511208934756e-01
229	2.2062756610574277e+00	7.6351798054130415e-01	8.9848511208934767e-01
230	2.2763161582338540e+00	7.8775664659023448e-01	8.9848511208934767e-01
231	2.3463566554102799e+00	8.1199531263916491e-01	8.9848511208934767e-01
232	2.4163971525867063e+00	8.3623397868809490e-01	8.9848511208934767e-01
233	2.4864376497631331e+00	8.6047264473702534e-01	8.9848511208934767e-01
234	2.5564781469395585e+00	8.8471131078595577e-01	8.9848511208934767e-01
235	2.6265186441159849e+00	9.0894997683488588e-01	8.9848511208934767e-01
236	2.6965591412924113e+00	9.3318864288381598e-01	8.9848511208934767e-01
237	2.7665996384688372e+00	9.5742730893274652e-01	8.9848511208934767e-01
238	2.8132933032531215e+00	9.7358641963203330e-01	8.9848511208934767e-01
239	2.8366401356452644e+00	9.8166597498167674e-01	8.9848511208934767e-01
240	9.2475715796977109e-01	3.8208104387503750e-01	8.8723544113354946e-01
241	9.4759066804309877e-01	3.9151514372380380e-01	8.8723544113354957e-01
242	9.9325768818975413e-01	4.1038334342133653e-01	8.8723544113354957e-01
243	1.0617582184097374e+00	4.3868564296763563e-01	8.8723544113354946e-01
244	1.1302587486297202e+00	4.6698794251393466e-01	8.8723544113354946e-01
245	1.1987592788497032e+00	4.9529024206023381e-01	8.8723544113354946e-01
246	1.2672598090696860e+00	5.2359254160653268e-01	8.8723544113354980e-01
247	1.3357603392896693e+00	5.5189484115283194e-01	8.8723544113354957e-01
248	1.4042608695096526e+00	5.8019714069913086e-01	8.8723544113354946e-01
249	1.4727613997296358e+00	6.0849944024543012e-01	8.8723544113354946e-01
250	1.5412619299496186e+00	6.3680173979172916e-01	8.8723544113354957e-01
251	1.6097624601696010e+00	6.6510403933802820e-01	8.8723544113354968e-01
252	1.6782629903895847e+00	6.9340633888432734e-01	8.8723544113354946e-01
253	1.7467635206095675e+00	7.2170863843062638e-01	8.8723544113354957e-01
254	1.8152640508295506e+00	7.5001093797692542e-01	8.8723544113354957e-01
255	1.8837645810495336e+00	7.7831323752322445e-01	8.8723544113354957e-01
256	1.9522651112695166e+00	8.0661553706952371e-01	8.8723544113354946e-01
257	2.0207656414895001e+00	8.3491783661582286e-01	8.8723544113354946e-01
258	2.0892661717094829e+00	8.6322013616212179e-01	8.8723544113354946e-01
259	2.1577667019294657e+00	8.9152243570842071e-01	8.8723544113354946e-01
260	2.2262672321494494e+00	9.1982473525471975e-01	8.8723544113354946e-01
261	2.2947677623694323e+00	9.4812703480101912e-01	8.8723544113354946e-01
262	2.3632682925894151e+00	9.7642933434731782e-01	8.8723544113354946e-01
263	2.4317688228093983e+00	1.0047316338936170e+00	8.8723544113354946e-01
264	2.5002693530293816e+00	1.0330339334399161e+00	8.8723544113354946e-01
265	2.5687698832493640e+00	1.0613362329862150e+00	8.8723544113354957e-01
266	2.6372704134693468e+00	1.0896385325325142e+00	8.8723544113354946e-01
267	2.7057709436893305e+00	1.1179408320788133e+00	8.8723544113354946e-01
268	2.7514379638359849e+00	1.1368090317763460e+00	8.8723544113354946e-01
269	2.7742714739093133e+00	1.1462431316251125e+00	8.8723544113354946e-01
270	9.0048432341605789e-01	4.3625150751923902e-01	8.7759286602858011e-01
271	9.2271850424114565e-01	4.4702314968020779e-01	8.7759286602858022e-01
272	9.6718686589132130e-01	4.6856643400214554e-01	8.7759286602858022e-01
273	1.0338894083665850e+00	5.0088136048505216e-01	8.7759286602858011e-01
274	1.1005919508418487e+00	5.3319628696795884e-01	8.7759286602858000e-01
275	1.1672944933171121e+00	5.6551121345086541e-01	8.7759286602858011e-01
276	1.2339970357923755e+00	5.9782613993377198e-01	8.7759286602858022e-01
277	1.3006995782676389e+00	6.3014106641667855e-01	8.7759286602858022e-01
278	1.3674021207429028e+00	6.6245599289958523e-01	8.7759286602858000e-01
279	1.4341046632181664e+00	6.9477091938249169e-01	8.7759286602858011e-01
280	1.5008072056934296e+00	7.2708584586539826e-01	8.7759286602858022e-01
281	1.5675097481686933e+00	7.5940077234830505e-01	8.7759286602858011e-01
282	1.6342122906439569e+00	7.9171569883121151e-01	8.7759286602858000e-01
283	1.7009148331192201e+00	8.2403062531411797e-01	8.7759286602858022e-01
284	1.7676173755944837e+00	8.5634555179702454e-01	8.7759286602858022e-01
285	1.8343199180697474e+00	8.8866047827993122e-01	8.7759286602858022e-01
286	1.9010224605450108e+00	9.2097540476283801e-01	8.7759286602858000e-01
287	1.9677250030202749e+00	9.5329033124574447e-01	8.7759286602858011e-01
288	2.0344275454955385e+00	9.8560525772865115e-01	8.7759286602858000e-01
289	2.1011300879708017e+00	1.0179201842115575e+00	8.7759286602858011e-01
290	2.1678326304460653e+00	1.0502351106944643e+00	8.7759286602858011e-01
291	2.2345351729213290e+00	1.0825500371773711e+00	8.7759286602858011e-01
292	2.3012377153965917e+00	1.1148649636602774e+00	8.7759286602858011e-01
293	2.3679402578718558e+00	1.1471798901431840e+00	8.7759286602858011e-01
294	2.4346428003471199e+00	1.1794948166260906e+00	8.7759286602858011e-01
295	2.5013453428223831e+00	1.2118097431089974e+00	8.7759286602858022e-01
296	2.5680478852976463e+00	1.2441246695919035e+00	8.7759286602858011e-01
297	2.6347504277729104e+00	1.2764395960748103e+00	8.7759286602858011e-01
298	2.6792187894230857e+00	1.2979828803967481e+00	8.7759286602858011e-01
299	2.7014529702481731e+00	1.3087545225577171e+00	8.7759286602858011e-01
300	8.7274691075795907e-01	4.8941012539660456e-01	8.6955738677443883e-01
301	8.9429621719642716e-01	5.0149432602368116e-01	8.6955738677443883e-01
302	9.3739483007336366e-01	5.2566272727783458e-01	8.6955738677443883e-01
303	1.0020427493887678e+00	5.6191532915906450e-01	8.6955738677443883e-01
304	1.0666906687041724e+00	5.9816793104029453e-01	8.6955738677443872e-01
305	1.1313385880195765e+00	6.3442053292152434e-01	8.6955738677443883e-01
306	1.1959865073349811e+00	6.7067313480275448e-01	8.6955738677443883e-01
307	1.2606344266503855e+00	7.0692573668398451e-01	8.6955738677443883e-01
308	1.3252823459657899e+00	7.4317833856521431e-01	8.6955738677443872e-01
309	1.3899302652811942e+00	7.7943094044644423e-01	8.6955738677443883e-01
310	1.4545781845965986e+00	8.1568354232767426e-01	8.6955738677443883e-01
311	1.5192261039120027e+00	8.5193614420890429e-01	8.6955738677443883e-01
312	1.5838740232274073e+00	8.8818874609013421e-01	8.6955738677443872e-01
313	1.6485219425428115e+00	9.2444134797136401e-01	8.6955738677443883e-01
314	1.7131698618582158e+00	9.6069394985259415e-01	8.6955738677443883e-01
315	1.7778177811736204e+00	9.9694655173382418e-01	8.6955738677443883e-01
316	1.8424657004890248e+00	1.0331991536150542e+00	8.6955738677443872e-01
317	1.9071136198044294e+00	1.0694517554962839e+00	8.6955738677443883e-01
318	1.9717615391198335e+00	1.1057043573775140e+00	8.6955738677443872e-01
319	2.0364094584352377e+00	1.1419569592587437e+00	8.6955738677443883e-01
320	2.1010573777506423e+00	1.1782095611399739e+00	8.6955738677443883e-01
321	2.1657052970660464e+00	1.2144621630212038e+00	8.6955738677443883e-01
322	2.2303532163814510e+00	1.2507147649024337e+00	8.6955738677443883e-01
323	2.2950011356968552e+00	1.2869673667836636e+00	8.6955738677443883e-01
324	2.3596490550122593e+00	1.3232199686648936e+00	8.6955738677443883e-01
325	2.4242969743276643e+00	1.3594725705461239e+00	8.6955738677443883e-01
326	2.4889448936430685e+00	1.3957251724273536e+00	8.6955738677443883e-01
327	2.5535928129584726e+00	1.4319777743085833e+00	8.6955738677443883e-01
328	2.5966914258354090e+00	1.4561461755627370e+00	8.6955738677443883e-01
329	2.6182407322738768e+00	1.4682303761898137e+00	8.6955738677443883e-01
330	8.4160309369343189e-01	5.4123170280438793e-01	8.6312900337112564e-01
331	8.6238341699450438e-01	5.5459544855264431e-01	8.6312900337112575e-01
332	9.0394406359664914e-01	5.8132294004915741e-01	8.6312900337112575e-01
333	9.6628503349986627e-01	6.2141417729392689e-01	8.6312900337112564e-01
334	1.0286260034030834e+00	6.6150541453869627e-01	8.6312900337112564e-01
335	1.0909669733063008e+00	7.0159665178346586e-01	8.6312900337112564e-01
336	1.1533079432095177e+00	7.4168788902823524e-01	8.6312900337112586e-01
337	1.2156489131127353e+00	7.8177912627300483e-01	8.6312900337112575e-01
338	1.2779898830159524e+00	8.2187036351777421e-01	8.6312900337112564e-01
339	1.3403308529191695e+00	8.6196160076254380e-01	8.6312900337112564e-01
340	1.4026718228223862e+00	9.0205283800731317e-01	8.6312900337112575e-01
341	1.4650127927256034e+00	9.4214407525208255e-01	8.6312900337112586e-01
342	1.5273537626288207e+00	9.8223531249685214e-01	8.6312900337112564e-01
343	1.5896947325320381e+00	1.0223265497416216e+00	8.6312900337112575e-01
344	1.6520357024352552e+00	1.0624177869863911e+00	8.6312900337112575e-01
345	1.7143766723384721e+00	1.1025090242311604e+00	8.6312900337112575e-01
346	1.7767176422416890e+00	1.1426002614759301e+00	8.6312900337112564e-01
347	1.8390586121449071e+00	1.1826914987206996e+00	8.6312900337112564e-01
348	1.9013995820481240e+00	1.2227827359654693e+00	8.6312900337112564e-01
349	1.9637405519513411e+00	1.2628739732102383e+00	8.6312900337112564e-01
350	2.0260815218545583e+00	1.3029652104550082e+00	8.6312900337112564e-01
351	2.0884224917577754e+00	1.3430564476997773e+00	8.6312900337112564e-01
352	2.1507634616609925e+00	1.3831476849445468e+00	8.6312900337112564e-01
353	2.2131044315642097e+00	1.4232389221893165e+00	8.6312900337112564e-01
354	2.2754454014674277e+00	1.4633301594340860e+00	8.6312900337112564e-01
355	2.3377863713706439e+00	1.5034213966788552e+00	8.6312900337112575e-01
356	2.4001273412738615e+00	1.5435126339236247e+00	8.6312900337112564e-01
357	2.4624683111770787e+00	1.5836038711683942e+00	8.6312900337112564e-01
358	2.5040289577792234e+00	1.6103313626649072e+00	8.6312900337112564e-01
359	2.5248092810802958e+00	1.6236951084131637e+00	8.6312900337112564e-01
360	8.0715127548198295e-01	5.9139510578641119e-01	8.5830771581864063e-01
361	8.2708093660499493e-01	6.0599745407743355e-01	8.5830771581864074e-01
362	8.6694025885101866e-01	6.3520215065947883e-01	8.5830771581864074e-01
363	9.2672924222005459e-01	6.7900919553254613e-01	8.5830771581864063e-01
364	9.8651822558909041e-01	7.2281624040561376e-01	8.5830771581864063e-01
365	1.0463072089581260e+00	7.6662328527868118e-01	8.5830771581864063e-01
366	1.1060961923271617e+00	8.1043033015174848e-01	8.5830771581864085e-01
367	1.1658851756961974e+00	8.5423737502481623e-01	8.5830771581864074e-01
368	1.2256741590652334e+00	8.9804441989788375e-01	8.5830771581864063e-01
369	1.2854631424342693e+00	9.4185146477095116e-01	8.5830771581864063e-01
370	1.3452521258033048e+00	9.8565850964401858e-01	8.5830771581864074e-01
371	1.4050411091723405e+00	1.0294655545170861e+00	8.5830771581864074e-01
372	1.4648300925413764e+00	1.0732725993901537e+00	8.5830771581864063e-01
373	1.5246190759104119e+00	1.1170796442632211e+00	8.5830771581864074e-01
374	1.5844080592794478e+00	1.1608866891362886e+00	8.5830771581864074e-01
375	1.6441970426484838e+00	1.2046937340093560e+00	8.5830771581864074e-01
376	1.7039860260175195e+00	1.2485007788824236e+00	8.5830771581864063e-01
377	1.7637750093865556e+00	1.2923078237554912e+00	8.5830771581864063e-01
378	1.8235639927555911e+00	1.3361148686285589e+00	8.5830771581864063e-01
379	1.8833529761246268e+00	1.3799219135016259e+00	8.5830771581864063e-01
380	1.9431419594936625e+00	1.4237289583746937e+00	8.5830771581864063e-01
381	2.0029309428626987e+00	1.4675360032477613e+00	8.5830771581864063e-01
382	2.0627199262317339e+00	1.5113430481208285e+00	8.5830771581864063e-01
383	2.1225089096007705e+00	1.5551500929938962e+00	8.5830771581864063e-01
384	2.1822978929698058e+00	1.5989571378669636e+00	8.5830771581864063e-01
385	2.2420868763388415e+00	1.6427641827400310e+00	8.5830771581864074e-01
386	2.3018758597078772e+00	1.6865712276130984e+00	8.5830771581864063e-01
387	2.3616648430769125e+00	1.7303782724861660e+00	8.5830771581864063e-01
388	2.4015241653229364e+00	1.7595829690682110e+00	8.5830771581864063e-01
389	2.4214538264459491e+00	1.7741853173592337e+00	8.5830771581864063e-01
390	7.6952975169562643e-01	6.3958944928736006e-01	8.5509352411698425e-01
391	7.8853048630539502e-01	6.5538178136852931e-01	8.5509352411698425e-01
392	8.2653195552493219e-01	6.8696644553086827e-01	8.5509352411698425e-01
393	8.8353415935423785e-01	7.3434344177437649e-01	8.5509352411698425e-01
394	9.4053636318354350e-01	7.8172043801788449e-01	8.5509352411698425e-01
395	9.9753856701284915e-01	8.2909743426139260e-01	8.5509352411698425e-01
396	1.0545407708421548e+00	8.7647443050490081e-01	8.5509352411698436e-01
397	1.1115429746714605e+00	9.2385142674840892e-01	8.5509352411698425e-01
398	1.1685451785007661e+00	9.7122842299191703e-01	8.5509352411698425e-01
399	1.2255473823300718e+00	1.0186054192354252e+00	8.5509352411698425e-01
400	1.2825495861593774e+00	1.0659824154789332e+00	8.5509352411698425e-01
401	1.3395517899886829e+00	1.1133594117224412e+00	8.5509352411698436e-01
402	1.3965539938179885e+00	1.1607364079659497e+00	8.5509352411698425e-01
403	1.4535561976472944e+00	1.2081134042094577e+00	8.5509352411698425e-01
404	1.5105584014766003e+00	1.2554904004529661e+00	8.5509352411698425e-01
405	1.5675606053059057e+00	1.3028673966964743e+00	8.5509352411698425e-01
406	1.6245628091352113e+00	1.3502443929399821e+00	8.5509352411698425e-01
407	1.6815650129645174e+00	1.3976213891834903e+00	8.5509352411698425e-01
408	1.7385672167938226e+00	1.4449983854269988e+00	8.5509352411698425e-01
409	1.7955694206231283e+00	1.4923753816705065e+00	8.5509352411698425e-01
410	1.8525716244524340e+00	1.5397523779140148e+00	8.5509352411698425e-01
411	1.9095738282817396e+00	1.5871293741575232e+00	8.5509352411698425e-01
412	1.9665760321110450e+00	1.6345063704010310e+00	8.5509352411698425e-01
413	2.0235782359403514e+00	1.6818833666445392e+00	8.5509352411698425e-01
414	2.0805804397696566e+00	1.7292603628880479e+00	8.5509352411698425e-01
415	2.1375826435989627e+00	1.7766373591315558e+00	8.5509352411698425e-01
416	2.1945848474282679e+00	1.8240143553750636e+00	8.5509352411698425e-01
417	2.2515870512575735e+00	1.8713913516185721e+00	8.5509352411698425e-01
418	2.2895885204771109e+00	1.9029760157809106e+00	8.5509352411698425e-01
419	2.3085892550868792e+00	1.9187683478620801e+00	8.5509352411698425e-01
420	7.2891523288918225e-01	6.8552024052559279e-01	8.5348642826615606e-01
421	7.4691313987410035e-01	7.0244666621758267e-01	8.5348642826615606e-01
422	7.8290895384393655e-01	7.3629951760156265e-01	8.5348642826615606e-01
423	8.3690267479869085e-01	7.8707879467753239e-01	8.5348642826615606e-01
424	8.9089639575344504e-01	8.3785807175350213e-01	8.5348642826615606e-01
425	9.4489011670819922e-01	8.8863734882947210e-01	8.5348642826615606e-01
426	9.9888383766295319e-01	9.3941662590544173e-01	8.5348642826615628e-01
427	1.0528775586177079e+00	9.9019590298141202e-01	8.5348642826615606e-01
428	1.1068712795724620e+00	1.0409751800573817e+00	8.5348642826615606e-01
429	1.1608650005272163e+00	1.0917544571333515e+00	8.5348642826615606e-01
430	1.2148587214819706e+00	1.1425337342093214e+00	8.5348642826615606e-01
431	1.2688524424367249e+00	1.1933130112852912e+00	8.5348642826615606e-01
432	1.3228461633914788e+00	1.2440922883612608e+00	8.5348642826615606e-01
433	1.3768398843462335e+00	1.2948715654372307e+00	8.5348642826615606e-01
434	1.4308336053009876e+00	1.3456508425132008e+00	8.5348642826615606e-01
435	1.4848273262557417e+00	1.3964301195891704e+00	8.5348642826615606e-01
436	1.5388210472104960e+00	1.4472093966651403e+00	8.5348642826615606e-01
437	1.5928147681652505e+00	1.4979886737411101e+00	8.5348642826615606e-01
438	1.6468084891200041e+00	1.5487679508170800e+00	8.5348642826615606e-01
439	1.7008022100747584e+00	1.5995472278930496e+00	8.5348642826615606e-01
440	1.7547959310295131e+00	1.6503265049690197e+00	8.5348642826615606e-01
441	1.8087896519842672e+00	1.7011057820449893e+00	8.5348642826615606e-01
442	1.8627833729390209e+00	1.7518850591209592e+00	8.5348642826615606e-01
443	1.9167770938937760e+00	1.8026643361969290e+00	8.5348642826615606e-01
444	1.9707708148485299e+00	1.8534436132728989e+00	8.5348642826615606e-01
445	2.0247645358032842e+00	1.9042228903488687e+00	8.5348642826615606e-01
446	2.0787582567580385e+00	1.9550021674248381e+00	8.5348642826615606e-01
447	2.1327519777127923e+00	2.0057814445008084e+00	8.5348642826615606e-01
448	2.1687477916826290e+00	2.0396342958847882e+00	8.5348642826615606e-01
449	2.1867456986675471e+00	2.0565607215767781e+00	8.5348642826615606e-01
450	6.8552024052559279e-01	7.2891523288918225e-01	8.5348642826615595e-01
451	7.0244666621758278e-01	7.4691313987410035e-01	8.5348642826615595e-01
452	7.3629951760156276e-01	7.8290895384393666e-01	8.5348642826615595e-01
453	7.8707879467753250e-01	8.3690267479869085e-01	8.5348642826615595e-01
454	8.3785807175350235e-01	8.9089639575344504e-01	8.5348642826615595e-01
455	8.8863734882947210e-01	9.4489011670819911e-01	8.5348642826615595e-01
456	9.3941662590544195e-01	9.9888383766295319e-01	8.5348642826615617e-01
457	9.9019590298141202e-01	1.0528775586177079e+00	8.5348642826615595e-01
458	1.0409751800573817e+00	1.1068712795724620e+00	8.5348642826615595e-01
459	1.0917544571333515e+00	1.1608650005272163e+00	8.5348642826615595e-01
460	1.1425337342093214e+00	1.2148587214819706e+00	8.5348642826615595e-01
461	1.1933130112852914e+00	1.2688524424367247e+00	8.5348642826615595e-01
462	1.2440922883612608e+00	1.3228461633914790e+00	8.5348642826615595e-01
463	1.2948715654372311e+00	1.3768398843462331e+00	8.5348642826615595e-01
464	1.3456508425132008e+00	1.4308336053009871e+00	8.5348642826615595e-01
465	1.3964301195891706e+00	1.4848273262557417e+00	8.5348642826615595e-01
466	1.4472093966651403e+00	1.5388210472104955e+00	8.5348642826615595e-01
467	1.4979886737411106e+00	1.5928147681652500e+00	8.5348642826615595e-01
468	1.5487679508170800e+00	1.6468084891200043e+00	8.5348642826615595e-01
469	1.5995472278930498e+00	1.7008022100747586e+00	8.5348642826615595e-01
470	1.6503265049690199e+00	1.7547959310295127e+00	8.5348642826615595e-01
471	1.7011057820449895e+00	1.8087896519842670e+00	8.5348642826615595e-01
472	1.7518850591209594e+00	1.8627833729390209e+00	8.5348642826615595e-01
473	1.8026643361969295e+00	1.9167770938937756e+00	8.5348642826615595e-01
474	1.8534436132728993e+00	1.9707708148485299e+00	8.5348642826615595e-01
475	1.9042228903488689e+00	2.0247645358032837e+00	8.5348642826615595e-01
476	1.9550021674248386e+00	2.0787582567580380e+00	8.5348642826615595e-01
477	2.0057814445008089e+00	2.1327519777127923e+00	8.5348642826615595e-01
478	2.0396342958847882e+00	2.1687477916826281e+00	8.5348642826615595e-01
479	2.0565607215767785e+00	2.1867456986675466e+00	8.5348642826615595e-01
480	6.3958944928736006e-01	7.6952975169562632e-01	8.5509352411698425e-01
481	6.5538178136852931e-01	7.8853048630539491e-01	8.5509352411698425e-01
482	6.8696644553086816e-01	8.2653195552493208e-01	8.5509352411698425e-01
483	7.3434344177437627e-01	8.8353415935423762e-01	8.5509352411698425e-01
484	7.8172043801788460e-01	9.4053636318354339e-01	8.5509352411698414e-01
485	8.2909743426139260e-01	9.9753856701284882e-01	8.5509352411698425e-01
486	8.7647443050490059e-01	1.0545407708421544e+00	8.5509352411698436e-01
487	9.2385142674840892e-01	1.1115429746714605e+00	8.5509352411698425e-01
488	9.7122842299191714e-01	1.1685451785007659e+00	8.5509352411698414e-01
489	1.0186054192354252e+00	1.2255473823300715e+00	8.5509352411698425e-01
490	1.0659824154789332e+00	1.2825495861593774e+00	8.5509352411698425e-01
491	1.1133594117224415e+00	1.3395517899886831e+00	8.5509352411698425e-01
492	1.1607364079659495e+00	1.3965539938179887e+00	8.5509352411698414e-01
493	1.2081134042094577e+00	1.4535561976472942e+00	8.5509352411698425e-01
494	1.2554904004529661e+00	1.5105584014765998e+00	8.5509352411698425e-01
495	1.3028673966964741e+00	1.5675606053059055e+00	8.5509352411698425e-01
496	1.3502443929399821e+00	1.6245628091352111e+00	8.5509352411698414e-01
497	1.3976213891834905e+00	1.6815650129645168e+00	8.5509352411698425e-01
498	1.4449983854269985e+00	1.7385672167938224e+00	8.5509352411698414e-01
499	1.4923753816705065e+00	1.7955694206231279e+00	8.5509352411698425e-01
500	1.5397523779140150e+00	1.8525716244524340e+00	8.5509352411698425e-01
501	1.5871293741575230e+00	1.9095738282817394e+00	8.5509352411698425e-01
502	1.6345063704010308e+00	1.9665760321110448e+00	8.5509352411698425e-01
503	1.6818833666445394e+00	2.0235782359403505e+00	8.5509352411698425e-01
504	1.7292603628880476e+00	2.0805804397696566e+00	8.5509352411698425e-01
505	1.7766373591315556e+00	2.1375826435989618e+00	8.5509352411698425e-01
506	1.8240143553750636e+00	2.1945848474282674e+00	8.5509352411698425e-01
507	1.8713913516185716e+00	2.2515870512575731e+00	8.5509352411698425e-01
508	1.9029760157809106e+00	2.2895885204771100e+00	8.5509352411698425e-01
509	1.9187683478620798e+00	2.3085892550868787e+00	8.5509352411698425e-01
510	5.9139510578641108e-01	8.0715127548198284e-01	8.5830771581864074e-01
511	6.0599745407743366e-01	8.2708093660499493e-01	8.5830771581864074e-01
512	6.3520215065947883e-01	8.6694025885101866e-01	8.5830771581864074e-01
513	6.7900919553254613e-01	9.2672924222005437e-01	8.5830771581864074e-01
514	7.2281624040561365e-01	9.8651822558909019e-01	8.5830771581864074e-01
515	7.6662328527868107e-01	1.0463072089581260e+00	8.5830771581864074e-01
516	8.1043033015174848e-01	1.1060961923271615e+00	8.5830771581864096e-01
517	8.5423737502481623e-01	1.1658851756961977e+00	8.5830771581864074e-01
518	8.9804441989788364e-01	1.2256741590652329e+00	8.5830771581864074e-01
519	9.4185146477095116e-01	1.2854631424342691e+00	8.5830771581864074e-01
520	9.8565850964401858e-01	1.3452521258033050e+00	8.5830771581864074e-01
521	1.0294655545170859e+00	1.4050411091723403e+00	8.5830771581864085e-01
522	1.0732725993901535e+00	1.4648300925413762e+00	8.5830771581864074e-01
523	1.1170796442632211e+00	1.5246190759104119e+00	8.5830771581864074e-01
524	1.1608866891362888e+00	1.5844080592794478e+00	8.5830771581864074e-01
525	1.2046937340093560e+00	1.6441970426484833e+00	8.5830771581864074e-01
526	1.2485007788824236e+00	1.7039860260175195e+00	8.5830771581864074e-01
527	1.2923078237554910e+00	1.7637750093865552e+00	8.5830771581864074e-01
528	1.3361148686285584e+00	1.8235639927555909e+00	8.5830771581864074e-01
529	1.3799219135016263e+00	1.8833529761246266e+00	8.5830771581864074e-01
530	1.4237289583746935e+00	1.9431419594936623e+00	8.5830771581864074e-01
531	1.4675360032477609e+00	2.0029309428626982e+00	8.5830771581864074e-01
532	1.5113430481208283e+00	2.0627199262317335e+00	8.5830771581864074e-01
533	1.5551500929938959e+00	2.1225089096007697e+00	8.5830771581864074e-01
534	1.5989571378669636e+00	2.1822978929698054e+00	8.5830771581864074e-01
535	1.6427641827400310e+00	2.2420868763388415e+00	8.5830771581864074e-01
536	1.6865712276130984e+00	2.3018758597078768e+00	8.5830771581864074e-01
537	1.7303782724861658e+00	2.3616648430769129e+00	8.5830771581864074e-01
538	1.7595829690682108e+00	2.4015241653229364e+00	8.5830771581864074e-01
539	1.7741853173592332e+00	2.4214538264459486e+00	8.5830771581864074e-01
540	5.4123170280438804e-01	8.4160309369343189e-01	8.6312900337112552e-01
541	5.5459544855264453e-01	8.6238341699450427e-01	8.6312900337112564e-01
542	5.8132294004915752e-01	9.0394406359664914e-01	8.6312900337112564e-01
543	6.2141417729392701e-01	9.6628503349986627e-01	8.6312900337112552e-01
544	6.6150541453869649e-01	1.0286260034030834e+00	8.6312900337112552e-01
545	7.0159665178346597e-01	1.0909669733063005e+00	8.6312900337112552e-01
546	7.4168788902823535e-01	1.1533079432095177e+00	8.6312900337112575e-01
547	7.8177912627300494e-01	1.2156489131127348e+00	8.6312900337112564e-01
548	8.2187036351777432e-01	1.2779898830159520e+00	8.6312900337112552e-01
549	8.6196160076254391e-01	1.3403308529191695e+00	8.6312900337112552e-01
550	9.0205283800731317e-01	1.4026718228223864e+00	8.6312900337112564e-01
551	9.4214407525208266e-01	1.4650127927256036e+00	8.6312900337112564e-01
552	9.8223531249685225e-01	1.5273537626288207e+00	8.6312900337112552e-01
553	1.0223265497416216e+00	1.5896947325320379e+00	8.6312900337112564e-01
554	1.0624177869863913e+00	1.6520357024352550e+00	8.6312900337112564e-01
555	1.1025090242311608e+00	1.7143766723384719e+00	8.6312900337112564e-01
556	1.1426002614759301e+00	1.7767176422416893e+00	8.6312900337112552e-01
557	1.1826914987206998e+00	1.8390586121449066e+00	8.6312900337112552e-01
558	1.2227827359654693e+00	1.9013995820481238e+00	8.6312900337112552e-01
559	1.2628739732102385e+00	1.9637405519513411e+00	8.6312900337112552e-01
560	1.3029652104550082e+00	2.0260815218545583e+00	8.6312900337112552e-01
561	1.3430564476997775e+00	2.0884224917577754e+00	8.6312900337112552e-01
562	1.3831476849445470e+00	2.1507634616609925e+00	8.6312900337112552e-01
563	1.4232389221893167e+00	2.2131044315642097e+00	8.6312900337112552e-01
564	1.4633301594340862e+00	2.2754454014674272e+00	8.6312900337112552e-01
565	1.5034213966788554e+00	2.3377863713706439e+00	8.6312900337112564e-01
566	1.5435126339236251e+00	2.4001273412738606e+00	8.6312900337112552e-01
567	1.5836038711683944e+00	2.4624683111770787e+00	8.6312900337112552e-01
568	1.6103313626649074e+00	2.5040289577792230e+00	8.6312900337112552e-01
569	1.6236951084131641e+00	2.5248092810802958e+00	8.6312900337112552e-01
570	4.8941012539660461e-01	8.7274691075795918e-01	8.6955738677443861e-01
571	5.0149432602368127e-01	8.9429621719642738e-01	8.6955738677443861e-01
572	5.2566272727783470e-01	9.3739483007336366e-01	8.6955738677443861e-01
573	5.6191532915906461e-01	1.0020427493887680e+00	8.6955738677443861e-01
574	5.9816793104029453e-01	1.0666906687041724e+00	8.6955738677443861e-01
575	6.3442053292152456e-01	1.1313385880195765e+00	8.6955738677443861e-01
576	6.7067313480275437e-01	1.1959865073349809e+00	8.6955738677443883e-01
577	7.0692573668398462e-01	1.2606344266503855e+00	8.6955738677443861e-01
578	7.4317833856521454e-01	1.3252823459657899e+00	8.6955738677443861e-01
579	7.7943094044644445e-01	1.3899302652811940e+00	8.6955738677443861e-01
580	8.1568354232767437e-01	1.4545781845965988e+00	8.6955738677443861e-01
581	8.5193614420890429e-01	1.5192261039120030e+00	8.6955738677443872e-01
582	8.8818874609013410e-01	1.5838740232274076e+00	8.6955738677443861e-01
583	9.2444134797136435e-01	1.6485219425428117e+00	8.6955738677443861e-01
584	9.6069394985259438e-01	1.7131698618582161e+00	8.6955738677443861e-01
585	9.9694655173382440e-01	1.7778177811736204e+00	8.6955738677443861e-01
586	1.0331991536150542e+00	1.8424657004890246e+00	8.6955738677443861e-01
587	1.0694517554962844e+00	1.9071136198044292e+00	8.6955738677443861e-01
588	1.1057043573775143e+00	1.9717615391198338e+00	8.6955738677443861e-01
589	1.1419569592587440e+00	2.0364094584352381e+00	8.6955738677443861e-01
590	1.1782095611399741e+00	2.1010573777506423e+00	8.6955738677443861e-01
591	1.2144621630212042e+00	2.1657052970660469e+00	8.6955738677443861e-01
592	1.2507147649024339e+00	2.2303532163814510e+00	8.6955738677443861e-01
593	1.2869673667836643e+00	2.2950011356968556e+00	8.6955738677443861e-01
594	1.3232199686648940e+00	2.3596490550122602e+00	8.6955738677443861e-01
595	1.3594725705461239e+00	2.4242969743276643e+00	8.6955738677443861e-01
596	1.3957251724273541e+00	2.4889448936430685e+00	8.6955738677443861e-01
597	1.4319777743085838e+00	2.5535928129584735e+00	8.6955738677443861e-01
598	1.4561461755627372e+00	2.5966914258354090e+00	8.6955738677443861e-01
599	1.4682303761898141e+00	2.6182407322738777e+00	8.6955738677443861e-01
600	4.3625150751923913e-01	9.0048432341605789e-01	8.7759286602858000e-01
601	4.4702314968020790e-01	9.2271850424114576e-01	8.7759286602858011e-01
602	4.6856643400214576e-01	9.6718686589132130e-01	8.7759286602858011e-01
603	5.0088136048505238e-01	1.0338894083665850e+00	8.7759286602858000e-01
604	5.3319628696795907e-01	1.1005919508418487e+00	8.7759286602857989e-01
605	5.6551121345086541e-01	1.1672944933171123e+00	8.7759286602858000e-01
606	5.9782613993377209e-01	1.2339970357923757e+00	8.7759286602858011e-01
607	6.3014106641667877e-01	1.3006995782676392e+00	8.7759286602858011e-01
608	6.6245599289958534e-01	1.3674021207429026e+00	8.7759286602857989e-01
609	6.9477091938249191e-01	1.4341046632181664e+00	8.7759286602858000e-01
610	7.2708584586539837e-01	1.5008072056934298e+00	8.7759286602858011e-01
611	7.5940077234830505e-01	1.5675097481686930e+00	8.7759286602858011e-01
612	7.9171569883121162e-01	1.6342122906439571e+00	8.7759286602857989e-01
613	8.2403062531411819e-01	1.7009148331192201e+00	8.7759286602858011e-01
614	8.5634555179702487e-01	1.7676173755944840e+00	8.7759286602858011e-01
615	8.8866047827993155e-01	1.8343199180697471e+00	8.7759286602858011e-01
616	9.2097540476283812e-01	1.9010224605450110e+00	8.7759286602857989e-01
617	9.5329033124574480e-01	1.9677250030202749e+00	8.7759286602858000e-01
618	9.8560525772865137e-01	2.0344275454955381e+00	8.7759286602857989e-01
619	1.0179201842115577e+00	2.1011300879708017e+00	8.7759286602858000e-01
620	1.0502351106944645e+00	2.1678326304460653e+00	8.7759286602858000e-01
621	1.0825500371773711e+00	2.2345351729213290e+00	8.7759286602858000e-01
622	1.1148649636602777e+00	2.3012377153965922e+00	8.7759286602858000e-01
623	1.1471798901431844e+00	2.3679402578718562e+00	8.7759286602858000e-01
624	1.1794948166260910e+00	2.4346428003471194e+00	8.7759286602858000e-01
625	1.2118097431089974e+00	2.5013453428223826e+00	8.7759286602858011e-01
626	1.2441246695919042e+00	2.5680478852976463e+00	8.7759286602858000e-01
627	1.2764395960748107e+00	2.6347504277729099e+00	8.7759286602858000e-01
628	1.2979828803967484e+00	2.6792187894230852e+00	8.7759286602858000e-01
629	1.3087545225577175e+00	2.7014529702481735e+00	8.7759286602858000e-01
630	3.8208104387503738e-01	9.2475715796977109e-01	8.8723544113354968e-01
631	3.9151514372380375e-01	9.4759066804309877e-01	8.8723544113354968e-01
632	4.1038334342133653e-01	9.9325768818975402e-01	8.8723544113354968e-01
633	4.3868564296763557e-01	1.0617582184097369e+00	8.8723544113354968e-01
634	4.6698794251393466e-01	1.1302587486297202e+00	8.8723544113354957e-01
635	4.9529024206023364e-01	1.1987592788497030e+00	8.8723544113354968e-01
636	5.2359254160653279e-01	1.2672598090696860e+00	8.8723544113354980e-01
637	5.5189484115283183e-01	1.3357603392896695e+00	8.8723544113354968e-01
638	5.8019714069913098e-01	1.4042608695096521e+00	8.8723544113354957e-01
639	6.0849944024543001e-01	1.4727613997296354e+00	8.8723544113354968e-01
640	6.3680173979172905e-01	1.5412619299496182e+00	8.8723544113354968e-01
641	6.6510403933802809e-01	1.6097624601696015e+00	8.8723544113354968e-01
642	6.9340633888432712e-01	1.6782629903895843e+00	8.8723544113354957e-01
643	7.2170863843062616e-01	1.7467635206095673e+00	8.8723544113354968e-01
644	7.5001093797692531e-01	1.8152640508295503e+00	8.8723544113354968e-01
645	7.7831323752322445e-01	1.8837645810495331e+00	8.8723544113354968e-01
646	8.0661553706952349e-01	1.9522651112695164e+00	8.8723544113354957e-01
647	8.3491783661582253e-01	2.0207656414894997e+00	8.8723544113354968e-01
648	8.6322013616212168e-01	2.0892661717094825e+00	8.8723544113354957e-01
649	8.9152243570842049e-01	2.1577667019294653e+00	8.8723544113354968e-01
650	9.1982473525471986e-01	2.2262672321494490e+00	8.8723544113354968e-01
651	9.4812703480101868e-01	2.2947677623694318e+00	8.8723544113354968e-01
652	9.7642933434731771e-01	2.3632682925894142e+00	8.8723544113354968e-01
653	1.0047316338936170e+00	2.4317688228093979e+00	8.8723544113354968e-01
654	1.0330339334399159e+00	2.5002693530293807e+00	8.8723544113354968e-01
655	1.0613362329862150e+00	2.5687698832493635e+00	8.8723544113354968e-01
656	1.0896385325325142e+00	2.6372704134693468e+00	8.8723544113354968e-01
657	1.1179408320788131e+00	2.7057709436893300e+00	8.8723544113354968e-01
658	1.1368090317763457e+00	2.7514379638359849e+00	8.8723544113354968e-01
659	1.1462431316251123e+00	2.7742714739093128e+00	8.8723544113354968e-01
660	3.2722199166055910e-01	9.4554671188175476e-01	8.9848511208934745e-01
661	3.3530154701020243e-01	9.6889354427389685e-01	8.9848511208934756e-01
662	3.5146065770948937e-01	1.0155872090581810e+00	8.9848511208934756e-01
663	3.7569932375841969e-01	1.0856277062346074e+00	8.9848511208934745e-01
664	3.9993798980735001e-01	1.1556682034110337e+00	8.9848511208934734e-01
665	4.2417665585628017e-01	1.2257087005874598e+00	8.9848511208934745e-01
666	4.4841532190521061e-01	1.2957491977638862e+00	8.9848511208934756e-01
667	4.7265398795414082e-01	1.3657896949403125e+00	8.9848511208934756e-01
668	4.9689265400307125e-01	1.4358301921167389e+00	8.9848511208934734e-01
669	5.2113132005200147e-01	1.5058706892931650e+00	8.9848511208934745e-01
670	5.4536998610093168e-01	1.5759111864695914e+00	8.9848511208934756e-01
671	5.6960865214986200e-01	1.6459516836460173e+00	8.9848511208934756e-01
672	5.9384731819879233e-01	1.7159921808224441e+00	8.9848511208934734e-01
673	6.1808598424772254e-01	1.7860326779988698e+00	8.9848511208934756e-01
674	6.4232465029665298e-01	1.8560731751752961e+00	8.9848511208934756e-01
675	6.6656331634558319e-01	1.9261136723517223e+00	8.9848511208934756e-01
676	6.9080198239451351e-01	1.9961541695281491e+00	8.9848511208934734e-01
677	7.1504064844344395e-01	2.0661946667045754e+00	8.9848511208934745e-01
678	7.3927931449237427e-01	2.1362351638810018e+00	8.9848511208934734e-01
679	7.6351798054130438e-01	2.2062756610574277e+00	8.9848511208934745e-01
680	7.8775664659023481e-01	2.2763161582338540e+00	8.9848511208934745e-01
681	8.1199531263916502e-01	2.3463566554102804e+00	8.9848511208934745e-01
682	8.3623397868809535e-01	2.4163971525867063e+00	8.9848511208934745e-01
683	8.6047264473702578e-01	2.4864376497631326e+00	8.9848511208934745e-01
684	8.8471131078595600e-01	2.5564781469395594e+00	8.9848511208934745e-01
685	9.0894997683488621e-01	2.6265186441159853e+00	8.9848511208934756e-01
686	9.3318864288381664e-01	2.6965591412924117e+00	8.9848511208934745e-01
687	9.5742730893274686e-01	2.7665996384688381e+00	8.9848511208934745e-01
688	9.7358641963203374e-01	2.8132933032531224e+00	8.9848511208934745e-01
689	9.8166597498167729e-01	2.8366401356452644e+00	8.9848511208934745e-01
690	2.7199007262278413e-01	9.6287199543355340e-01	9.1134187889597373e-01
691	2.7870587688507503e-01	9.8664661260475217e-01	9.1134187889597384e-01
692	2.9213748540965701e-01	1.0341958469471499e+00	9.1134187889597384e-01
693	3.1228489819652994e-01	1.1055196984607465e+00	9.1134187889597373e-01
694	3.3243231098340281e-01	1.1768435499743430e+00	9.1134187889597362e-01
695	3.5257972377027569e-01	1.2481674014879396e+00	9.1134187889597373e-01
696	3.7272713655714856e-01	1.3194912530015361e+00	9.1134187889597384e-01
697	3.9287454934402144e-01	1.3908151045151327e+00	9.1134187889597384e-01
698	4.1302196213089443e-01	1.4621389560287295e+00	9.1134187889597362e-01
699	4.3316937491776730e-01	1.5334628075423258e+00	9.1134187889597373e-01
700	4.5331678770464007e-01	1.6047866590559221e+00	9.1134187889597384e-01
701	4.7346420049151300e-01	1.6761105105695184e+00	9.1134187889597384e-01
702	4.9361161327838587e-01	1.7474343620831154e+00	9.1134187889597362e-01
703	5.1375902606525881e-01	1.8187582135967117e+00	9.1134187889597384e-01
704	5.3390643885213163e-01	1.8900820651103083e+00	9.1134187889597384e-01
705	5.5405385163900467e-01	1.9614059166239048e+00	9.1134187889597384e-01
706	5.7420126442587749e-01	2.0327297681375018e+00	9.1134187889597362e-01
707	5.9434867721275053e-01	2.1040536196510979e+00	9.1134187889597373e-01
708	6.1449608999962335e-01	2.1753774711646954e+00	9.1134187889597362e-01
709	6.3464350278649617e-01	2.2467013226782910e+00	9.1134187889597373e-01
710	6.5479091557336921e-01	2.3180251741918880e+00	9.1134187889597373e-01
711	6.7493832836024192e-01	2.3893490257054846e+00	9.1134187889597373e-01
712	6.9508574114711486e-01	2.4606728772190807e+00	9.1134187889597373e-01
713	7.1523315393398779e-01	2.5319967287326777e+00	9.1134187889597373e-01
714	7.3538056672086061e-01	2.6033205802462738e+00	9.1134187889597373e-01
715	7.5552797950773354e-01	2.6746444317598703e+00	9.1134187889597384e-01
716	7.7567539229460647e-01	2.7459682832734669e+00	9.1134187889597373e-01
717	7.9582280508147940e-01	2.8172921347870639e+00	9.1134187889597373e-01
718	8.0925441360606132e-01	2.8648413691294610e+00	9.1134187889597373e-01
719	8.1597021786835233e-01	2.8886159863006600e+00	9.1134187889597373e-01
720	2.1668845030515421e-01	9.7678711044409972e-01	9.2580574155342821e-01
721	2.2203878241145431e-01	1.0009053107019787e+00	9.2580574155342821e-01
722	2.3273944662405457e-01	1.0491417112177368e+00	9.2580574155342821e-01
723	2.4879044294295485e-01	1.1214963119913739e+00	9.2580574155342821e-01
724	2.6484143926185516e-01	1.1938509127650108e+00	9.2580574155342810e-01
725	2.8089243558075544e-01	1.2662055135386479e+00	9.2580574155342821e-01
726	2.9694343189965583e-01	1.3385601143122849e+00	9.2580574155342821e-01
727	3.1299442821855611e-01	1.4109147150859220e+00	9.2580574155342821e-01
728	3.2904542453745639e-01	1.4832693158595591e+00	9.2580574155342810e-01
729	3.4509642085635672e-01	1.5556239166331960e+00	9.2580574155342821e-01
730	3.6114741717525695e-01	1.6279785174068331e+00	9.2580574155342821e-01
731	3.7719841349415728e-01	1.7003331181804697e+00	9.2580574155342832e-01
732	3.9324940981305762e-01	1.7726877189541073e+00	9.2580574155342810e-01
733	4.0930040613195795e-01	1.8450423197277437e+00	9.2580574155342821e-01
734	4.2535140245085823e-01	1.9173969205013812e+00	9.2580574155342821e-01
735	4.4140239876975856e-01	1.9897515212750176e+00	9.2580574155342821e-01
736	4.5745339508865884e-01	2.0621061220486552e+00	9.2580574155342810e-01
737	4.7350439140755918e-01	2.1344607228222920e+00	9.2580574155342821e-01
738	4.8955538772645951e-01	2.2068153235959294e+00	9.2580574155342810e-01
739	5.0560638404535974e-01	2.2791699243695662e+00	9.2580574155342821e-01
740	5.2165738036426013e-01	2.3515245251432031e+00	9.2580574155342821e-01
741	5.3770837668316041e-01	2.4238791259168404e+00	9.2580574155342821e-01
742	5.5375937300206068e-01	2.4962337266904768e+00	9.2580574155342821e-01
743	5.6981036932096096e-01	2.5685883274641141e+00	9.2580574155342821e-01
744	5.8586136563986135e-01	2.6409429282377510e+00	9.2580574155342821e-01
745	6.0191236195876163e-01	2.7132975290113883e+00	9.2580574155342821e-01
746	6.1796335827766191e-01	2.7856521297850252e+00	9.2580574155342821e-01
747	6.3401435459656230e-01	2.8580067305586629e+00	9.2580574155342821e-01
748	6.4471501880916249e-01	2.9062431310744197e+00	9.2580574155342821e-01
749	6.5006535091546258e-01	2.9303613313322994e+00	9.2580574155342821e-01
750	1.6160341436670250e-01	9.8737793212132841e-01	9.4187670006171098e-01
751	1.6559362212884329e-01	1.0117576341490155e+00	9.4187670006171098e-01
752	1.7357403765312493e-01	1.0605170382043898e+00	9.4187670006171098e-01
753	1.8554466093954736e-01	1.1336561442874513e+00	9.4187670006171098e-01
754	1.9751528422596976e-01	1.2067952503705126e+00	9.4187670006171076e-01
755	2.0948590751239210e-01	1.2799343564535739e+00	9.4187670006171098e-01
756	2.2145653079881458e-01	1.3530734625366354e+00	9.4187670006171098e-01
757	2.3342715408523695e-01	1.4262125686196967e+00	9.4187670006171098e-01
758	2.4539777737165941e-01	1.4993516747027580e+00	9.4187670006171076e-01
759	2.5736840065808175e-01	1.5724907807858195e+00	9.4187670006171098e-01
760	2.6933902394450415e-01	1.6456298868688806e+00	9.4187670006171098e-01
761	2.8130964723092661e-01	1.7187689929519421e+00	9.4187670006171098e-01
762	2.9328027051734895e-01	1.7919080990350034e+00	9.4187670006171076e-01
763	3.0525089380377135e-01	1.8650472051180647e+00	9.4187670006171098e-01
764	3.1722151709019381e-01	1.9381863112011259e+00	9.4187670006171098e-01
765	3.2919214037661620e-01	2.0113254172841875e+00	9.4187670006171098e-01
766	3.4116276366303866e-01	2.0844645233672492e+00	9.4187670006171076e-01
767	3.5313338694946100e-01	2.1576036294503100e+00	9.4187670006171098e-01
768	3.6510401023588346e-01	2.2307427355333722e+00	9.4187670006171076e-01
769	3.7707463352230575e-01	2.3038818416164326e+00	9.4187670006171098e-01
770	3.8904525680872820e-01	2.3770209476994939e+00	9.4187670006171098e-01
771	4.0101588009515060e-01	2.4501600537825556e+00	9.4187670006171098e-01
772	4.1298650338157300e-01	2.5232991598656169e+00	9.4187670006171098e-01
773	4.2495712666799546e-01	2.5964382659486787e+00	9.4187670006171098e-01
774	4.3692774995441780e-01	2.6695773720317395e+00	9.4187670006171098e-01
775	4.4889837324084031e-01	2.7427164781148008e+00	9.4187670006171098e-01
776	4.6086899652726265e-01	2.8158555841978621e+00	9.4187670006171098e-01
777	4.7283961981368505e-01	2.8889946902809238e+00	9.4187670006171098e-01
778	4.8082003533796669e-01	2.9377540943362974e+00	9.4187670006171098e-01
779	4.8481024310010751e-01	2.9621337963639851e+00	9.4187670006171098e-01
780	1.0700085744647139e-01	9.9475827611094503e-01	9.5955475442082183e-01
781	1.0964285392663117e-01	1.0193202088544253e+00	9.5955475442082183e-01
782	1.1492684688695079e-01	1.0684440743413857e+00	9.5955475442082183e-01
783	1.2285283632743013e-01	1.1421298725718259e+00	9.5955475442082183e-01
784	1.3077882576790953e-01	1.2158156708022663e+00	9.5955475442082161e-01
785	1.3870481520838884e-01	1.2895014690327067e+00	9.5955475442082183e-01
786	1.4663080464886824e-01	1.3631872672631471e+00	9.5955475442082183e-01
787	1.5455679408934761e-01	1.4368730654935873e+00	9.5955475442082183e-01
788	1.6248278352982695e-01	1.5105588637240277e+00	9.5955475442082161e-01
789	1.7040877297030629e-01	1.5842446619544681e+00	9.5955475442082183e-01
790	1.7833476241078569e-01	1.6579304601849083e+00	9.5955475442082183e-01
791	1.8626075185126501e-01	1.7316162584153483e+00	9.5955475442082205e-01
792	1.9418674129174437e-01	1.8053020566457896e+00	9.5955475442082161e-01
793	2.0211273073222374e-01	1.8789878548762295e+00	9.5955475442082183e-01
794	2.1003872017270314e-01	1.9526736531066697e+00	9.5955475442082183e-01
795	2.1796470961318246e-01	2.0263594513371102e+00	9.5955475442082183e-01
796	2.2589069905366185e-01	2.1000452495675508e+00	9.5955475442082161e-01
797	2.3381668849414117e-01	2.1737310477979910e+00	9.5955475442082183e-01
798	2.4174267793462062e-01	2.2474168460284316e+00	9.5955475442082161e-01
799	2.4966866737509991e-01	2.3211026442588714e+00	9.5955475442082183e-01
800	2.5759465681557930e-01	2.3947884424893124e+00	9.5955475442082183e-01
801	2.6552064625605865e-01	2.4684742407197522e+00	9.5955475442082183e-01
802	2.7344663569653804e-01	2.5421600389501933e+00	9.5955475442082183e-01
803	2.8137262513701738e-01	2.6158458371806335e+00	9.5955475442082183e-01
804	2.8929861457749673e-01	2.6895316354110737e+00	9.5955475442082183e-01
805	2.9722460401797612e-01	2.7632174336415143e+00	9.5955475442082183e-01
806	3.0515059345845547e-01	2.8369032318719540e+00	9.5955475442082183e-01
807	3.1307658289893486e-01	2.9105890301023947e+00	9.5955475442082183e-01
808	3.1836057585925442e-01	2.9597128955893548e+00	9.5955475442082183e-01
809	3.2100257233941420e-01	2.9842748283328353e+00	9.5955475442082183e-01
810	5.3123584068423581e-02	9.9906573614609606e-01	9.7883990463076109e-01
811	5.4435277502211818e-02	1.0237340259274812e+00	9.7883990463076109e-01
812	5.7058664369788299e-02	1.0730706054902515e+00	9.7883990463076109e-01
813	6.0993744671153011e-02	1.1470754748344067e+00	9.7883990463076109e-01
814	6.4928824972517701e-02	1.2210803441785620e+00	9.7883990463076098e-01
815	6.8863905273882406e-02	1.2950852135227171e+00	9.7883990463076109e-01
816	7.2798985575247138e-02	1.3690900828668726e+00	9.7883990463076109e-01
817	7.6734065876611843e-02	1.4430949522110279e+00	9.7883990463076109e-01
818	8.0669146177976561e-02	1.5170998215551830e+00	9.7883990463076098e-01
819	8.4604226479341252e-02	1.5911046908993383e+00	9.7883990463076109e-01
820	8.8539306780705956e-02	1.6651095602434935e+00	9.7883990463076109e-01
821	9.2474387082070661e-02	1.7391144295876484e+00	9.7883990463076131e-01
822	9.6409467383435365e-02	1.8131192989318041e+00	9.7883990463076098e-01
823	1.0034454768480010e-01	1.8871241682759592e+00	9.7883990463076109e-01
824	1.0427962798616480e-01	1.9611290376201145e+00	9.7883990463076109e-01
825	1.0821470828752951e-01	2.0351339069642695e+00	9.7883990463076109e-01
826	1.1214978858889423e-01	2.1091387763084248e+00	9.7883990463076098e-01
827	1.1608486889025892e-01	2.1831436456525801e+00	9.7883990463076109e-01
828	1.2001994919162365e-01	2.2571485149967359e+00	9.7883990463076098e-01
829	1.2395502949298833e-01	2.3311533843408907e+00	9.7883990463076109e-01
830	1.2789010979435306e-01	2.4051582536850464e+00	9.7883990463076109e-01
831	1.3182519009571775e-01	2.4791631230292008e+00	9.7883990463076109e-01
832	1.3576027039708247e-01	2.5531679923733566e+00	9.7883990463076109e-01
833	1.3969535069844716e-01	2.6271728617175123e+00	9.7883990463076109e-01
834	1.4363043099981190e-01	2.7011777310616671e+00	9.7883990463076109e-01
835	1.4756551130117662e-01	2.7751826004058224e+00	9.7883990463076109e-01
836	1.5150059160254131e-01	2.8491874697499777e+00	9.7883990463076109e-01
837	1.5543567190390600e-01	2.9231923390941335e+00	9.7883990463076109e-01
838	1.5805905877148246e-01	2.9725289186569035e+00	9.7883990463076109e-01
839	1.5937075220527075e-01	2.9971972084382883e+00	9.7883990463076109e-01
840	1.7586611865278840e-02	1.0000000000000000e+00	9.9276806867127276e-01
841	1.8020849195285724e-02	1.0246913580246912e+00	9.9276806867127276e-01
842	1.8889323855299501e-02	1.0740740740740742e+00	9.9276806867127276e-01
843	2.0192035845320151e-02	1.1481481481481484e+00	9.9276806867127276e-01
844	2.1494747835340805e-02	1.2222222222222221e+00	9.9276806867127265e-01
845	2.2797459825361455e-02	1.2962962962962963e+00	9.9276806867127276e-01
846	2.4100171815382116e-02	1.3703703703703702e+00	9.9276806867127276e-01
847	2.5402883805402773e-02	1.4444444444444444e+00	9.9276806867127276e-01
848	2.6705595795423427e-02	1.5185185185185186e+00	9.9276806867127265e-01
849	2.8008307785444077e-02	1.5925925925925923e+00	9.9276806867127276e-01
850	2.9311019775464731e-02	1.6666666666666667e+00	9.9276806867127276e-01
851	3.0613731765485382e-02	1.7407407407407403e+00	9.9276806867127299e-01
852	3.1916443755506035e-02	1.8148148148148149e+00	9.9276806867127265e-01
853	3.3219155745526689e-02	1.8888888888888891e+00	9.9276806867127276e-01
854	3.4521867735547357e-02	1.9629629629629628e+00	9.9276806867127276e-01
855	3.5824579725568004e-02	2.0370370370370372e+00	9.9276806867127276e-01
856	3.7127291715588664e-02	2.1111111111111107e+00	9.9276806867127265e-01
857	3.8430003705609311e-02	2.1851851851851851e+00	9.9276806867127276e-01
858	3.9732715695629972e-02	2.2592592592592595e+00	9.9276806867127265e-01
859	4.1035427685650619e-02	2.3333333333333330e+00	9.9276806867127276e-01
860	4.2338139675671280e-02	2.4074074074074070e+00	9.9276806867127276e-01
861	4.3640851665691927e-02	2.4814814814814810e+00	9.9276806867127276e-01
862	4.4943563655712587e-02	2.5555555555555554e+00	9.9276806867127276e-01
863	4.6246275645733241e-02	2.6296296296296298e+00	9.9276806867127276e-01
864	4.7548987635753895e-02	2.7037037037037042e+00	9.9276806867127276e-01
865	4.8851699625774556e-02	2.7777777777777777e+00	9.9276806867127276e-01
866	5.0154411615795209e-02	2.8518518518518516e+00	9.9276806867127276e-01
867	5.1457123605815863e-02	2.9259259259259260e+00	9.9276806867127276e-01
868	5.2325598265829630e-02	2.9753086419753085e+00	9.9276806867127276e-01
869	5.2759835595836517e-02	3.0000000000000004e+00	9.9276806867127276e-01
870	0.0000000000000000e+00	1.0000000000000000e+00	1.0000000000000000e+00
871	0.0000000000000000e+00	1.0246913580246915e+00	1.0000000000000000e+00
872	0.0000000000000000e+00	1.0740740740740742e+00	1.0000000000000000e+00
873	0.0000000000000000e+00	1.1481481481481481e+00	1.0000000000000000e+00
874	0.0000000000000000e+00	1.2222222222222223e+00	9.9999999999999989e-01
875	0.0000000000000000e+00	1.2962962962962963e+00	1.0000000000000000e+00
876	0.0000000000000000e+00	1.3703703703703705e+00	1.0000000000000000e+00
877	0.0000000000000000e+00	1.4444444444444444e+00	1.0000000000000000e+00
878	0.0000000000000000e+00	1.5185185185185186e+00	9.9999999999999989e-01
879	0.0000000000000000e+00	1.5925925925925926e+00	1.0000000000000000e+00
880	0.0000000000000000e+00	1.6666666666666665e+00	1.0000000000000000e+00
881	0.0000000000000000e+00	1.7407407407407403e+00	1.0000000000000002e+00
882	0.0000000000000000e+00	1.8148148148148149e+00	9.9999999999999989e-01
883	0.0000000000000000e+00	1.8888888888888888e+00	1.0000000000000000e+00
884	0.0000000000000000e+00	1.9629629629629628e+00	1.0000000000000000e+00
885	0.0000000000000000e+00	2.0370370370370368e+00	1.0000000000000000e+00
886	0.0000000000000000e+00	2.1111111111111112e+00	9.9999999999999989e-01
887	0.0000000000000000e+00	2.1851851851851851e+00	1.0000000000000000e+00
888	0.0000000000000000e+00	2.2592592592592595e+00	9.9999999999999989e-01
889	0.0000000000000000e+00	2.3333333333333330e+00	1.0000000000000000e+00
890	0.0000000000000000e+00	2.4074074074074074e+00	1.0000000000000000e+00
891	0.0000000000000000e+00	2.4814814814814814e+00	1.0000000000000000e+00
892	0.0000000000000000e+00	2.5555555555555554e+00	1.0000000000000000e+00
893	0.0000000000000000e+00	2.6296296296296298e+00	1.0000000000000000e+00
894	0.0000000000000000e+00	2.7037037037037037e+00	1.0000000000000000e+00
895	0.0000000000000000e+00	2.7777777777777777e+00	1.0000000000000000e+00
896	0.0000000000000000e+00	2.8518518518518516e+00	1.0000000000000000e+00
897	0.0000000000000000e+00	2.9259259259259260e+00	1.0000000000000000e+00
898	0.0000000000000000e+00	2.9753086419753085e+00	1.0000000000000000e+00
899	0.0000000000000000e+00	3.0000000000000000e+00	1.0000000000000000e+00

0   1   0.0
1   1   0.0
2   1   0.0
3   1   0.0
4   1   0.0
5   1   0.0
6   1   0.0
7   1   0.0
8   1   0.0
9   1   0.0
10  1   0.0
11  1   0.0
12  1   0.0
13  1   0.0
14  1   0.0
15  1   0.0
16  1   0.0
17  1   0.0
18  1   0.0
19  1   0.0
20  1   0.0
21  1   0.0
22  1   0.0
23  1   0.0
24  1   0.0
25  1   0.0
26  1   0.0
27  1   0.0
28  1   0.0
29  1   0.0
59  1   0.0
89  1   0.0
119 1   0.0
149 1   0.0
179 1   0.0
209 1   0.0
239 1   0.0
269 1   0.0
299 1   0.0
329 1   0.0
359 1   0.0
389 1   0.0
419 1   0.0
449 1   0.0
479 1   0.0
509 1   0.0
539 1   0.0
569 1   0.0
599 1   0.0
629 1   0.0
659 1   0.0
689 1   0.0
719 1   0.0
749 1   0.0
779 1   0.0
809 1   0.0
839 1   0.0
869 1   0.0
899 1   0.0
29  0   0.0
59  0   0.0
89  0   0.0
119 0   0.0
149 0   0.0
179 0   0.0
209 0   0.0
239 0   0.0
269 0   0.0
299 0   0.0
329 0   0.0
359 0   0.0
389 0   0.0
419 0   0.0
449 0   0.0
479 0   0.0
509 0   0.0
539 0   0.0
569 0   0.0
599 0   0.0
629 0   0.0
659 0   0.0
689 0   0.0
719 0   0.0
749 0   0.0
779 0   0.0
809 0   0.0
839 0   0.0
869 0   0.0
870 0   0.0
871 0   0.0
872 0   0.0
873 0   0.0
874 0   0.0
875 0   0.0
876 0   0.0
877 0   0.0
878 0   0.0
879 0   0.0
880 0   0.0
881 0   0.0
882 0   0.0
883 0   0.0
884 0   0.0
885 0   0.0
886 0   0.0
887 0   0.0
888 0   0.0
889 0   0.0
890 0   0.0
891 0   0.0
892 0   0.0
893 0   0.0
894 0   0.0
895 0   0.0
896 0   0.0
897 0   0.0
898 0   0.0
899 0   0.0