コントロールポイント番号	rf_x	rf_y
0	5.830071436928546e-02	-5.188735888099430e-02
1	7.452391406684842e-03	-1.071909197559979e-01
2	6.294549971250394e-01	-5.702713799454551e-02
3	1.027338056854987e+00	5.732863456635879e-01
4	-2.092963495760291e+00	-2.680398408686668e+00
5	-8.528582477491268e-01	-6.330427478259610e+00
6	-9.130260802535074e-03	-6.451553782148475e+00
7	-7.966223091396915e-15	-6.281221548066305e+00
8	-5.832414905322845e-15	-6.166202269341099e+00
9	1.603497597865799e-15	-6.098705955530327e+00
10	-6.753616299511782e-15	-6.046148065763531e+00
11	-7.637677607211117e-15	-6.002988374761808e+00
12	-3.641596399730601e-15	-5.964922204157481e+00
13	-7.781286392223537e-15	-5.928139471820765e+00
14	-1.212137582368058e-15	-5.891165715361807e+00
15	-3.072781902286536e-15	-5.851374749962296e+00
16	-7.817740615859482e-16	-5.806472935335979e+00
17	1.650849665561936e-16	-4.323883788570012e+00
18	-9.693396105755730e-15	-2.864899307864331e+00
19	-9.844800306931900e-16	-1.425844363924454e+00
20	-4.226179199662138e-02	-1.840330064952670e-02
21	4.268871938579177e-03	-1.325645435567570e-01
22	1.147751040463501e+00	-1.156522967756059e+00
23	2.214701110153219e+00	-3.461689230748214e+00
24	-2.990737996057852e+00	-2.027958104691081e+00
25	-1.286427424740260e+00	-1.738181139297684e-01
26	-1.136269721608211e-02	-1.973910403118079e-04
27	5.849505231122641e-15	8.876307774343566e-16
28	6.095685329538333e-15	9.900897599172393e-16
29	8.291596546796676e-16	-1.878533000559895e-15
30	-9.572818602510769e-15	-4.301202165392214e-15
31	3.391088904441074e-15	8.817309260875852e-16
32	-3.241375911095299e-15	5.579854652827510e-15
33	-6.076876647168352e-15	-3.358224054134200e-15
34	5.484570961610857e-15	-5.324499008178936e-16
35	-9.568653056538949e-15	-2.619928930360999e-15
36	-1.247958354868638e-14	-4.976335228879250e-15
37	5.842146558050512e-15	-1.783337450297195e-16
38	-7.556480481914140e-16	-3.257795303979411e-15
39	9.291948082952555e-15	-9.656244486300437e-16
40	-6.612127185921621e-01	-1.699862293393800e+00
41	-2.267133846682904e-01	-3.921594408409504e+00
42	4.554375837214843e-01	-6.270126362154831e+00
43	1.615666418241520e+00	-7.062678538637518e+00
44	-2.022574658732043e+00	-2.657326141233098e+00
45	-9.044182385347826e-01	-1.582744797181899e-01
46	-5.427010368766431e-03	-1.073431088645458e-04
47	1.175051045483362e-15	6.926606915939071e-15
48	5.444942647389500e-15	-4.338140884998050e-17
49	-6.694915200694469e-16	-3.640266679857456e-15
50	-6.396257575249680e-15	2.585020860499275e-16
51	1.769781204524833e-14	-1.342421470971503e-15
52	-5.183751986560198e-15	-1.447253609428641e-15
53	-9.632050714445954e-15	6.077799888575634e-15
54	7.748430664684843e-15	3.937503572323113e-15
55	-9.258885024002117e-15	1.971334481434783e-15
56	-5.260809310885912e-15	2.064627034927655e-15
57	2.323558342910098e-15	8.385797396759746e-15
58	-1.828871643344332e-14	2.936480986179643e-15
59	3.690175175034384e-15	-6.609514719891676e-16
60	-6.153176462914036e+00	-3.997460536417042e+00
61	7.472202492694244e-01	-8.200704753388427e+00
62	3.136023745456187e+00	-6.554380952526210e+00
63	3.814390012722647e+00	-5.030687177511887e-01
64	2.121823123185063e-01	4.237622672335531e-01
65	-2.250246361076325e-01	1.570557692660363e-03
66	-8.289258432496030e-04	-8.334967196496028e-06
67	-5.208765893051078e-15	4.754142341799853e-15
68	-1.755678211289331e-15	-2.946093126094650e-15
69	-1.205150788657926e-15	-1.564899095434628e-15
70	-5.719530397151779e-15	1.797070234222509e-15
71	1.186838640160422e-14	-7.410083817564696e-15
72	6.736887719801286e-15	-6.947044398929447e-15
73	-4.911693663785197e-15	-3.834348563651032e-16
74	1.064502830416823e-14	-2.876161761766234e-15
75	-8.014014236475438e-15	8.591680220192073e-15
76	-5.356791060872438e-15	1.085511448652657e-14
77	3.260428849973999e-15	8.382135421865860e-15
78	-2.268023324436920e-14	4.540198505934516e-16
79	1.719133531503615e-14	-1.858734476128818e-16
80	-6.757748875984229e+00	3.421794499592314e+00
81	1.887377875770352e+00	5.824138355831772e+00
82	4.662646782710627e+00	7.390999167934096e+00
83	3.630180814137147e+00	5.150286053792726e+00
84	4.151231608146119e-01	7.438875077593294e-01
85	-1.032556576328124e-03	1.050404005910736e-02
86	-1.130324353674796e-06	1.375633648912531e-07
87	-4.794619954305969e-15	-2.689931189987423e-15
88	3.581230085424184e-15	-1.312057647801441e-14
89	1.032383106241043e-14	-6.760053825184350e-16
90	-1.857757723621889e-14	6.202329810920654e-15
91	-3.025039705788782e-15	-1.743374720033977e-15
92	1.350059217101322e-14	4.897642223107956e-16
93	-1.203824660485719e-14	1.184067687017021e-14
94	9.056772644161464e-15	-2.457461842481604e-15
95	1.241943490036817e-14	-3.881417887481641e-15
96	-2.105332005549406e-14	5.598595380878759e-15
97	-1.282760083033331e-15	1.069210462009193e-15
98	-1.624675780873059e-14	-6.177903405504883e-15
99	4.901937902103095e-15	3.430253604246719e-15
100	-1.072284092060407e+00	1.818571257020987e+00
101	4.089405468036302e-01	3.065955822260052e+00
102	7.416812785844052e-01	2.738885389376104e+00
103	4.208833698896101e-01	1.049451507414759e+00
104	2.709519181889488e-02	4.770851105438479e-02
105	3.054995596217830e-05	4.224945558313585e-05
106	-6.451207978417243e-16	2.938581193205422e-15
107	-8.587752762837348e-16	-1.470301844278909e-15
108	4.807221812244909e-15	1.062320951036009e-14
109	1.076971578513629e-14	-8.396356535458860e-15
110	-1.695079446060519e-14	-1.408802241500774e-14
111	4.781534955396531e-15	-1.680819415493780e-15
112	2.713150032296290e-14	-1.110519498143060e-14
113	-1.778683943334673e-14	-7.484653903932763e-15
114	-1.079907210940300e-15	-1.014708037393096e-14
115	1.080582055467731e-14	-1.205142315760316e-14
116	-1.039470897974854e-14	-1.043660084911560e-14
117	-8.782352058010856e-15	4.448579381168609e-15
118	3.786984903225405e-15	-5.969274708931590e-16
119	2.976273849082791e-14	9.293473207133117e-15
120	-1.949544641307875e-01	2.098054515569114e-02
121	2.480102853861813e-03	2.838709941831907e-02
122	2.038917747243523e-03	1.460626160383993e-02
123	4.145831567454857e-04	2.378763144609517e-03
124	9.893866140321700e-07	4.011285800962962e-06
125	-2.313341572534611e-15	-3.477496829243109e-15
126	1.424450282585528e-15	-5.971996989692414e-15
127	-4.455754198615443e-16	2.166472618816178e-15
128	9.651293344027393e-16	1.056381787013296e-14
129	-8.528209739501137e-15	-4.502285128537745e-15
130	-2.656609608906798e-15	-2.316948311791690e-14
131	-6.637178864287368e-16	8.579766126743320e-16
132	5.044820586810592e-15	-1.272388910426772e-15
133	-1.386539466654337e-14	2.893442623605349e-15
134	-6.560102111194318e-15	9.418777716913369e-15
135	-5.618601372983431e-15	-9.498491005560987e-15
136	3.327777520831377e-15	3.168973606079185e-15
137	-1.153387296909981e-15	-4.406382697098066e-15
138	-1.799650897598939e-14	-5.433102246169049e-15
139	2.753887009759844e-14	7.487430891239826e-15
140	-1.132114216798945e-01	-3.138413466683550e-15
141	-4.370744899537639e-15	-2.526211275703854e-15
142	-1.666270524474473e-15	1.352609285424358e-15
143	-2.621437966938472e-15	1.434563919006907e-14
144	-4.272807431556566e-15	8.836700475679646e-15
145	3.561558866467523e-15	1.334512963863475e-15
146	3.343892643089250e-15	-1.196672470740316e-16
147	-4.173172338374507e-15	1.964039891587917e-14
148	-1.078308516049437e-16	-1.278677409327327e-15
149	-1.053096958080267e-14	1.340139169216378e-14
150	5.654413026072535e-15	1.697681969476645e-14
151	6.340852100193236e-15	1.136985150360362e-14
152	7.239628352576415e-16	7.645695485328809e-15
153	-4.484248991048494e-15	9.625309922518086e-15
154	-1.333465133535967e-14	9.797897810425270e-15
155	-1.073875210479025e-14	8.999144677397272e-15
156	-3.903713873315440e-15	6.063870968633797e-15
157	-3.829894122743552e-15	3.860728852133220e-16
158	-1.999158437008498e-14	-9.724318634990746e-15
159	1.449223168844626e-14	-3.571975279985777e-15
160	-1.149735958182171e-01	-1.844087213275549e-14
161	2.555787624326632e-15	3.774750351270253e-15
162	8.802259626560159e-15	3.431014805211302e-15
163	3.278191248337569e-15	8.380338690036034e-15
164	-2.736126899977555e-15	7.331368634098902e-15
165	4.719330819709593e-15	1.347114057073939e-14
166	3.326068887673166e-15	1.582348239962557e-14
167	-1.064558202843455e-14	1.273598170996180e-14
168	-2.781290171801507e-15	-7.158493979320356e-15
169	3.183684384031333e-15	-1.213638795161105e-16
170	-6.823006903691277e-15	1.464936245200755e-14
171	-1.141798307735447e-14	6.128801165464979e-15
172	1.608926487701109e-14	4.214340200699584e-15
173	4.821423158883757e-15	-2.006947448648809e-15
174	-2.066691592237132e-14	7.493147679775146e-15
175	4.910452841451922e-15	7.181410214798430e-15
176	-6.280648622126541e-15	1.617378866622903e-15
177	-1.186567957531727e-14	9.636805925436140e-16
178	1.440134754963697e-14	-2.968944118626025e-15
179	2.575777369857672e-15	-5.994309711500770e-15
180	-9.209954509282038e-02	-1.096374586984593e-14
181	3.159723242338943e-15	1.010915972259222e-14
182	1.000464307508586e-14	1.309587239122064e-14
183	1.164370420354836e-14	4.705115640956543e-15
184	5.287140861266831e-15	1.894398405565567e-15
185	-5.005064471245892e-15	1.481330904360916e-14
186	-6.349444201586240e-15	-8.689687278309394e-15
187	-5.023013155181203e-15	-1.117235845268240e-14
188	1.312092808457546e-15	5.910674619051731e-15
189	1.301732436929856e-14	-1.170154403490669e-14
190	-2.748944967703323e-15	-2.016829379097606e-14
191	-1.948787366460691e-14	1.040461506574692e-14
192	1.558251842205667e-14	2.564197728678706e-15
193	6.682941760881861e-15	5.924803045415658e-16
194	-1.971705669607891e-14	-1.065830212512121e-14
195	9.671761276285749e-15	-5.662173881092255e-17
196	5.968934188878823e-15	8.406470068656701e-15
197	-1.893837625107411e-14	1.556186492877378e-15
198	-4.858770459441778e-15	1.289528481778102e-14
199	1.386932234216392e-14	-1.122472510292293e-14
200	-9.221326225602031e-02	-1.030648204202622e-15
201	-3.892447657685925e-15	1.709029643829685e-14
202	3.433691897095262e-15	2.536189507167093e-14
203	5.759248499398786e-15	-2.297360829496830e-16
204	2.705071656851084e-15	-2.588969552561309e-14
205	-9.977376365383601e-15	-1.873884281251550e-14
206	-1.015947653898662e-14	-1.610311133571510e-14
207	2.900705896696662e-15	-1.353520399216147e-14
208	8.948566010297899e-15	3.403233775076875e-15
209	5.285714854882048e-15	1.817232209329484e-15
210	2.368755511096288e-15	-1.367508023082320e-14
211	-2.115628403850537e-15	1.467165326901346e-14
212	8.107238636250583e-15	1.009431436428665e-14
213	-4.145384965737415e-15	1.160548635332220e-14
214	-1.409305436385851e-14	1.689441794717060e-14
215	2.239076093548027e-14	8.803579830499070e-16
216	1.092586490844073e-14	2.975431867853674e-15
217	-1.764690425095777e-14	-1.287836421061810e-14
218	-3.369954449106466e-14	4.071627691613938e-15
219	4.325674629124051e-14	-1.272051623752822e-14
220	-9.501334092016427e-02	-4.431620319936435e-15
221	4.229780641962825e-15	1.980315786890593e-14
222	-3.920694174817874e-16	1.616992500322015e-14
223	-1.218979447520824e-14	-2.482363614466130e-14
224	-1.084262558572736e-14	-3.845488675253821e-14
225	3.535695974702198e-15	-6.482474687010289e-15
226	2.995949253345876e-15	-9.994427146056456e-15
227	-5.528527375964667e-15	1.139673527504315e-14
228	9.280680659971348e-15	-9.019868107561797e-15
229	1.559164516661251e-15	-2.792437538047102e-15
230	-5.191014963236508e-15	-1.890092497551576e-15
231	1.052815660144867e-15	-1.204653820056801e-14
232	1.160016433373761e-14	-1.376011315874818e-14
233	-5.600020389809740e-16	-7.843081283733920e-15
234	-7.973548494819713e-15	-1.491869251884784e-14
235	1.196207681477587e-14	-9.441990577215220e-15
236	-6.327234719283262e-15	-9.012025784919314e-15
237	-3.244134090823754e-14	-1.151042289950939e-14
238	-2.299188621658805e-14	4.866552012627150e-15
239	5.478177208475148e-14	-1.627017998497164e-14
240	-1.065850078933631e-01	-6.249243719960648e-15
241	3.881705251305987e-15	1.507277141050814e-14
242	-4.929868869735388e-15	6.054826499007899e-15
243	-1.638415312839581e-14	-4.353766950618455e-15
244	1.603045439643077e-15	1.160822904779093e-14
245	4.649473271789969e-15	2.590164354292783e-14
246	1.828902231738921e-15	1.419507030782531e-14
247	-5.914112794750820e-15	2.701574797371445e-14
248	3.721088963865458e-15	-8.280584745527311e-15
249	7.215629919371888e-15	3.439672046379611e-15
250	-1.023691726778262e-14	6.154152359041459e-15
251	-7.573877031721538e-15	-4.852371531102266e-16
252	6.382232177229576e-15	-1.108669872206312e-14
253	1.431378308467098e-15	-9.571658173105133e-15
254	-9.042255267883390e-15	-1.006355971390635e-14
255	2.612535551489206e-15	-1.969189410245606e-14
256	5.243421820766550e-15	1.113319683703370e-15
257	-3.273014241422356e-15	1.162024706272531e-14
258	-2.977996688330830e-15	4.066371085121303e-14
259	1.611473213650954e-14	4.618776192130169e-15
260	-1.244694637351187e-01	-1.299317511764882e-14
261	4.589716803524589e-15	-2.069843497963884e-14
262	-2.282785305019558e-15	-1.464405055640088e-14
263	-2.627206787085951e-15	5.000887698429831e-15
264	-3.154918823382243e-16	2.774252329131010e-15
265	7.975123282490467e-15	-2.136514752367809e-16
266	-8.899984182284066e-15	8.027900061906791e-15
267	-6.201212635157603e-15	6.737685369342188e-15
268	-1.691304693245595e-15	-2.152988426136187e-14
269	-4.788429022444339e-16	-2.720548114605096e-14
270	-4.718674650649524e-15	-2.565949179005534e-14
271	1.948581781806246e-16	-1.251326787686278e-14
272	2.482649307549783e-15	1.650187985797484e-14
273	-5.063123614395902e-15	2.193203381859518e-14
274	-1.712803413487622e-14	2.972298222665019e-14
275	-1.140700205029047e-14	1.621586663947971e-14
276	8.262274931504768e-15	4.526285471070915e-16
277	2.411896019512212e-14	6.782152989256782e-15
278	2.153575618047371e-14	9.831718749688345e-15
279	-1.209554828158213e-14	-6.967707425845327e-16
280	-1.500089443264908e-01	-1.286049347093609e-15
281	-8.033270113583799e-17	1.291449083460048e-14
282	1.190060464573099e-14	9.331602257114607e-15
283	6.304945048803525e-15	1.653626805871563e-14
284	2.339322184250318e-15	1.189005888753131e-14
285	-4.629753247522807e-15	-1.227489514372593e-14
286	-5.685239344909455e-15	-8.694162827211745e-15
287	4.126075620609682e-15	-1.242706065919043e-15
288	-1.344861810384504e-14	-7.087218614440055e-15
289	-5.055842629868410e-15	4.151068788571081e-15
290	6.386814205628363e-15	-8.879988409204225e-15
291	7.618846451222773e-15	-9.205362454370838e-15
292	1.014012383024168e-14	-2.466305785452477e-14
293	1.033446886308744e-14	3.024155249539809e-14
294	-1.420921134198081e-14	8.571707568476024e-15
295	-1.614074192603181e-14	2.491728140937798e-14
296	4.698060721254595e-15	2.159220903121090e-14
297	7.017492707569939e-15	1.540473676923523e-14
298	1.161073027533810e-14	-3.467632449376174e-15
299	-5.980807373941958e-15	-1.218727294923045e-14
300	-1.844122741638539e-01	2.664431554536402e-14
301	-9.268080280772850e-16	1.923860933544107e-14
302	-4.266935300944976e-15	1.706021257034675e-14
303	-2.685847782882408e-15	-7.628005400464406e-15
304	-1.149499970461780e-15	-5.578334783466886e-15
305	-2.301184854423541e-15	-2.511422257303764e-14
306	6.023729901426144e-15	7.380021331949089e-16
307	1.845814627956824e-14	-2.991465605874870e-14
308	-2.779792647212941e-15	2.076281318490152e-14
309	-1.442504266841585e-14	4.671126004199427e-14
310	-9.976312133367356e-15	1.756515359951715e-14
311	-8.775111065184439e-15	-7.807079895122459e-15
312	6.971572833448398e-15	9.267302430959901e-15
313	1.995162137461021e-14	5.864545071947846e-15
314	-1.139159994669989e-14	9.972675176969937e-15
315	-1.300872366242031e-14	1.605247639254415e-14
316	-1.296197084034443e-14	1.751234847576325e-15
317	-2.856366870429376e-14	-2.343345112438403e-14
318	-1.873106723162585e-14	-1.640537683006651e-14
319	1.332077887056250e-14	-1.964544095440925e-14
320	-2.302407788249915e-01	-3.168985740941556e-15
321	-4.814235910880100e-15	-8.106560598552987e-15
322	-1.868675231215069e-15	-1.887247215201686e-15
323	-6.774154343936516e-15	1.259496943010634e-14
324	-1.297881636674012e-15	2.322568319366383e-14
325	7.278397286992419e-15	2.663866269592873e-14
326	-2.068447777987820e-15	6.434813043814016e-14
327	8.042788221325756e-15	2.559697675207929e-14
328	6.030634162466875e-15	-4.298011147104866e-15
329	-4.986993802958182e-16	-1.316276734151064e-14
330	-1.588127736300223e-14	4.482866035119556e-15
331	-1.231380091646578e-14	-8.219143561704380e-15
332	6.505277200006027e-15	-9.676676721031573e-15
333	5.918785850805014e-15	1.068378700283949e-14
334	1.832323621989884e-16	-2.706789543240479e-15
335	-1.524761047018551e-14	-2.743887955645800e-14
336	-1.882588277803534e-14	-7.455349443589915e-15
337	-1.995956445339267e-14	2.202531854989982e-14
338	-3.737242409052628e-14	8.461836875342521e-15
339	1.852103527339458e-14	1.374415037827991e-14
340	-2.074834727122243e-01	-1.482465927083350e-14
341	-5.495887919941155e-15	-2.585428230303948e-14
342	3.516690957705106e-15	-5.836947927251144e-15
343	4.182675202612416e-16	-1.959316427768962e-14
344	-3.423185478468146e-15	2.589496795922447e-14
345	2.462697203331344e-15	-3.913298100443475e-14
346	-1.402976909319934e-15	-1.787693486738438e-14
347	-5.052982482682248e-15	-1.786257709706599e-15
348	3.402692997893203e-15	-1.555195753532113e-15
349	1.632820634730294e-15	3.989616145172151e-15
350	-1.508715442539655e-15	-8.632582296965702e-16
351	-4.640697836567540e-15	-1.480908678144288e-15
352	1.145911648954897e-14	6.448235895780572e-15
353	8.518234466230932e-15	3.872175719023623e-15
354	-1.439091231433150e-14	-6.143488280544717e-14
355	-1.446571429687135e-15	-6.014356079734829e-14
356	8.361054923496113e-15	2.173834522689374e-14
357	1.280066155625082e-14	-3.606437325401666e-15
358	2.267548141931361e-15	-1.554402240659416e-14
359	-1.012520394667554e-14	2.411727885942092e-14
360	-1.594008480910854e-01	-8.032868930779916e-15
361	5.545277987475682e-15	1.085932656164534e-14
362	1.228855605444481e-15	1.682519613857196e-14
363	3.499866338654878e-15	2.895669379876349e-14
364	-9.111432332143655e-15	-3.107988747562467e-14
365	2.009322509775111e-15	-4.070388035527779e-14
366	4.385603435693088e-15	-4.490764391921590e-14
367	4.868007694529999e-15	2.812810504025776e-14
368	7.670732717873522e-15	6.563931440333988e-14
369	-6.213437025767617e-15	7.056553969472991e-14
370	-1.993216912902173e-14	4.939397146388601e-14
371	-9.413128241919380e-16	-4.745182078110181e-14
372	7.182660723772107e-15	2.588210412031253e-14
373	-3.305106921251125e-15	-9.642541049368070e-14
374	-1.009234273324917e-14	-6.678285496963839e-14
375	1.461315825689494e-14	-7.646679706759681e-14
376	1.193255905522471e-14	2.469520486461015e-14
377	1.167268839414673e-14	-6.611721035578481e-15
378	2.409962693764560e-14	-4.333538846304085e-14
379	-1.706998774712106e-14	4.359494667489211e-15
380	-8.783064299646680e-02	1.470588235293427e+00
381	8.411563628644784e-15	2.941176470586806e+00
382	-1.311336959041334e-15	4.411764705880211e+00
383	-1.026083686752114e-15	5.882352941173639e+00
384	1.366973221340240e-15	5.882352941173588e+00
385	-1.093371455017276e-14	5.882352941173615e+00
386	1.431624258427789e-15	5.882352941173691e+00
387	-1.110466811295288e-18	5.882352941173641e+00
388	-4.141550689682542e-15	5.882352941173494e+00
389	-4.429536740895330e-15	5.882352941173516e+00
390	3.799166115472732e-16	5.882352941173626e+00
391	4.626612646740361e-15	5.882352941173601e+00
392	-1.523267164512230e-14	5.882352941173679e+00
393	-3.136230296761394e-14	5.882352941173711e+00
394	5.053356678641098e-15	5.882352941173700e+00
395	3.376356864281093e-14	5.882352941173639e+00
396	7.612759457939682e-15	5.882352941173524e+00
397	-2.492279472499356e-15	4.411764705880177e+00
398	1.189956798224869e-14	2.941176470586776e+00
399	-3.279133048265676e-15	1.470588235293400e+00
400	3.752894368197261e-15	-4.320790934166149e-01
401	-2.475356235632332e-15	-8.213462016062689e-01
402	-4.792069805694715e-16	-1.147364895611512e+00
403	2.707022134053028e-15	-1.402472041454107e+00
404	1.985872303265305e-15	-1.272474419718147e+00
405	9.093800612910630e-16	-1.169655395522929e+00
406	-2.489373751138186e-15	-1.087314766924494e+00
407	-2.393567411111842e-15	-1.020574533138306e+00
408	-9.164115479315830e-16	-9.659219702729089e-01
409	7.479586944699729e-16	-9.207585221051737e-01
410	3.960903858663898e-16	-8.831334962327140e-01
411	3.299468964747166e-16	-8.515752940993530e-01
412	-5.965552639159407e-16	-8.249065190047664e-01
413	-8.907115128811247e-16	-8.021639887195052e-01
414	4.283727204123098e-16	-7.824007690757565e-01
415	-3.719949283826662e-16	-7.645972757015382e-01
416	-3.796757165971655e-16	-7.470007280171633e-01
417	-3.159130873073285e-16	-5.482479242842843e-01
418	-3.328296322831974e-16	-3.577244052760371e-01
419	1.155278892458653e-01	-1.677171462696427e-01
420	7.283550865682452e-15	-2.668181692924914e-16
421	-4.861358529321035e-15	-9.712005612339989e-16
422	2.334628481092163e-16	-1.513364215831875e-16
423	2.763431904419864e-16	6.851756313832777e-16
424	1.612507374570686e-15	4.641145621977502e-17
425	1.594153698121933e-15	-6.699994476362481e-16
426	1.988013257266219e-16	-1.199745664464785e-15
427	-2.275894780282250e-15	-2.979452362272066e-16
428	9.339068210342306e-16	4.961059866797160e-17
429	-1.275892299649487e-15	6.774619179165799e-17
430	-3.363158221462309e-17	1.598620479245833e-16
431	-1.189840409177074e-16	-3.655085692237563e-16
432	-3.254203573676733e-16	-3.683949267391515e-16
433	-8.211236295118067e-16	5.148300023060145e-17
434	-5.402790877158268e-16	1.530229217736210e-16
435	2.885339310861874e-16	6.254274995475086e-17
436	2.826260817300733e-17	1.927011526226327e-16
437	-1.438152822771394e-16	-9.390539448995175e-17
438	-1.296818030158174e-17	3.559920658632214e-17
439	2.340148476339253e-01	5.497930579929580e-02
440	8.887026616260707e-15	2.645456063647877e-16
441	-1.864335720547734e-15	-6.301687447562735e-16
442	5.008916382007864e-16	2.404341478475961e-16
443	6.882749734307446e-16	1.013651422810733e-15
444	5.100505573795740e-16	-2.211256023014012e-18
445	6.321247892197823e-16	-1.436438075086825e-15
446	-4.569644909446146e-16	-4.655866000591736e-16
447	-2.595554892521963e-15	-7.429761488181168e-16
448	2.940881998651253e-15	-4.840476035672212e-16
449	3.319575200805553e-15	-2.526290517435188e-17
450	4.511701840958429e-16	3.921923425695710e-16
451	-4.105069104152705e-15	-7.585965671924692e-16
452	-1.135824020048404e-16	-6.507212040423365e-16
453	1.039427971602563e-18	-2.339165836619691e-16
454	-3.261932213720982e-17	-1.544609036140238e-16
455	1.954177618195865e-16	2.765362718711467e-16
456	-1.305454047526327e-16	4.539539684493964e-16
457	-4.384725806989337e-16	3.649567846442751e-17
458	-4.703065736334777e-17	4.459596703558369e-17
459	3.396107998342090e-01	1.995772014883579e-01
460	-3.669709082244764e-16	-2.559921601299341e-16
461	2.757845246503870e-15	1.641500614266462e-15
462	1.596286330136585e-16	5.907841284899275e-16
463	-2.334887921121411e-16	-1.525489688823818e-15
464	-1.352060308295876e-15	-4.114539590059896e-16
465	-1.013261596266081e-15	-2.075905664222221e-15
466	-1.179980006278201e-15	7.575894909267079e-17
467	-4.490839260080191e-15	1.685306953707026e-16
468	3.262270265467205e-15	-4.439151853180470e-16
469	3.982767987527219e-15	2.430644494588758e-16
470	1.722222933859329e-16	-5.051861504318222e-16
471	-4.887674917377120e-15	-7.492251271680420e-16
472	1.617723267336968e-16	4.835287023122212e-16
473	2.425964347007988e-15	-2.537417396898551e-16
474	4.185618889741320e-16	7.057152043844692e-17
475	5.386738970014630e-16	-1.834634727180378e-16
476	2.843723808749397e-16	-3.681741436516622e-16
477	-1.912745647815774e-16	-1.436766203366959e-16
478	-1.378431772208494e-16	1.328411829695168e-16
479	4.143766242640972e-01	4.893567691099250e-01
480	2.624896760838112e-15	-4.105231124587972e-15
481	2.955124309975296e-15	1.300454267327301e-15
482	-2.867205791712628e-15	-9.306279558233249e-16
483	-3.108732164971061e-15	-1.078568732852979e-15
484	2.623295178802568e-15	-8.766130643051541e-16
485	6.525346094034684e-18	-7.580070835463782e-16
486	6.243378501321955e-16	1.051524703945629e-15
487	-3.085506552473223e-15	1.385483690391090e-15
488	1.722736549753332e-15	-5.438570940129306e-16
489	1.861996503170395e-15	-1.109085889788794e-15
490	-6.114375812167327e-16	-1.859603586720492e-15
491	3.050028146387131e-15	-6.395421573996665e-16
492	-1.333354167422229e-15	4.010153349386562e-16
493	2.791706983477979e-16	-7.241797409747835e-16
494	1.134730103673600e-16	-4.246094941912003e-16
495	8.148463399683762e-16	2.579221238730724e-16
496	1.814004438935769e-16	-6.364348131552550e-17
497	6.395910778433699e-16	-4.233551568640901e-16
498	3.142298475526770e-16	-1.981378146728279e-16
499	3.438881567612297e-01	7.534097331710999e-01
500	2.558860202841983e-15	-2.276976538459142e-15
501	2.143304286301013e-15	3.788045984045409e-15
502	1.013374925179880e-15	-6.685159292963290e-16
503	4.327391765995742e-16	1.531223801506770e-15
504	-1.266501645847942e-15	3.713929965472356e-16
505	1.388113313404075e-15	1.764203079209502e-15
506	4.106507933077754e-16	1.568601249385999e-15
507	-1.832133779375356e-15	-8.546250647573625e-16
508	-1.545033091832227e-15	1.093045610562133e-16
509	-2.755362822529786e-15	1.921782048776242e-16
510	-2.525606050914104e-15	-1.389422441830792e-15
511	5.647978187832229e-15	2.350347518220353e-16
512	1.049681399759978e-15	8.205121048967397e-16
513	-1.457672646497226e-15	2.720922339521731e-16
514	-1.000761614912435e-15	-1.091533706511368e-15
515	1.425252734323476e-16	-3.393215020676493e-17
516	4.843906822063491e-16	-4.037148643293762e-16
517	4.439033092791974e-16	-2.164760084977121e-16
518	5.318043419776921e-16	-1.863006748187369e-16
519	2.463453422489802e-01	9.446061576403135e-01
520	7.894384334551036e-15	-5.003092730642519e-16
521	-7.615683455610918e-15	-5.611248361923820e-16
522	-5.334340958410252e-15	-2.049016030644156e-15
523	3.147160244879892e-15	-2.450265118681360e-15
524	3.490094641286577e-15	2.998533997028492e-16
525	-2.285891765783376e-15	8.351473292396397e-16
526	1.362962296169045e-15	1.103157748793987e-15
527	-6.684600541765292e-16	-1.619829145823219e-15
528	-2.100350889030903e-16	-3.606200679264775e-16
529	-1.952508400755259e-15	1.562940281596278e-15
530	-4.044982852935773e-15	-6.242674759838238e-16
531	1.568460804199251e-15	7.035941686148242e-16
532	3.595218336792155e-15	1.160471421240479e-15
533	-8.331393587458225e-16	1.280172933185711e-16
534	-1.470103484309761e-15	-5.076445352706847e-16
535	3.359214954805534e-16	1.237420484762966e-16
536	2.187397352753173e-16	5.284032087706020e-16
537	1.209257455073639e-16	5.104061721476804e-17
538	4.594632813592018e-16	3.827313078212636e-16
539	1.195783010916058e-01	1.064625847120038e+00
540	1.065237337234233e-14	2.070652605300439e-15
541	-5.118716981305440e-15	3.080382810987600e-15
542	-5.946764912169474e-15	2.100703749080775e-15
543	-4.321531487693258e-15	-3.422831518371458e-16
544	2.574126514224002e-15	4.690301294133585e-16
545	-5.950722321650169e-16	-2.617741815836807e-15
546	1.230339120579075e-15	2.428684041743723e-15
547	-1.974747720055322e-15	1.025179977457239e-15
548	2.507216624313813e-16	-1.593170767490897e-15
549	2.677745217677562e-15	2.398213058152486e-15
550	-1.869704597421478e-15	-3.782526867701176e-16
551	-8.305732441011796e-16	-9.014091568475035e-17
552	1.618869458941546e-15	6.958871131507263e-16
553	-9.393445755315210e-16	-6.365681482593488e-16
554	-6.726527935429659e-16	-3.725952924523420e-16
555	-1.020067406115211e-17	3.461259064335203e-16
556	-2.114132276382950e-16	6.759967890941476e-16
557	-2.871367972855887e-16	1.662448338344415e-16
558	2.865783511104419e-16	4.406836741809573e-16
559	-4.103711412657193e-02	1.208927769251861e+00
560	5.110491280572893e-15	-1.381826050280335e-14
561	3.967763032002294e-15	1.710669948847020e-15
562	-1.337696465748005e-15	7.019551595982234e-15
563	-3.077246280450757e-15	-1.544973330928102e-15
564	2.344113422032257e-16	-1.643453766156917e-16
565	-1.472273744279340e-15	4.114198913553267e-15
566	-5.370227326743281e-16	-1.127953580050661e-15
567	-1.129281580060216e-15	-1.311872227512319e-15
568	-7.116350348313707e-16	5.601576979643535e-16
569	2.504301725034779e-15	2.990403965937641e-15
570	-2.180121399706853e-16	-2.490239168859563e-15
571	-1.111409531875417e-15	-1.753728732649482e-15
572	2.079956772948695e-15	1.179539755449644e-15
573	-1.144514422473881e-15	2.037119388379881e-16
574	-9.772172879280476e-16	-9.526903179776068e-16
575	2.454470579878823e-16	1.140845751087646e-15
576	-2.019298026100707e-16	6.529071262632238e-16
577	-2.779107820751969e-16	9.175083284709569e-16
578	-2.456175318471185e-16	2.862483788379272e-16
579	-2.085437027678791e-01	1.434170791878680e+00
580	-1.077340042596803e-14	-1.415598960360968e-14
581	6.769372242466224e-15	5.578987360676091e-15
582	1.369811786737987e-15	-1.765529713595565e-15
583	1.816681689328214e-15	-6.898966566789566e-16
584	5.109769776419496e-15	2.841823865200146e-15
585	1.672206733407696e-15	3.159938309763496e-15
586	-3.361787620720629e-15	-6.735927116041603e-15
587	-2.869645878153118e-15	-7.802229753750939e-15
588	1.415919300818353e-15	8.805999265855349e-16
589	2.663881301481825e-15	2.638653369788115e-15
590	-6.636998167975026e-16	-1.518778208893986e-15
591	-3.485413806318718e-16	-2.531226981921406e-16
592	1.703359639474344e-15	1.136498064197167e-15
593	-4.855615340295414e-16	8.209697380906115e-16
594	-1.156405011223637e-15	-1.161860405295792e-15
595	-2.578553989353705e-16	4.050741148088836e-16
596	-3.848180535165488e-16	6.015884906977458e-16
597	-1.629464279808291e-16	8.009518733818287e-17
598	-2.132765433715284e-16	3.361281373984832e-16
599	-3.507493978654004e-01	1.587219615825038e+00
600	-5.615903141322770e-15	4.891226595930581e-16
601	1.626215684289625e-15	4.253754601206547e-15
602	-1.285637572655572e-15	-6.897243718628655e-16
603	-2.597133997229755e-15	-2.459849661989976e-15
604	5.583970582580410e-15	1.197718102680250e-14
605	3.312063066265201e-15	4.850374244835132e-15
606	-3.273957506145156e-15	-1.100235790764026e-14
607	-4.443301658667791e-15	-5.569619050496306e-15
608	3.744665169317903e-15	5.227609177006467e-15
609	1.745618780540820e-15	5.308540438027667e-15
610	-2.497128660435361e-15	-4.637232856726937e-15
611	-2.269402555960432e-16	1.537379183213624e-15
612	7.299369540980574e-16	1.899116910958908e-15
613	-7.261496956693645e-16	-1.245031930892004e-16
614	-8.817206016327697e-16	-1.843745444890511e-15
615	9.158214772457510e-17	-5.031938603097386e-17
616	-2.290674624174012e-16	3.764457475315328e-16
617	-6.318018488872030e-16	-6.905645809319578e-16
618	-1.920795438664896e-16	-4.668844546474519e-16
619	-4.605673119901235e-01	1.525825020866765e+00
620	7.678091625761548e-15	2.295405587151654e-14
621	-1.305720522623288e-15	-7.659285145152488e-15
622	-2.950411686249701e-15	-4.059754776747653e-15
623	-3.668262563176657e-15	-1.033129160577353e-15
624	4.313278900902466e-15	7.931829877812371e-15
625	1.154291188184590e-15	7.142766651063619e-15
626	-3.478822471374329e-15	-1.107875992950765e-14
627	-1.741653325074306e-15	-1.441341045711722e-15
628	4.514726612208385e-15	1.223238010298908e-14
629	9.208406727179217e-17	2.720678891601447e-15
630	-2.955548556849404e-15	-7.591671993329466e-15
631	1.308040320872691e-15	3.754703118573647e-15
632	-1.004617732366036e-15	-2.023823651276571e-15
633	-3.657131362625171e-16	-1.018375416547437e-15
634	-6.037255616996072e-16	-2.686614585436551e-15
635	2.287042745005942e-16	2.693354578954183e-16
636	2.583774057365828e-16	7.545024689072844e-17
637	-3.320746612293978e-16	-5.194162423465882e-16
638	5.363073808835328e-17	-4.908877801858627e-16
639	-5.438391939205084e-01	1.295951997034664e+00
640	1.311935316577639e-15	-1.469698322891208e-14
641	2.886611372885903e-15	-1.085004190214710e-14
642	-8.580728055594645e-16	9.517052534015358e-16
643	-2.713022944447923e-15	-8.077644528253924e-16
644	2.107060680581708e-15	1.203463000560204e-14
645	7.027266325743711e-16	6.246497558366292e-15
646	-2.027406318264675e-16	-3.242439668503744e-15
647	-1.223906890930378e-15	5.563721616610725e-16
648	3.125015744724759e-15	1.068556706881871e-14
649	-4.115688154121868e-16	-4.577040931771497e-15
650	-9.687814839402968e-16	-1.756922339677721e-15
651	8.762454757874883e-16	6.302309467901010e-15
652	-2.226981001496199e-15	-3.722499481364357e-15
653	3.013300109812559e-16	-1.972956026750628e-15
654	5.711961307271296e-16	-2.039918489998729e-15
655	5.970012285204289e-16	-6.271192003387755e-16
656	2.964778449882507e-16	-8.681596481687465e-16
657	-3.261612859965991e-16	-1.052121069269128e-15
658	3.746214967468957e-17	-1.054945442729104e-15
659	-5.840016131236828e-01	1.111464027704807e+00
660	-1.128078304142539e-14	-2.193540160725351e-14
661	8.017944444082915e-15	1.522264904482321e-14
662	1.522098833956224e-15	1.831863035385369e-14
663	-3.289171055191418e-15	-2.514156952755697e-15
664	9.807678548283131e-16	-6.689896010107833e-15
665	-1.452766560408027e-15	-6.893442731793529e-15
666	2.899462713822564e-15	-2.369224493552284e-15
667	1.077231300399501e-15	2.880519219081464e-15
668	2.633207205810826e-15	6.390231885717652e-15
669	1.018836354568579e-17	-2.657445894890889e-15
670	1.300410862679019e-15	8.211784544715351e-15
671	1.138052079108189e-16	1.724848019683256e-15
672	-1.156158364369742e-15	-8.464874134744980e-15
673	2.762492719416468e-17	-2.624544262498813e-15
674	9.410512223261587e-16	2.608628865992716e-15
675	7.319657510351448e-16	6.749810249116385e-16
676	-6.535236593357307e-16	-2.147966147658475e-15
677	9.379067446515799e-17	-2.075091052980967e-15
678	-6.998397968451843e-18	-7.329930899171912e-16
679	-5.522980632398030e-01	1.087187277787712e+00
680	-1.021135862387748e-14	-2.426063328494741e-14
681	8.738359450421043e-15	2.362248938412970e-14
682	5.543797437059801e-15	2.166252063614362e-14
683	-5.852711786737638e-16	-6.389199231760730e-15
684	-1.039566679761723e-15	-1.144918190816884e-14
685	-9.185957184941256e-16	-4.554731089010499e-15
686	-9.121726036519964e-16	-1.438756079346915e-14
687	5.099627075311575e-15	1.786646091652688e-14
688	-1.108388097110161e-15	-1.581930668404973e-15
689	-9.225608849644125e-16	1.693373634731225e-15
690	3.447199723617823e-15	1.507144458889491e-14
691	-1.100509510727552e-15	-6.110839487611150e-15
692	1.794775762744197e-16	-7.208580525124136e-15
693	-5.495069178121813e-16	-5.519936229370734e-16
694	3.024630079176904e-16	-2.228090058636634e-16
695	3.535078588496287e-16	1.112278385976478e-15
696	4.881232185016186e-16	1.066887054563982e-16
697	-4.355260773302361e-17	-1.692663992115168e-15
698	-1.223625913185930e-16	-3.246481410456681e-16
699	-4.522570809325519e-01	1.100086358115035e+00
700	-1.743315020186121e-15	-1.079611352914566e-15
701	-2.597251701644651e-15	-1.185903866294744e-14
702	3.669502573813106e-15	2.324260069898831e-16
703	6.362815024406992e-15	-4.296728477103404e-15
704	3.569016332511944e-16	2.942823036908152e-16
705	1.215651364546484e-15	-4.746624650777134e-15
706	-3.066412198315614e-15	-6.681267858968812e-15
707	3.393143837131892e-16	6.854914897547588e-15
708	1.800438385618926e-15	3.944114040911498e-15
709	2.696514127135739e-16	7.448246872811921e-15
710	1.117701726774046e-15	6.394771928186304e-15
711	6.432351472755244e-16	-7.574765005391599e-15
712	-8.457645267895204e-17	-2.713875687733139e-15
713	3.823574707812506e-17	1.833202160839747e-15
714	-3.904159044270019e-16	-1.512120267376270e-15
715	-5.350709536968949e-17	-9.193798995184024e-16
716	5.012540919947997e-16	-4.135232682251007e-16
717	3.511860141553903e-17	-3.309889304271403e-16
718	-1.768979605946139e-16	-4.977060777739046e-16
719	-3.306679533322224e-01	1.023807933462530e+00
720	5.507260766419347e-15	1.663503829657188e-14
721	-4.166033162187831e-15	-3.683809557165566e-14
722	-1.974065110515939e-15	-1.787710107880938e-14
723	4.569542692408176e-15	1.102091086701078e-14
724	1.122659928694345e-15	5.920228342494449e-15
725	4.615072369206203e-16	1.724336587916039e-15
726	-2.866082778190258e-15	-4.713478815898341e-15
727	-2.683878912867180e-15	-5.403304591436681e-15
728	1.605331578330079e-15	1.282301966440280e-14
729	8.280157810225739e-16	1.649673156794322e-15
730	8.676530669870263e-16	-1.871422720107959e-15
731	-5.761572557680042e-16	-4.984784594171641e-15
732	-7.834640622561000e-16	4.573194504771083e-15
733	-7.631064473989636e-16	-1.373135317100875e-15
734	-3.627295247508221e-16	-2.030008100821009e-15
735	-4.027091149905644e-16	-1.250884503903684e-15
736	-5.096267834459812e-16	5.904998002891827e-16
737	-4.393152659848884e-16	-3.344230799279950e-16
738	-2.671607031297883e-16	-5.962454968740560e-16
739	-2.247883952763280e-01	8.839376845523779e-01
740	3.055473283859129e-15	8.465771585358696e-15
741	-1.538831392560563e-16	-1.700550229323907e-14
742	-3.731470387230211e-15	-1.268840150228551e-14
743	-9.310799101460262e-16	5.338955044348774e-15
744	2.576062886548936e-15	3.605139670926472e-15
745	4.738303506352444e-16	2.865323559392761e-16
746	1.190748055541472e-15	1.453165180399578e-15
747	-3.369062275300182e-15	-1.047997556089808e-14
748	-1.725498424018239e-15	1.430535641385579e-15
749	2.480616509585309e-15	3.977162752039395e-15
750	1.706418526702990e-15	-1.291248557539791e-15
751	-7.584563462233663e-17	3.764362815661159e-15
752	-9.925548090142550e-16	2.575219488646884e-15
753	1.907867904364253e-16	-2.872453054528159e-15
754	5.641342909008271e-16	9.413029522049175e-16
755	-3.213048110129880e-16	-2.222032639567833e-16
756	6.704885832104957e-17	1.431243287161787e-15
757	-5.761217410527476e-16	3.922348057312200e-16
758	-4.352258570899936e-16	-1.773043246510592e-16
759	-1.108744292344978e-01	6.002222852042951e-01
760	4.650517665171693e-16	-9.817051649854914e-15
761	-7.403637026176797e-16	-4.605335218810003e-15
762	-7.555640033324562e-16	-3.964222165035482e-16
763	-1.166766795045901e-15	2.147158867718991e-15
764	2.660002679920500e-16	1.321591081998152e-15
765	9.004404921610521e-17	5.515836415939600e-16
766	2.604866526056859e-16	5.825978462636493e-15
767	-2.190986428633266e-15	4.505106559587036e-16
768	-3.433553586706578e-15	-7.766507567017623e-15
769	4.406536971555584e-16	-2.179723393483317e-15
770	1.956553199231032e-16	3.764617122207526e-16
771	-3.834215734988268e-16	4.442880748226683e-15
772	1.177573406823094e-15	-9.133370286954194e-16
773	6.595880632727209e-16	-1.364085801828336e-15
774	-5.892796302647347e-16	-4.836157244009987e-16
775	-2.668402599779302e-17	1.287814533150004e-15
776	2.340244036562857e-16	7.035475379880022e-16
777	-2.600729961249604e-16	6.205363371585004e-18
778	1.252253509220758e-16	-7.865886761382335e-17
779	-4.449805538485007e-02	3.906059458747039e-01
780	1.449495199358947e-01	1.966088527050959e-15
781	2.593465443016699e-01	-1.917947210970414e-15
782	3.298928608457454e-01	-6.042994798745215e-16
783	3.534921249404055e-01	-1.553754812349671e-15
784	2.687342016627075e-01	-3.062960062496122e-15
785	2.048972896654266e-01	-3.790911125929055e-15
786	1.563283759713454e-01	3.081865983462626e-15
787	1.188950998914676e-01	9.173456055008555e-16
788	8.972346032586957e-02	-6.072783700111785e-15
789	6.673021221365666e-02	-2.426074679201523e-16
790	4.840050080766984e-02	2.837163462265501e-15
791	3.369425634080425e-02	-2.804159812783750e-16
792	2.185271283833987e-02	-3.050391959678330e-16
793	1.248044453516974e-02	2.139068020587346e-16
794	5.295280532288229e-03	-1.188619818259866e-15
795	4.392819351671198e-04	-9.544025657155696e-16
796	-1.873872250919324e-03	-1.676484931594950e-16
797	-1.891376238218832e-03	5.268900685759595e-16
798	-2.093397359618167e-03	-1.029992063861229e-16
799	-1.851317078039149e-02	2.134676645638009e-01
