206000  3.000000e-01

64

740

2     2
2     2
2     2
2     2
2     2
2     2
2     2
2     2
2     2
2     2
2     2
2     2
2     2
2     2
2     2
2     2
2     2
2     2
2     2
2     2
2     2
2     2
2     2
2     2
2     2
2     2
2     2
2     2
2     2
2     2
2     2
2     2
2     2
2     2
2     2
2     2
2     2
2     2
2     2
2     2
2     2
2     2
2     2
2     2
2     2
2     2
2     2
2     2
2     2
2     2
2     2
2     2
2     2
2     2
2     2
2     2
2     2
2     2
2     2
2     2
2     2
2     2
2     2
2     2

7     6
7     6
7     6
7     6
7     6
7     6
7     6
7     6
7     6
7     6
7     6
7     6
7     6
7     6
7     6
7     6
7     6
7     7
6     7
6     7
7     7
7     6
7     6
7     7
6     7
6     7
7     7
7     6
7     6
7     7
6     7
6     7
7     7
7     6
7     6
7     7
6     7
6     7
7     7
7     6
11    7
11    6
11    6
11    7
11    7
11    6
11    6
11    7
11    7
11    6
11    6
11    7
11    7
11    6
11    6
11    7
11    7
11    6
11    6
11    7
11    7
11    6
11    6
11    7

4     3
4     3
4     3
4     3
4     3
4     3
4     3
4     3
4     3
4     3
4     3
4     3
4     3
4     3
4     3
4     3
4     3
4     4
3     4
3     4
4     4
4     3
4     3
4     4
3     4
3     4
4     4
4     3
4     3
4     4
3     4
3     4
4     4
4     3
4     3
4     4
3     4
3     4
4     4
4     3
8     4
8     3
8     3
8     4
8     4
8     3
8     3
8     4
8     4
8     3
8     3
8     4
8     4
8     3
8     3
8     4
8     4
8     3
8     3
8     4
8     4
8     3
8     3
8     4

0    1    2    3    4    5    6    7    8    9    10   11
8    9    10   11   12   13   14   15   16   17   18   19
16   17   18   19   20   21   22   23   24   25   26   27
24   25   26   27   28   29   30   31   32   33   34   35
32   36   37   38   39   40   41   42   43   44   45   46
43   44   45   46   47   48   49   50   51   52   53   54
51   52   53   54   55   56   57   58   59   60   61   62
59   60   61   62   63   64   65   66   0    1    2    3
67   68   69   70   71   72   73   74   75   76   77   78
75   76   77   78   79   80   81   82   83   84   85   86
83   84   85   86   87   88   89   90   91   92   93   94
91   92   93   94   95   96   97   98   99   100  101  102
99   100  101  102  103  104  105  106  107  108  109  110
107  108  109  110  111  112  113  114  115  116  117  118
115  116  117  118  119  120  121  122  123  124  125  126
123  124  125  126  127  128  129  130  67   131  132  133
3    134  135  136  7    137  138  139  11   140  141  142
11   140  141  142  143  144  145  146  147  148  149  150  151  152  153  154
19   15   11   155  156  143  157  158  147  159  160  151
27   23   19   161  162  155  163  164  157  165  166  159
167  168  169  27   170  171  172  161  173  174  175  163  176  177  178  165
179  180  181  35   182  183  184  31   167  168  169  27
185  186  187  46   188  189  190  42   191  192  193  38
194  195  196  197  198  199  200  201  202  203  204  205  185  186  187  46
197  206  207  201  208  209  205  210  211  46   50   54
207  212  213  209  214  215  211  216  217  54   58   62
213  218  219  220  215  221  222  223  217  224  225  226  62   227  228  229
62   227  228  229  66   230  231  232  3    134  135  136
70   233  234  179  74   235  236  182  78   237  238  167
78   237  238  167  239  240  241  170  242  243  244  173  245  246  247  176
86   82   78   248  249  239  250  251  242  252  253  245
94   90   86   254  255  248  256  257  250  258  259  252
260  261  262  94   263  264  265  254  266  267  268  256  269  270  271  258
272  273  274  102  275  276  277  98   260  261  262  94
278  279  280  110  281  282  283  106  272  273  274  102
284  285  286  287  288  289  290  291  292  293  294  295  278  279  280  110
287  296  297  291  298  299  295  300  301  110  114  118
297  302  303  299  304  305  301  306  307  118  122  126
303  308  309  194  305  310  311  198  307  312  313  202  126  314  315  185
126  314  315  185  130  316  317  188  133  318  319  191
220  320  321  322  323  324  325  326  223  327  328  329  330  331  332  333  226  334  335  336  337  338  339  340  229  341  342  343  344  345  346  347
229  341  342  343  344  345  346  347  232  348  349  350  351  352  353  354  136  355  356  357  358  359  360  361
136  355  356  357  358  359  360  361  139  362  363  364  365  366  367  368  142  369  370  371  372  373  374  375
142  369  370  371  372  373  374  375  146  376  377  378  379  380  381  382  150  383  384  385  386  387  388  389  154  390  391  392  393  394  395  396
154  390  391  392  393  394  395  396  153  397  398  399  400  401  402  403  152  404  405  406  407  408  409  410  151  411  412  413  414  415  416  417
151  411  412  413  414  415  416  417  160  418  419  420  421  422  423  424  159  425  426  427  428  429  430  431
159  425  426  427  428  429  430  431  166  432  433  434  435  436  437  438  165  439  440  441  442  443  444  445
165  439  440  441  442  443  444  445  178  446  447  448  449  450  451  452  177  453  454  455  456  457  458  459  176  460  461  462  463  464  465  466
176  460  461  462  463  464  465  466  247  467  468  469  470  471  472  473  246  474  475  476  477  478  479  480  245  481  482  483  484  485  486  487
245  481  482  483  484  485  486  487  253  488  489  490  491  492  493  494  252  495  496  497  498  499  500  501
252  495  496  497  498  499  500  501  259  502  503  504  505  506  507  508  258  509  510  511  512  513  514  515
258  509  510  511  512  513  514  515  271  516  517  518  519  520  521  522  270  523  524  525  526  527  528  529  269  530  531  532  533  534  535  536
269  530  531  532  533  534  535  536  266  537  538  539  540  541  542  543  263  544  545  546  547  548  549  550  260  551  552  553  554  555  556  557
260  551  552  553  554  555  556  557  275  558  559  560  561  562  563  564  272  565  566  567  568  569  570  571
272  565  566  567  568  569  570  571  281  572  573  574  575  576  577  578  278  579  580  581  582  583  584  585
278  579  580  581  582  583  584  585  292  586  587  588  589  590  591  592  288  593  594  595  596  597  598  599  284  600  601  602  603  604  605  606
284  600  601  602  603  604  605  606  285  607  608  609  610  611  612  613  286  614  615  616  617  618  619  620  287  621  622  623  624  625  626  627
287  621  622  623  624  625  626  627  296  628  629  630  631  632  633  634  297  635  636  637  638  639  640  641
297  635  636  637  638  639  640  641  302  642  643  644  645  646  647  648  303  649  650  651  652  653  654  655
303  649  650  651  652  653  654  655  308  656  657  658  659  660  661  662  309  663  664  665  666  667  668  669  194  670  671  672  673  674  675  676
194  670  671  672  673  674  675  676  195  677  678  679  680  681  682  683  196  684  685  686  687  688  689  690  197  691  692  693  694  695  696  697
197  691  692  693  694  695  696  697  206  698  699  700  701  702  703  704  207  705  706  707  708  709  710  711
207  705  706  707  708  709  710  711  212  712  713  714  715  716  717  718  213  719  720  721  722  723  724  725
213  719  720  721  722  723  724  725  218  726  727  728  729  730  731  732  219  733  734  735  736  737  738  739  220  320  321  322  323  324  325  326

????   0  ????

0.0000000000000000e+00  0.0000000000000000e+00  0.0000000000000000e+00  5.0000000000000000e-01  1.0000000000000000e+00  1.0000000000000000e+00  1.0000000000000000e+00
0.0000000000000000e+00  0.0000000000000000e+00  0.0000000000000000e+00  1.0000000000000000e+00  1.0000000000000000e+00  1.0000000000000000e+00
0.0000000000000000e+00  0.0000000000000000e+00  0.0000000000000000e+00  5.0000000000000000e-01  1.0000000000000000e+00  1.0000000000000000e+00  1.0000000000000000e+00
0.0000000000000000e+00  0.0000000000000000e+00  0.0000000000000000e+00  1.0000000000000000e+00  1.0000000000000000e+00  1.0000000000000000e+00
0.0000000000000000e+00  0.0000000000000000e+00  0.0000000000000000e+00  5.0000000000000000e-01  1.0000000000000000e+00  1.0000000000000000e+00  1.0000000000000000e+00
0.0000000000000000e+00  0.0000000000000000e+00  0.0000000000000000e+00  1.0000000000000000e+00  1.0000000000000000e+00  1.0000000000000000e+00
0.0000000000000000e+00  0.0000000000000000e+00  0.0000000000000000e+00  5.0000000000000000e-01  1.0000000000000000e+00  1.0000000000000000e+00  1.0000000000000000e+00
0.0000000000000000e+00  0.0000000000000000e+00  0.0000000000000000e+00  1.0000000000000000e+00  1.0000000000000000e+00  1.0000000000000000e+00
0.0000000000000000e+00  0.0000000000000000e+00  0.0000000000000000e+00  5.0000000000000000e-01  1.0000000000000000e+00  1.0000000000000000e+00  1.0000000000000000e+00
0.0000000000000000e+00  0.0000000000000000e+00  0.0000000000000000e+00  1.0000000000000000e+00  1.0000000000000000e+00  1.0000000000000000e+00
0.0000000000000000e+00  0.0000000000000000e+00  0.0000000000000000e+00  5.0000000000000000e-01  1.0000000000000000e+00  1.0000000000000000e+00  1.0000000000000000e+00
0.0000000000000000e+00  0.0000000000000000e+00  0.0000000000000000e+00  1.0000000000000000e+00  1.0000000000000000e+00  1.0000000000000000e+00
0.0000000000000000e+00  0.0000000000000000e+00  0.0000000000000000e+00  5.0000000000000000e-01  1.0000000000000000e+00  1.0000000000000000e+00  1.0000000000000000e+00
0.0000000000000000e+00  0.0000000000000000e+00  0.0000000000000000e+00  1.0000000000000000e+00  1.0000000000000000e+00  1.0000000000000000e+00
0.0000000000000000e+00  0.0000000000000000e+00  0.0000000000000000e+00  5.0000000000000000e-01  1.0000000000000000e+00  1.0000000000000000e+00  1.0000000000000000e+00
0.0000000000000000e+00  0.0000000000000000e+00  0.0000000000000000e+00  1.0000000000000000e+00  1.0000000000000000e+00  1.0000000000000000e+00
0.0000000000000000e+00  0.0000000000000000e+00  0.0000000000000000e+00  5.0000000000000000e-01  1.0000000000000000e+00  1.0000000000000000e+00  1.0000000000000000e+00
0.0000000000000000e+00  0.0000000000000000e+00  0.0000000000000000e+00  1.0000000000000000e+00  1.0000000000000000e+00  1.0000000000000000e+00
0.0000000000000000e+00  0.0000000000000000e+00  0.0000000000000000e+00  5.0000000000000000e-01  1.0000000000000000e+00  1.0000000000000000e+00  1.0000000000000000e+00
0.0000000000000000e+00  0.0000000000000000e+00  0.0000000000000000e+00  1.0000000000000000e+00  1.0000000000000000e+00  1.0000000000000000e+00
0.0000000000000000e+00  0.0000000000000000e+00  0.0000000000000000e+00  5.0000000000000000e-01  1.0000000000000000e+00  1.0000000000000000e+00  1.0000000000000000e+00
0.0000000000000000e+00  0.0000000000000000e+00  0.0000000000000000e+00  1.0000000000000000e+00  1.0000000000000000e+00  1.0000000000000000e+00
0.0000000000000000e+00  0.0000000000000000e+00  0.0000000000000000e+00  5.0000000000000000e-01  1.0000000000000000e+00  1.0000000000000000e+00  1.0000000000000000e+00
0.0000000000000000e+00  0.0000000000000000e+00  0.0000000000000000e+00  1.0000000000000000e+00  1.0000000000000000e+00  1.0000000000000000e+00
0.0000000000000000e+00  0.0000000000000000e+00  0.0000000000000000e+00  5.0000000000000000e-01  1.0000000000000000e+00  1.0000000000000000e+00  1.0000000000000000e+00
0.0000000000000000e+00  0.0000000000000000e+00  0.0000000000000000e+00  1.0000000000000000e+00  1.0000000000000000e+00  1.0000000000000000e+00
0.0000000000000000e+00  0.0000000000000000e+00  0.0000000000000000e+00  5.0000000000000000e-01  1.0000000000000000e+00  1.0000000000000000e+00  1.0000000000000000e+00
0.0000000000000000e+00  0.0000000000000000e+00  0.0000000000000000e+00  1.0000000000000000e+00  1.0000000000000000e+00  1.0000000000000000e+00
0.0000000000000000e+00  0.0000000000000000e+00  0.0000000000000000e+00  5.0000000000000000e-01  1.0000000000000000e+00  1.0000000000000000e+00  1.0000000000000000e+00
0.0000000000000000e+00  0.0000000000000000e+00  0.0000000000000000e+00  1.0000000000000000e+00  1.0000000000000000e+00  1.0000000000000000e+00
0.0000000000000000e+00  0.0000000000000000e+00  0.0000000000000000e+00  5.0000000000000000e-01  1.0000000000000000e+00  1.0000000000000000e+00  1.0000000000000000e+00
0.0000000000000000e+00  0.0000000000000000e+00  0.0000000000000000e+00  1.0000000000000000e+00  1.0000000000000000e+00  1.0000000000000000e+00
0.0000000000000000e+00  0.0000000000000000e+00  0.0000000000000000e+00  5.0000000000000000e-01  1.0000000000000000e+00  1.0000000000000000e+00  1.0000000000000000e+00
0.0000000000000000e+00  0.0000000000000000e+00  0.0000000000000000e+00  1.0000000000000000e+00  1.0000000000000000e+00  1.0000000000000000e+00
0.0000000000000000e+00  0.0000000000000000e+00  0.0000000000000000e+00  5.0000000000000000e-01  1.0000000000000000e+00  1.0000000000000000e+00  1.0000000000000000e+00
0.0000000000000000e+00  0.0000000000000000e+00  0.0000000000000000e+00  5.0000000000000000e-01  1.0000000000000000e+00  1.0000000000000000e+00  1.0000000000000000e+00
0.0000000000000000e+00  0.0000000000000000e+00  0.0000000000000000e+00  1.0000000000000000e+00  1.0000000000000000e+00  1.0000000000000000e+00
0.0000000000000000e+00  0.0000000000000000e+00  0.0000000000000000e+00  5.0000000000000000e-01  1.0000000000000000e+00  1.0000000000000000e+00  1.0000000000000000e+00
0.0000000000000000e+00  0.0000000000000000e+00  0.0000000000000000e+00  1.0000000000000000e+00  1.0000000000000000e+00  1.0000000000000000e+00
0.0000000000000000e+00  0.0000000000000000e+00  0.0000000000000000e+00  5.0000000000000000e-01  1.0000000000000000e+00  1.0000000000000000e+00  1.0000000000000000e+00
0.0000000000000000e+00  0.0000000000000000e+00  0.0000000000000000e+00  5.0000000000000000e-01  1.0000000000000000e+00  1.0000000000000000e+00  1.0000000000000000e+00
0.0000000000000000e+00  0.0000000000000000e+00  0.0000000000000000e+00  5.0000000000000000e-01  1.0000000000000000e+00  1.0000000000000000e+00  1.0000000000000000e+00
0.0000000000000000e+00  0.0000000000000000e+00  0.0000000000000000e+00  5.0000000000000000e-01  1.0000000000000000e+00  1.0000000000000000e+00  1.0000000000000000e+00
0.0000000000000000e+00  0.0000000000000000e+00  0.0000000000000000e+00  1.0000000000000000e+00  1.0000000000000000e+00  1.0000000000000000e+00
0.0000000000000000e+00  0.0000000000000000e+00  0.0000000000000000e+00  5.0000000000000000e-01  1.0000000000000000e+00  1.0000000000000000e+00  1.0000000000000000e+00
0.0000000000000000e+00  0.0000000000000000e+00  0.0000000000000000e+00  1.0000000000000000e+00  1.0000000000000000e+00  1.0000000000000000e+00
0.0000000000000000e+00  0.0000000000000000e+00  0.0000000000000000e+00  5.0000000000000000e-01  1.0000000000000000e+00  1.0000000000000000e+00  1.0000000000000000e+00
0.0000000000000000e+00  0.0000000000000000e+00  0.0000000000000000e+00  5.0000000000000000e-01  1.0000000000000000e+00  1.0000000000000000e+00  1.0000000000000000e+00
0.0000000000000000e+00  0.0000000000000000e+00  0.0000000000000000e+00  1.0000000000000000e+00  1.0000000000000000e+00  1.0000000000000000e+00
0.0000000000000000e+00  0.0000000000000000e+00  0.0000000000000000e+00  5.0000000000000000e-01  1.0000000000000000e+00  1.0000000000000000e+00  1.0000000000000000e+00
0.0000000000000000e+00  0.0000000000000000e+00  0.0000000000000000e+00  1.0000000000000000e+00  1.0000000000000000e+00  1.0000000000000000e+00
0.0000000000000000e+00  0.0000000000000000e+00  0.0000000000000000e+00  5.0000000000000000e-01  1.0000000000000000e+00  1.0000000000000000e+00  1.0000000000000000e+00
0.0000000000000000e+00  0.0000000000000000e+00  0.0000000000000000e+00  5.0000000000000000e-01  1.0000000000000000e+00  1.0000000000000000e+00  1.0000000000000000e+00
0.0000000000000000e+00  0.0000000000000000e+00  0.0000000000000000e+00  5.0000000000000000e-01  1.0000000000000000e+00  1.0000000000000000e+00  1.0000000000000000e+00
0.0000000000000000e+00  0.0000000000000000e+00  0.0000000000000000e+00  5.0000000000000000e-01  1.0000000000000000e+00  1.0000000000000000e+00  1.0000000000000000e+00
0.0000000000000000e+00  0.0000000000000000e+00  0.0000000000000000e+00  1.0000000000000000e+00  1.0000000000000000e+00  1.0000000000000000e+00
0.0000000000000000e+00  0.0000000000000000e+00  0.0000000000000000e+00  5.0000000000000000e-01  1.0000000000000000e+00  1.0000000000000000e+00  1.0000000000000000e+00
0.0000000000000000e+00  0.0000000000000000e+00  0.0000000000000000e+00  1.0000000000000000e+00  1.0000000000000000e+00  1.0000000000000000e+00
0.0000000000000000e+00  0.0000000000000000e+00  0.0000000000000000e+00  5.0000000000000000e-01  1.0000000000000000e+00  1.0000000000000000e+00  1.0000000000000000e+00
0.0000000000000000e+00  0.0000000000000000e+00  0.0000000000000000e+00  5.0000000000000000e-01  1.0000000000000000e+00  1.0000000000000000e+00  1.0000000000000000e+00
0.0000000000000000e+00  0.0000000000000000e+00  0.0000000000000000e+00  1.0000000000000000e+00  1.0000000000000000e+00  1.0000000000000000e+00
0.0000000000000000e+00  0.0000000000000000e+00  0.0000000000000000e+00  5.0000000000000000e-01  1.0000000000000000e+00  1.0000000000000000e+00  1.0000000000000000e+00
0.0000000000000000e+00  0.0000000000000000e+00  0.0000000000000000e+00  1.0000000000000000e+00  1.0000000000000000e+00  1.0000000000000000e+00
0.0000000000000000e+00  0.0000000000000000e+00  0.0000000000000000e+00  5.0000000000000000e-01  1.0000000000000000e+00  1.0000000000000000e+00  1.0000000000000000e+00
0.0000000000000000e+00  0.0000000000000000e+00  0.0000000000000000e+00  5.0000000000000000e-01  1.0000000000000000e+00  1.0000000000000000e+00  1.0000000000000000e+00
0.0000000000000000e+00  0.0000000000000000e+00  0.0000000000000000e+00  5.0000000000000000e-01  1.0000000000000000e+00  1.0000000000000000e+00  1.0000000000000000e+00
0.0000000000000000e+00  0.0000000000000000e+00  0.0000000000000000e+00  5.0000000000000000e-01  1.0000000000000000e+00  1.0000000000000000e+00  1.0000000000000000e+00
0.0000000000000000e+00  0.0000000000000000e+00  0.0000000000000000e+00  1.0000000000000000e+00  1.0000000000000000e+00  1.0000000000000000e+00
0.0000000000000000e+00  0.0000000000000000e+00  0.0000000000000000e+00  5.0000000000000000e-01  1.0000000000000000e+00  1.0000000000000000e+00  1.0000000000000000e+00
0.0000000000000000e+00  0.0000000000000000e+00  0.0000000000000000e+00  1.0000000000000000e+00  1.0000000000000000e+00  1.0000000000000000e+00
0.0000000000000000e+00  0.0000000000000000e+00  0.0000000000000000e+00  5.0000000000000000e-01  1.0000000000000000e+00  1.0000000000000000e+00  1.0000000000000000e+00
0.0000000000000000e+00  0.0000000000000000e+00  0.0000000000000000e+00  5.0000000000000000e-01  1.0000000000000000e+00  1.0000000000000000e+00  1.0000000000000000e+00
0.0000000000000000e+00  0.0000000000000000e+00  0.0000000000000000e+00  1.0000000000000000e+00  1.0000000000000000e+00  1.0000000000000000e+00
0.0000000000000000e+00  0.0000000000000000e+00  0.0000000000000000e+00  5.0000000000000000e-01  1.0000000000000000e+00  1.0000000000000000e+00  1.0000000000000000e+00
0.0000000000000000e+00  0.0000000000000000e+00  0.0000000000000000e+00  1.0000000000000000e+00  1.0000000000000000e+00  1.0000000000000000e+00
0.0000000000000000e+00  0.0000000000000000e+00  0.0000000000000000e+00  5.0000000000000000e-01  1.0000000000000000e+00  1.0000000000000000e+00  1.0000000000000000e+00
0.0000000000000000e+00  0.0000000000000000e+00  0.0000000000000000e+00  5.0000000000000000e-01  1.0000000000000000e+00  1.0000000000000000e+00  1.0000000000000000e+00
0.0000000000000000e+00  0.0000000000000000e+00  0.0000000000000000e+00  5.0000000000000000e-01  1.0000000000000000e+00  1.0000000000000000e+00  1.0000000000000000e+00
0.0000000000000000e+00  0.0000000000000000e+00  0.0000000000000000e+00  5.0000000000000000e-01  1.0000000000000000e+00  1.0000000000000000e+00  1.0000000000000000e+00
0.0000000000000000e+00  0.0000000000000000e+00  0.0000000000000000e+00  1.0000000000000000e+00  1.0000000000000000e+00  1.0000000000000000e+00
0.0000000000000000e+00  0.0000000000000000e+00  0.0000000000000000e+00  1.6666666666666666e-01  3.3333333333333331e-01  5.0000000000000000e-01  6.6666666666666663e-01  8.3333333333333337e-01  1.0000000000000000e+00  1.0000000000000000e+00  1.0000000000000000e+00
0.0000000000000000e+00  0.0000000000000000e+00  0.0000000000000000e+00  5.0000000000000000e-01  1.0000000000000000e+00  1.0000000000000000e+00  1.0000000000000000e+00
0.0000000000000000e+00  0.0000000000000000e+00  0.0000000000000000e+00  1.6666666666666666e-01  3.3333333333333331e-01  5.0000000000000000e-01  6.6666666666666663e-01  8.3333333333333337e-01  1.0000000000000000e+00  1.0000000000000000e+00  1.0000000000000000e+00
0.0000000000000000e+00  0.0000000000000000e+00  0.0000000000000000e+00  1.0000000000000000e+00  1.0000000000000000e+00  1.0000000000000000e+00
0.0000000000000000e+00  0.0000000000000000e+00  0.0000000000000000e+00  1.6666666666666666e-01  3.3333333333333331e-01  5.0000000000000000e-01  6.6666666666666663e-01  8.3333333333333337e-01  1.0000000000000000e+00  1.0000000000000000e+00  1.0000000000000000e+00
0.0000000000000000e+00  0.0000000000000000e+00  0.0000000000000000e+00  1.0000000000000000e+00  1.0000000000000000e+00  1.0000000000000000e+00
0.0000000000000000e+00  0.0000000000000000e+00  0.0000000000000000e+00  1.6666666666666666e-01  3.3333333333333331e-01  5.0000000000000000e-01  6.6666666666666663e-01  8.3333333333333337e-01  1.0000000000000000e+00  1.0000000000000000e+00  1.0000000000000000e+00
0.0000000000000000e+00  0.0000000000000000e+00  0.0000000000000000e+00  5.0000000000000000e-01  1.0000000000000000e+00  1.0000000000000000e+00  1.0000000000000000e+00
0.0000000000000000e+00  0.0000000000000000e+00  0.0000000000000000e+00  1.6666666666666666e-01  3.3333333333333331e-01  5.0000000000000000e-01  6.6666666666666663e-01  8.3333333333333337e-01  1.0000000000000000e+00  1.0000000000000000e+00  1.0000000000000000e+00
0.0000000000000000e+00  0.0000000000000000e+00  0.0000000000000000e+00  5.0000000000000000e-01  1.0000000000000000e+00  1.0000000000000000e+00  1.0000000000000000e+00
0.0000000000000000e+00  0.0000000000000000e+00  0.0000000000000000e+00  1.6666666666666666e-01  3.3333333333333331e-01  5.0000000000000000e-01  6.6666666666666663e-01  8.3333333333333337e-01  1.0000000000000000e+00  1.0000000000000000e+00  1.0000000000000000e+00
0.0000000000000000e+00  0.0000000000000000e+00  0.0000000000000000e+00  1.0000000000000000e+00  1.0000000000000000e+00  1.0000000000000000e+00
0.0000000000000000e+00  0.0000000000000000e+00  0.0000000000000000e+00  1.6666666666666666e-01  3.3333333333333331e-01  5.0000000000000000e-01  6.6666666666666663e-01  8.3333333333333337e-01  1.0000000000000000e+00  1.0000000000000000e+00  1.0000000000000000e+00
0.0000000000000000e+00  0.0000000000000000e+00  0.0000000000000000e+00  1.0000000000000000e+00  1.0000000000000000e+00  1.0000000000000000e+00
0.0000000000000000e+00  0.0000000000000000e+00  0.0000000000000000e+00  1.6666666666666666e-01  3.3333333333333331e-01  5.0000000000000000e-01  6.6666666666666663e-01  8.3333333333333337e-01  1.0000000000000000e+00  1.0000000000000000e+00  1.0000000000000000e+00
0.0000000000000000e+00  0.0000000000000000e+00  0.0000000000000000e+00  5.0000000000000000e-01  1.0000000000000000e+00  1.0000000000000000e+00  1.0000000000000000e+00
0.0000000000000000e+00  0.0000000000000000e+00  0.0000000000000000e+00  1.6666666666666666e-01  3.3333333333333331e-01  5.0000000000000000e-01  6.6666666666666663e-01  8.3333333333333337e-01  1.0000000000000000e+00  1.0000000000000000e+00  1.0000000000000000e+00
0.0000000000000000e+00  0.0000000000000000e+00  0.0000000000000000e+00  5.0000000000000000e-01  1.0000000000000000e+00  1.0000000000000000e+00  1.0000000000000000e+00
0.0000000000000000e+00  0.0000000000000000e+00  0.0000000000000000e+00  1.6666666666666666e-01  3.3333333333333331e-01  5.0000000000000000e-01  6.6666666666666663e-01  8.3333333333333337e-01  1.0000000000000000e+00  1.0000000000000000e+00  1.0000000000000000e+00
0.0000000000000000e+00  0.0000000000000000e+00  0.0000000000000000e+00  1.0000000000000000e+00  1.0000000000000000e+00  1.0000000000000000e+00
0.0000000000000000e+00  0.0000000000000000e+00  0.0000000000000000e+00  1.6666666666666666e-01  3.3333333333333331e-01  5.0000000000000000e-01  6.6666666666666663e-01  8.3333333333333337e-01  1.0000000000000000e+00  1.0000000000000000e+00  1.0000000000000000e+00
0.0000000000000000e+00  0.0000000000000000e+00  0.0000000000000000e+00  1.0000000000000000e+00  1.0000000000000000e+00  1.0000000000000000e+00
0.0000000000000000e+00  0.0000000000000000e+00  0.0000000000000000e+00  1.6666666666666666e-01  3.3333333333333331e-01  5.0000000000000000e-01  6.6666666666666663e-01  8.3333333333333337e-01  1.0000000000000000e+00  1.0000000000000000e+00  1.0000000000000000e+00
0.0000000000000000e+00  0.0000000000000000e+00  0.0000000000000000e+00  5.0000000000000000e-01  1.0000000000000000e+00  1.0000000000000000e+00  1.0000000000000000e+00
0.0000000000000000e+00  0.0000000000000000e+00  0.0000000000000000e+00  1.6666666666666666e-01  3.3333333333333331e-01  5.0000000000000000e-01  6.6666666666666663e-01  8.3333333333333337e-01  1.0000000000000000e+00  1.0000000000000000e+00  1.0000000000000000e+00
0.0000000000000000e+00  0.0000000000000000e+00  0.0000000000000000e+00  5.0000000000000000e-01  1.0000000000000000e+00  1.0000000000000000e+00  1.0000000000000000e+00
0.0000000000000000e+00  0.0000000000000000e+00  0.0000000000000000e+00  1.6666666666666666e-01  3.3333333333333331e-01  5.0000000000000000e-01  6.6666666666666663e-01  8.3333333333333337e-01  1.0000000000000000e+00  1.0000000000000000e+00  1.0000000000000000e+00
0.0000000000000000e+00  0.0000000000000000e+00  0.0000000000000000e+00  1.0000000000000000e+00  1.0000000000000000e+00  1.0000000000000000e+00
0.0000000000000000e+00  0.0000000000000000e+00  0.0000000000000000e+00  1.6666666666666666e-01  3.3333333333333331e-01  5.0000000000000000e-01  6.6666666666666663e-01  8.3333333333333337e-01  1.0000000000000000e+00  1.0000000000000000e+00  1.0000000000000000e+00
0.0000000000000000e+00  0.0000000000000000e+00  0.0000000000000000e+00  1.0000000000000000e+00  1.0000000000000000e+00  1.0000000000000000e+00
0.0000000000000000e+00  0.0000000000000000e+00  0.0000000000000000e+00  1.6666666666666666e-01  3.3333333333333331e-01  5.0000000000000000e-01  6.6666666666666663e-01  8.3333333333333337e-01  1.0000000000000000e+00  1.0000000000000000e+00  1.0000000000000000e+00
0.0000000000000000e+00  0.0000000000000000e+00  0.0000000000000000e+00  5.0000000000000000e-01  1.0000000000000000e+00  1.0000000000000000e+00  1.0000000000000000e+00
0.0000000000000000e+00  0.0000000000000000e+00  0.0000000000000000e+00  1.6666666666666666e-01  3.3333333333333331e-01  5.0000000000000000e-01  6.6666666666666663e-01  8.3333333333333337e-01  1.0000000000000000e+00  1.0000000000000000e+00  1.0000000000000000e+00
0.0000000000000000e+00  0.0000000000000000e+00  0.0000000000000000e+00  5.0000000000000000e-01  1.0000000000000000e+00  1.0000000000000000e+00  1.0000000000000000e+00
0.0000000000000000e+00  0.0000000000000000e+00  0.0000000000000000e+00  1.6666666666666666e-01  3.3333333333333331e-01  5.0000000000000000e-01  6.6666666666666663e-01  8.3333333333333337e-01  1.0000000000000000e+00  1.0000000000000000e+00  1.0000000000000000e+00
0.0000000000000000e+00  0.0000000000000000e+00  0.0000000000000000e+00  1.0000000000000000e+00  1.0000000000000000e+00  1.0000000000000000e+00
0.0000000000000000e+00  0.0000000000000000e+00  0.0000000000000000e+00  1.6666666666666666e-01  3.3333333333333331e-01  5.0000000000000000e-01  6.6666666666666663e-01  8.3333333333333337e-01  1.0000000000000000e+00  1.0000000000000000e+00  1.0000000000000000e+00
0.0000000000000000e+00  0.0000000000000000e+00  0.0000000000000000e+00  1.0000000000000000e+00  1.0000000000000000e+00  1.0000000000000000e+00
0.0000000000000000e+00  0.0000000000000000e+00  0.0000000000000000e+00  1.6666666666666666e-01  3.3333333333333331e-01  5.0000000000000000e-01  6.6666666666666663e-01  8.3333333333333337e-01  1.0000000000000000e+00  1.0000000000000000e+00  1.0000000000000000e+00
0.0000000000000000e+00  0.0000000000000000e+00  0.0000000000000000e+00  5.0000000000000000e-01  1.0000000000000000e+00  1.0000000000000000e+00  1.0000000000000000e+00
0.0000000000000000e+00  0.0000000000000000e+00  0.0000000000000000e+00  1.6666666666666666e-01  3.3333333333333331e-01  5.0000000000000000e-01  6.6666666666666663e-01  8.3333333333333337e-01  1.0000000000000000e+00  1.0000000000000000e+00  1.0000000000000000e+00
0.0000000000000000e+00  0.0000000000000000e+00  0.0000000000000000e+00  5.0000000000000000e-01  1.0000000000000000e+00  1.0000000000000000e+00  1.0000000000000000e+00
0.0000000000000000e+00  0.0000000000000000e+00  0.0000000000000000e+00  1.6666666666666666e-01  3.3333333333333331e-01  5.0000000000000000e-01  6.6666666666666663e-01  8.3333333333333337e-01  1.0000000000000000e+00  1.0000000000000000e+00  1.0000000000000000e+00
0.0000000000000000e+00  0.0000000000000000e+00  0.0000000000000000e+00  1.0000000000000000e+00  1.0000000000000000e+00  1.0000000000000000e+00
0.0000000000000000e+00  0.0000000000000000e+00  0.0000000000000000e+00  1.6666666666666666e-01  3.3333333333333331e-01  5.0000000000000000e-01  6.6666666666666663e-01  8.3333333333333337e-01  1.0000000000000000e+00  1.0000000000000000e+00  1.0000000000000000e+00
0.0000000000000000e+00  0.0000000000000000e+00  0.0000000000000000e+00  1.0000000000000000e+00  1.0000000000000000e+00  1.0000000000000000e+00
0.0000000000000000e+00  0.0000000000000000e+00  0.0000000000000000e+00  1.6666666666666666e-01  3.3333333333333331e-01  5.0000000000000000e-01  6.6666666666666663e-01  8.3333333333333337e-01  1.0000000000000000e+00  1.0000000000000000e+00  1.0000000000000000e+00
0.0000000000000000e+00  0.0000000000000000e+00  0.0000000000000000e+00  5.0000000000000000e-01  1.0000000000000000e+00  1.0000000000000000e+00  1.0000000000000000e+00

0     3.5355339059327378e+00   3.5355339059327373e+00   1.0000000000000000e+00
1     3.5355339059327378e+00   3.5355339059327373e+00   1.0000000000000000e+00
2     3.8890872965260117e+00   3.8890872965260108e+00   1.0000000000000000e+00
3     4.2426406871192857e+00   4.2426406871192848e+00   1.0000000000000000e+00
4     3.5355339059327378e+00   3.5355339059327373e+00   1.0000000000000000e+00
5     3.5355339059327378e+00   3.5355339059327373e+00   1.0000000000000000e+00
6     3.7123106012293747e+00   4.0658639918226473e+00   1.0000000000000000e+00
7     3.8890872965260117e+00   4.5961940777125587e+00   1.0000000000000000e+00
8     3.5355339059327378e+00   3.5355339059327373e+00   1.0000000000000000e+00
9     3.5355339059327378e+00   3.5355339059327373e+00   1.0000000000000000e+00
10    3.5355339059327378e+00   4.2426406871192848e+00   1.0000000000000000e+00
11    3.5355339059327382e+00   4.9497474683058327e+00   1.0000000000000000e+00
12    3.5355339059327378e+00   3.5355339059327373e+00   1.0000000000000000e+00
13    3.5355339059327378e+00   3.5355339059327373e+00   1.0000000000000000e+00
14    3.3587572106361012e+00   4.0658639918226482e+00   1.0000000000000000e+00
15    3.1819805153394642e+00   4.5961940777125587e+00   1.0000000000000000e+00
16    3.5355339059327378e+00   3.5355339059327373e+00   1.0000000000000000e+00
17    3.5355339059327378e+00   3.5355339059327373e+00   1.0000000000000000e+00
18    3.1819805153394638e+00   3.8890872965260113e+00   1.0000000000000000e+00
19    2.8284271247461903e+00   4.2426406871192848e+00   1.0000000000000000e+00
20    3.5355339059327378e+00   3.5355339059327373e+00   1.0000000000000000e+00
21    3.5355339059327378e+00   3.5355339059327373e+00   1.0000000000000000e+00
22    3.0052038200428273e+00   3.7123106012293743e+00   1.0000000000000000e+00
23    2.4748737341529168e+00   3.8890872965260113e+00   1.0000000000000000e+00
24    3.5355339059327378e+00   3.5355339059327373e+00   1.0000000000000000e+00
25    3.5355339059327378e+00   3.5355339059327373e+00   1.0000000000000000e+00
26    2.8284271247461907e+00   3.5355339059327378e+00   1.0000000000000000e+00
27    2.1213203435596428e+00   3.5355339059327373e+00   1.0000000000000000e+00
28    3.5355339059327378e+00   3.5355339059327373e+00   1.0000000000000000e+00
29    3.5355339059327378e+00   3.5355339059327373e+00   1.0000000000000000e+00
30    3.0052038200428273e+00   3.3587572106361008e+00   1.0000000000000000e+00
31    2.4748737341529168e+00   3.1819805153394638e+00   1.0000000000000000e+00
32    3.5355339059327378e+00   3.5355339059327373e+00   1.0000000000000000e+00
33    3.5355339059327378e+00   3.5355339059327373e+00   1.0000000000000000e+00
34    3.1819805153394642e+00   3.1819805153394638e+00   1.0000000000000000e+00
35    2.8284271247461903e+00   2.8284271247461898e+00   1.0000000000000000e+00
36    3.5355339059327378e+00   3.5355339059327373e+00   1.0000000000000000e+00
37    3.1819805153394642e+00   3.1819805153394638e+00   1.0000000000000000e+00
38    2.8284271247461903e+00   2.8284271247461898e+00   1.0000000000000000e+00
39    3.5355339059327378e+00   3.5355339059327373e+00   1.0000000000000000e+00
40    3.5355339059327378e+00   3.5355339059327373e+00   1.0000000000000000e+00
41    3.3587572106361012e+00   3.0052038200428268e+00   1.0000000000000000e+00
42    3.1819805153394638e+00   2.4748737341529159e+00   1.0000000000000000e+00
43    3.5355339059327378e+00   3.5355339059327373e+00   1.0000000000000000e+00
44    3.5355339059327378e+00   3.5355339059327373e+00   1.0000000000000000e+00
45    3.5355339059327378e+00   2.8284271247461898e+00   1.0000000000000000e+00
46    3.5355339059327378e+00   2.1213203435596424e+00   1.0000000000000000e+00
47    3.5355339059327378e+00   3.5355339059327373e+00   1.0000000000000000e+00
48    3.5355339059327378e+00   3.5355339059327373e+00   1.0000000000000000e+00
49    3.7123106012293743e+00   3.0052038200428264e+00   1.0000000000000000e+00
50    3.8890872965260117e+00   2.4748737341529163e+00   1.0000000000000000e+00
51    3.5355339059327378e+00   3.5355339059327373e+00   1.0000000000000000e+00
52    3.5355339059327378e+00   3.5355339059327373e+00   1.0000000000000000e+00
53    3.8890872965260117e+00   3.1819805153394634e+00   1.0000000000000000e+00
54    4.2426406871192857e+00   2.8284271247461898e+00   1.0000000000000000e+00
55    3.5355339059327378e+00   3.5355339059327373e+00   1.0000000000000000e+00
56    3.5355339059327378e+00   3.5355339059327373e+00   1.0000000000000000e+00
57    4.0658639918226482e+00   3.3587572106361003e+00   1.0000000000000000e+00
58    4.5961940777125587e+00   3.1819805153394634e+00   1.0000000000000000e+00
59    3.5355339059327378e+00   3.5355339059327373e+00   1.0000000000000000e+00
60    3.5355339059327378e+00   3.5355339059327373e+00   1.0000000000000000e+00
61    4.2426406871192857e+00   3.5355339059327369e+00   1.0000000000000000e+00
62    4.9497474683058336e+00   3.5355339059327373e+00   1.0000000000000000e+00
63    3.5355339059327378e+00   3.5355339059327373e+00   1.0000000000000000e+00
64    3.5355339059327378e+00   3.5355339059327373e+00   1.0000000000000000e+00
65    4.0658639918226482e+00   3.7123106012293738e+00   1.0000000000000000e+00
66    4.5961940777125596e+00   3.8890872965260108e+00   1.0000000000000000e+00
67   -3.5355339059327378e+00  -3.5355339059327373e+00   1.0000000000000000e+00
68   -3.5355339059327378e+00  -3.5355339059327373e+00   1.0000000000000000e+00
69   -3.1819805153394642e+00  -3.1819805153394638e+00   1.0000000000000000e+00
70   -2.8284271247461903e+00  -2.8284271247461898e+00   1.0000000000000000e+00
71   -3.5355339059327378e+00  -3.5355339059327373e+00   1.0000000000000000e+00
72   -3.5355339059327378e+00  -3.5355339059327373e+00   1.0000000000000000e+00
73   -3.3587572106361012e+00  -3.0052038200428268e+00   1.0000000000000000e+00
74   -3.1819805153394638e+00  -2.4748737341529159e+00   1.0000000000000000e+00
75   -3.5355339059327378e+00  -3.5355339059327373e+00   1.0000000000000000e+00
76   -3.5355339059327378e+00  -3.5355339059327373e+00   1.0000000000000000e+00
77   -3.5355339059327378e+00  -2.8284271247461898e+00   1.0000000000000000e+00
78   -3.5355339059327378e+00  -2.1213203435596424e+00   1.0000000000000000e+00
79   -3.5355339059327378e+00  -3.5355339059327373e+00   1.0000000000000000e+00
80   -3.5355339059327378e+00  -3.5355339059327373e+00   1.0000000000000000e+00
81   -3.7123106012293743e+00  -3.0052038200428264e+00   1.0000000000000000e+00
82   -3.8890872965260117e+00  -2.4748737341529163e+00   1.0000000000000000e+00
83   -3.5355339059327378e+00  -3.5355339059327373e+00   1.0000000000000000e+00
84   -3.5355339059327378e+00  -3.5355339059327373e+00   1.0000000000000000e+00
85   -3.8890872965260117e+00  -3.1819805153394634e+00   1.0000000000000000e+00
86   -4.2426406871192857e+00  -2.8284271247461898e+00   1.0000000000000000e+00
87   -3.5355339059327378e+00  -3.5355339059327373e+00   1.0000000000000000e+00
88   -3.5355339059327378e+00  -3.5355339059327373e+00   1.0000000000000000e+00
89   -4.0658639918226482e+00  -3.3587572106361003e+00   1.0000000000000000e+00
90   -4.5961940777125587e+00  -3.1819805153394634e+00   1.0000000000000000e+00
91   -3.5355339059327378e+00  -3.5355339059327373e+00   1.0000000000000000e+00
92   -3.5355339059327378e+00  -3.5355339059327373e+00   1.0000000000000000e+00
93   -4.2426406871192857e+00  -3.5355339059327369e+00   1.0000000000000000e+00
94   -4.9497474683058336e+00  -3.5355339059327373e+00   1.0000000000000000e+00
95   -3.5355339059327378e+00  -3.5355339059327373e+00   1.0000000000000000e+00
96   -3.5355339059327378e+00  -3.5355339059327373e+00   1.0000000000000000e+00
97   -4.0658639918226482e+00  -3.7123106012293738e+00   1.0000000000000000e+00
98   -4.5961940777125596e+00  -3.8890872965260108e+00   1.0000000000000000e+00
99   -3.5355339059327378e+00  -3.5355339059327373e+00   1.0000000000000000e+00
100  -3.5355339059327378e+00  -3.5355339059327373e+00   1.0000000000000000e+00
101  -3.8890872965260117e+00  -3.8890872965260108e+00   1.0000000000000000e+00
102  -4.2426406871192857e+00  -4.2426406871192848e+00   1.0000000000000000e+00
103  -3.5355339059327378e+00  -3.5355339059327373e+00   1.0000000000000000e+00
104  -3.5355339059327378e+00  -3.5355339059327373e+00   1.0000000000000000e+00
105  -3.7123106012293747e+00  -4.0658639918226473e+00   1.0000000000000000e+00
106  -3.8890872965260117e+00  -4.5961940777125587e+00   1.0000000000000000e+00
107  -3.5355339059327378e+00  -3.5355339059327373e+00   1.0000000000000000e+00
108  -3.5355339059327378e+00  -3.5355339059327373e+00   1.0000000000000000e+00
109  -3.5355339059327378e+00  -4.2426406871192848e+00   1.0000000000000000e+00
110  -3.5355339059327382e+00  -4.9497474683058327e+00   1.0000000000000000e+00
111  -3.5355339059327378e+00  -3.5355339059327373e+00   1.0000000000000000e+00
112  -3.5355339059327378e+00  -3.5355339059327373e+00   1.0000000000000000e+00
113  -3.3587572106361012e+00  -4.0658639918226482e+00   1.0000000000000000e+00
114  -3.1819805153394642e+00  -4.5961940777125587e+00   1.0000000000000000e+00
115  -3.5355339059327378e+00  -3.5355339059327373e+00   1.0000000000000000e+00
116  -3.5355339059327378e+00  -3.5355339059327373e+00   1.0000000000000000e+00
117  -3.1819805153394638e+00  -3.8890872965260113e+00   1.0000000000000000e+00
118  -2.8284271247461903e+00  -4.2426406871192848e+00   1.0000000000000000e+00
119  -3.5355339059327378e+00  -3.5355339059327373e+00   1.0000000000000000e+00
120  -3.5355339059327378e+00  -3.5355339059327373e+00   1.0000000000000000e+00
121  -3.0052038200428273e+00  -3.7123106012293743e+00   1.0000000000000000e+00
122  -2.4748737341529168e+00  -3.8890872965260113e+00   1.0000000000000000e+00
123  -3.5355339059327378e+00  -3.5355339059327373e+00   1.0000000000000000e+00
124  -3.5355339059327378e+00  -3.5355339059327373e+00   1.0000000000000000e+00
125  -2.8284271247461907e+00  -3.5355339059327378e+00   1.0000000000000000e+00
126  -2.1213203435596428e+00  -3.5355339059327373e+00   1.0000000000000000e+00
127  -3.5355339059327378e+00  -3.5355339059327373e+00   1.0000000000000000e+00
128  -3.5355339059327378e+00  -3.5355339059327373e+00   1.0000000000000000e+00
129  -3.0052038200428273e+00  -3.3587572106361008e+00   1.0000000000000000e+00
130  -2.4748737341529168e+00  -3.1819805153394638e+00   1.0000000000000000e+00
131  -3.5355339059327378e+00  -3.5355339059327373e+00   1.0000000000000000e+00
132  -3.1819805153394642e+00  -3.1819805153394638e+00   1.0000000000000000e+00
133  -2.8284271247461903e+00  -2.8284271247461898e+00   1.0000000000000000e+00
134   4.7729707730091961e+00   4.7729707730091953e+00   1.0000000000000000e+00
135   5.8336309447890171e+00   5.8336309447890162e+00   1.0000000000000000e+00
136   6.3639610306789285e+00   6.3639610306789276e+00   1.0000000000000000e+00
137   4.4194173824159222e+00   5.1265241636024692e+00   1.0000000000000000e+00
138   5.4800775541957432e+00   6.1871843353822902e+00   1.0000000000000000e+00
139   6.0104076400856545e+00   6.7175144212722016e+00   1.0000000000000000e+00
140   4.0658639918226491e+00   5.4800775541957432e+00   1.0000000000000000e+00
141   5.1265241636024701e+00   6.5407377259755641e+00   1.0000000000000000e+00
142   5.6568542494923815e+00   7.0710678118654755e+00   1.0000000000000000e+00
143   1.9445436482630063e+00   6.5407377259755641e+00   1.0000000000000000e+00
144   2.4748737341529168e+00   7.0710678118654755e+00   1.0000000000000000e+00
145   3.5355339059327378e+00   8.1317279836452965e+00   1.0000000000000000e+00
146   4.0658639918226491e+00   8.6620580695352078e+00   1.0000000000000000e+00
147  -1.2374368670764575e+00   9.7227182413150288e+00   1.0000000000000000e+00
148  -7.0710678118654702e-01   1.0253048327204940e+01   1.0000000000000000e+00
149   3.5355339059327395e-01   1.1313708498984759e+01   1.0000000000000000e+00
150   8.8388347648318533e-01   1.1844038584874671e+01   1.0000000000000000e+00
151  -2.8284271247461890e+00   1.1313708498984759e+01   1.0000000000000000e+00
152  -2.2980970388562785e+00   1.1844038584874671e+01   1.0000000000000000e+00
153  -1.2374368670764575e+00   1.2904698756654492e+01   1.0000000000000000e+00
154  -7.0710678118654613e-01   1.3435028842544403e+01   1.0000000000000000e+00
155   1.2374368670764584e+00   5.8336309447890171e+00   1.0000000000000000e+00
156   1.5909902576697323e+00   6.1871843353822911e+00   1.0000000000000000e+00
157  -1.9445436482630054e+00   9.0156114601284809e+00   1.0000000000000000e+00
158  -1.5909902576697315e+00   9.3691648507217558e+00   1.0000000000000000e+00
159  -3.5355339059327369e+00   1.0606601717798213e+01   1.0000000000000000e+00
160  -3.1819805153394629e+00   1.0960155108391486e+01   1.0000000000000000e+00
161   5.3033008588991093e-01   5.1265241636024701e+00   1.0000000000000000e+00
162   8.8388347648318488e-01   5.4800775541957432e+00   1.0000000000000000e+00
163  -2.6516504294495529e+00   8.3085046789419330e+00   1.0000000000000000e+00
164  -2.2980970388562789e+00   8.6620580695352078e+00   1.0000000000000000e+00
165  -4.2426406871192839e+00   9.8994949366116654e+00   1.0000000000000000e+00
166  -3.8890872965260104e+00   1.0253048327204940e+01   1.0000000000000000e+00
167  -7.0710678118654746e-01   7.0710678118654757e-01   1.0000000000000000e+00
168   1.1102230246251565e-16   1.4142135623730949e+00   1.0000000000000000e+00
169   1.4142135623730954e+00   2.8284271247461898e+00   1.0000000000000000e+00
170  -2.2980970388562794e+00   2.2980970388562798e+00   1.0000000000000000e+00
171  -1.5909902576697319e+00   3.0052038200428273e+00   1.0000000000000000e+00
172  -1.7677669529663653e-01   4.4194173824159222e+00   1.0000000000000000e+00
173  -5.4800775541957432e+00   5.4800775541957440e+00   1.0000000000000000e+00
174  -4.7729707730091953e+00   6.1871843353822911e+00   1.0000000000000000e+00
175  -3.3587572106361003e+00   7.6013978977553869e+00   1.0000000000000000e+00
176  -7.0710678118654746e+00   7.0710678118654755e+00   1.0000000000000000e+00
177  -6.3639610306789267e+00   7.7781745930520234e+00   1.0000000000000000e+00
178  -4.9497474683058318e+00   9.1923881554251174e+00   1.0000000000000000e+00
179   0.0000000000000000e+00   0.0000000000000000e+00   1.0000000000000000e+00
180   7.0710678118654757e-01   7.0710678118654746e-01   1.0000000000000000e+00
181   2.1213203435596428e+00   2.1213203435596424e+00   1.0000000000000000e+00
182  -3.5355339059327373e-01   3.5355339059327379e-01   1.0000000000000000e+00
183   3.5355339059327384e-01   1.0606601717798212e+00   1.0000000000000000e+00
184   1.7677669529663691e+00   2.4748737341529163e+00   1.0000000000000000e+00
185   7.0710678118654746e-01  -7.0710678118654757e-01   1.0000000000000000e+00
186   1.4142135623730949e+00  -1.1102230246251565e-16   1.0000000000000000e+00
187   2.8284271247461903e+00   1.4142135623730949e+00   1.0000000000000000e+00
188   3.5355339059327373e-01  -3.5355339059327379e-01   1.0000000000000000e+00
189   1.0606601717798214e+00   3.5355339059327368e-01   1.0000000000000000e+00
190   2.4748737341529168e+00   1.7677669529663687e+00   1.0000000000000000e+00
191   0.0000000000000000e+00   0.0000000000000000e+00   1.0000000000000000e+00
192   7.0710678118654757e-01   7.0710678118654746e-01   1.0000000000000000e+00
193   2.1213203435596428e+00   2.1213203435596424e+00   1.0000000000000000e+00
194   7.0710678118654746e+00  -7.0710678118654755e+00   1.0000000000000000e+00
195   7.7781745930520225e+00  -6.3639610306789276e+00   1.0000000000000000e+00
196   9.1923881554251174e+00  -4.9497474683058336e+00   1.0000000000000000e+00
197   9.8994949366116654e+00  -4.2426406871192857e+00   1.0000000000000000e+00
198   5.4800775541957432e+00  -5.4800775541957440e+00   1.0000000000000000e+00
199   6.1871843353822911e+00  -4.7729707730091970e+00   1.0000000000000000e+00
200   7.6013978977553860e+00  -3.3587572106361017e+00   1.0000000000000000e+00
201   8.3085046789419330e+00  -2.6516504294495542e+00   1.0000000000000000e+00
202   2.2980970388562794e+00  -2.2980970388562798e+00   1.0000000000000000e+00
203   3.0052038200428268e+00  -1.5909902576697323e+00   1.0000000000000000e+00
204   4.4194173824159222e+00  -1.7677669529663742e-01   1.0000000000000000e+00
205   5.1265241636024701e+00   5.3033008588991004e-01   1.0000000000000000e+00
206   1.0253048327204938e+01  -3.8890872965260117e+00   1.0000000000000000e+00
207   1.0606601717798213e+01  -3.5355339059327382e+00   1.0000000000000000e+00
208   8.6620580695352078e+00  -2.2980970388562802e+00   1.0000000000000000e+00
209   9.0156114601284809e+00  -1.9445436482630067e+00   1.0000000000000000e+00
210   5.4800775541957432e+00   8.8388347648318399e-01   1.0000000000000000e+00
211   5.8336309447890171e+00   1.2374368670764575e+00   1.0000000000000000e+00
212   1.0960155108391486e+01  -3.1819805153394647e+00   1.0000000000000000e+00
213   1.1313708498984759e+01  -2.8284271247461907e+00   1.0000000000000000e+00
214   9.3691648507217558e+00  -1.5909902576697332e+00   1.0000000000000000e+00
215   9.7227182413150288e+00  -1.2374368670764593e+00   1.0000000000000000e+00
216   6.1871843353822911e+00   1.5909902576697310e+00   1.0000000000000000e+00
217   6.5407377259755650e+00   1.9445436482630050e+00   1.0000000000000000e+00
218   1.1844038584874671e+01  -2.2980970388562802e+00   1.0000000000000000e+00
219   1.2904698756654492e+01  -1.2374368670764593e+00   1.0000000000000000e+00
220   1.3435028842544403e+01  -7.0710678118654791e-01   1.0000000000000000e+00
221   1.0253048327204940e+01  -7.0710678118654879e-01   1.0000000000000000e+00
222   1.1313708498984759e+01   3.5355339059327218e-01   1.0000000000000000e+00
223   1.1844038584874671e+01   8.8388347648318355e-01   1.0000000000000000e+00
224   7.0710678118654755e+00   2.4748737341529154e+00   1.0000000000000000e+00
225   8.1317279836452965e+00   3.5355339059327364e+00   1.0000000000000000e+00
226   8.6620580695352078e+00   4.0658639918226473e+00   1.0000000000000000e+00
227   5.4800775541957432e+00   4.0658639918226473e+00   1.0000000000000000e+00
228   6.5407377259755641e+00   5.1265241636024683e+00   1.0000000000000000e+00
229   7.0710678118654755e+00   5.6568542494923797e+00   1.0000000000000000e+00
230   5.1265241636024701e+00   4.4194173824159213e+00   1.0000000000000000e+00
231   6.1871843353822911e+00   5.4800775541957423e+00   1.0000000000000000e+00
232   6.7175144212722024e+00   6.0104076400856536e+00   1.0000000000000000e+00
233  -2.1213203435596428e+00  -2.1213203435596424e+00   1.0000000000000000e+00
234  -7.0710678118654757e-01  -7.0710678118654746e-01   1.0000000000000000e+00
235  -2.4748737341529168e+00  -1.7677669529663687e+00   1.0000000000000000e+00
236  -1.0606601717798214e+00  -3.5355339059327368e-01   1.0000000000000000e+00
237  -2.8284271247461903e+00  -1.4142135623730949e+00   1.0000000000000000e+00
238  -1.4142135623730949e+00   1.1102230246251565e-16   1.0000000000000000e+00
239  -5.1265241636024701e+00  -5.3033008588991004e-01   1.0000000000000000e+00
240  -4.4194173824159222e+00   1.7677669529663742e-01   1.0000000000000000e+00
241  -3.0052038200428268e+00   1.5909902576697323e+00   1.0000000000000000e+00
242  -8.3085046789419330e+00   2.6516504294495542e+00   1.0000000000000000e+00
243  -7.6013978977553860e+00   3.3587572106361017e+00   1.0000000000000000e+00
244  -6.1871843353822911e+00   4.7729707730091970e+00   1.0000000000000000e+00
245  -9.8994949366116654e+00   4.2426406871192857e+00   1.0000000000000000e+00
246  -9.1923881554251174e+00   4.9497474683058336e+00   1.0000000000000000e+00
247  -7.7781745930520225e+00   6.3639610306789276e+00   1.0000000000000000e+00
248  -5.8336309447890171e+00  -1.2374368670764575e+00   1.0000000000000000e+00
249  -5.4800775541957432e+00  -8.8388347648318399e-01   1.0000000000000000e+00
250  -9.0156114601284809e+00   1.9445436482630067e+00   1.0000000000000000e+00
251  -8.6620580695352078e+00   2.2980970388562802e+00   1.0000000000000000e+00
252  -1.0606601717798213e+01   3.5355339059327382e+00   1.0000000000000000e+00
253  -1.0253048327204938e+01   3.8890872965260117e+00   1.0000000000000000e+00
254  -6.5407377259755650e+00  -1.9445436482630050e+00   1.0000000000000000e+00
255  -6.1871843353822911e+00  -1.5909902576697310e+00   1.0000000000000000e+00
256  -9.7227182413150288e+00   1.2374368670764593e+00   1.0000000000000000e+00
257  -9.3691648507217558e+00   1.5909902576697332e+00   1.0000000000000000e+00
258  -1.1313708498984759e+01   2.8284271247461907e+00   1.0000000000000000e+00
259  -1.0960155108391486e+01   3.1819805153394647e+00   1.0000000000000000e+00
260  -7.0710678118654755e+00  -5.6568542494923797e+00   1.0000000000000000e+00
261  -6.5407377259755641e+00  -5.1265241636024683e+00   1.0000000000000000e+00
262  -5.4800775541957432e+00  -4.0658639918226473e+00   1.0000000000000000e+00
263  -8.6620580695352078e+00  -4.0658639918226473e+00   1.0000000000000000e+00
264  -8.1317279836452965e+00  -3.5355339059327364e+00   1.0000000000000000e+00
265  -7.0710678118654755e+00  -2.4748737341529154e+00   1.0000000000000000e+00
266  -1.1844038584874671e+01  -8.8388347648318355e-01   1.0000000000000000e+00
267  -1.1313708498984759e+01  -3.5355339059327218e-01   1.0000000000000000e+00
268  -1.0253048327204940e+01   7.0710678118654879e-01   1.0000000000000000e+00
269  -1.3435028842544403e+01   7.0710678118654791e-01   1.0000000000000000e+00
270  -1.2904698756654492e+01   1.2374368670764593e+00   1.0000000000000000e+00
271  -1.1844038584874671e+01   2.2980970388562802e+00   1.0000000000000000e+00
272  -6.3639610306789285e+00  -6.3639610306789276e+00   1.0000000000000000e+00
273  -5.8336309447890171e+00  -5.8336309447890162e+00   1.0000000000000000e+00
274  -4.7729707730091961e+00  -4.7729707730091953e+00   1.0000000000000000e+00
275  -6.7175144212722024e+00  -6.0104076400856536e+00   1.0000000000000000e+00
276  -6.1871843353822911e+00  -5.4800775541957423e+00   1.0000000000000000e+00
277  -5.1265241636024701e+00  -4.4194173824159213e+00   1.0000000000000000e+00
278  -5.6568542494923815e+00  -7.0710678118654755e+00   1.0000000000000000e+00
279  -5.1265241636024701e+00  -6.5407377259755641e+00   1.0000000000000000e+00
280  -4.0658639918226491e+00  -5.4800775541957432e+00   1.0000000000000000e+00
281  -6.0104076400856545e+00  -6.7175144212722016e+00   1.0000000000000000e+00
282  -5.4800775541957432e+00  -6.1871843353822902e+00   1.0000000000000000e+00
283  -4.4194173824159222e+00  -5.1265241636024692e+00   1.0000000000000000e+00
284   7.0710678118654613e-01  -1.3435028842544403e+01   1.0000000000000000e+00
285   1.2374368670764575e+00  -1.2904698756654492e+01   1.0000000000000000e+00
286   2.2980970388562785e+00  -1.1844038584874671e+01   1.0000000000000000e+00
287   2.8284271247461890e+00  -1.1313708498984759e+01   1.0000000000000000e+00
288  -8.8388347648318533e-01  -1.1844038584874671e+01   1.0000000000000000e+00
289  -3.5355339059327395e-01  -1.1313708498984759e+01   1.0000000000000000e+00
290   7.0710678118654702e-01  -1.0253048327204940e+01   1.0000000000000000e+00
291   1.2374368670764575e+00  -9.7227182413150288e+00   1.0000000000000000e+00
292  -4.0658639918226491e+00  -8.6620580695352078e+00   1.0000000000000000e+00
293  -3.5355339059327378e+00  -8.1317279836452965e+00   1.0000000000000000e+00
294  -2.4748737341529168e+00  -7.0710678118654755e+00   1.0000000000000000e+00
295  -1.9445436482630063e+00  -6.5407377259755641e+00   1.0000000000000000e+00
296   3.1819805153394629e+00  -1.0960155108391486e+01   1.0000000000000000e+00
297   3.5355339059327369e+00  -1.0606601717798213e+01   1.0000000000000000e+00
298   1.5909902576697315e+00  -9.3691648507217558e+00   1.0000000000000000e+00
299   1.9445436482630054e+00  -9.0156114601284809e+00   1.0000000000000000e+00
300  -1.5909902576697323e+00  -6.1871843353822911e+00   1.0000000000000000e+00
301  -1.2374368670764584e+00  -5.8336309447890171e+00   1.0000000000000000e+00
302   3.8890872965260104e+00  -1.0253048327204940e+01   1.0000000000000000e+00
303   4.2426406871192839e+00  -9.8994949366116654e+00   1.0000000000000000e+00
304   2.2980970388562789e+00  -8.6620580695352078e+00   1.0000000000000000e+00
305   2.6516504294495529e+00  -8.3085046789419330e+00   1.0000000000000000e+00
306  -8.8388347648318488e-01  -5.4800775541957432e+00   1.0000000000000000e+00
307  -5.3033008588991093e-01  -5.1265241636024701e+00   1.0000000000000000e+00
308   4.9497474683058318e+00  -9.1923881554251174e+00   1.0000000000000000e+00
309   6.3639610306789267e+00  -7.7781745930520234e+00   1.0000000000000000e+00
310   3.3587572106361003e+00  -7.6013978977553869e+00   1.0000000000000000e+00
311   4.7729707730091953e+00  -6.1871843353822911e+00   1.0000000000000000e+00
312   1.7677669529663653e-01  -4.4194173824159222e+00   1.0000000000000000e+00
313   1.5909902576697319e+00  -3.0052038200428273e+00   1.0000000000000000e+00
314  -1.4142135623730954e+00  -2.8284271247461898e+00   1.0000000000000000e+00
315  -1.1102230246251565e-16  -1.4142135623730949e+00   1.0000000000000000e+00
316  -1.7677669529663691e+00  -2.4748737341529163e+00   1.0000000000000000e+00
317  -3.5355339059327384e-01  -1.0606601717798212e+00   1.0000000000000000e+00
318  -2.1213203435596428e+00  -2.1213203435596424e+00   1.0000000000000000e+00
319  -7.0710678118654757e-01  -7.0710678118654746e-01   1.0000000000000000e+00
320   1.3982109772332370e+01  -7.0710678118654879e-01   1.0000000000000000e+00
321   1.5076271631908302e+01  -7.0710678118655146e-01   1.0000000000000002e+00
322   1.6170433491484236e+01  -7.0710678118654968e-01   1.0000000000000000e+00
323   1.7264595351060166e+01  -7.0710678118654968e-01   1.0000000000000000e+00
324   1.8358757210636099e+01  -7.0710678118654791e-01   1.0000000000000000e+00
325   1.9452919070212033e+01  -7.0710678118654968e-01   1.0000000000000000e+00
326   2.0000000000000000e+01  -7.0710678118654791e-01   1.0000000000000000e+00
327   1.2523702036135115e+01   1.0964194013638142e+00   1.0000000000000000e+00
328   1.3883028938656004e+01   1.5214912511250764e+00   1.0000000000000002e+00
329   1.5242355841176892e+01   1.9465631008863404e+00   1.0000000000000000e+00
330   1.6601682743697779e+01   2.3716349506476044e+00   1.0000000000000000e+00
331   1.7961009646218667e+01   2.7967068004088658e+00   1.0000000000000000e+00
332   1.9320336548739554e+01   3.2217786501701298e+00   1.0000000000000000e+00
333   2.0000000000000000e+01   3.4343145750507613e+00   1.0000000000000000e+00
334   9.6068865637406056e+00   4.7034717664645420e+00   1.0000000000000000e+00
335   1.1496543552151403e+01   5.9786873157483296e+00   1.0000000000000002e+00
336   1.3386200540562204e+01   7.2539028650321189e+00   1.0000000000000000e+00
337   1.5275857528973001e+01   8.5291184143159064e+00   1.0000000000000000e+00
338   1.7165514517383802e+01   9.8043339635996976e+00   1.0000000000000000e+00
339   1.9055171505794601e+01   1.1079549512883485e+01   1.0000000000000000e+00
340   2.0000000000000000e+01   1.1717157287525380e+01   1.0000000000000000e+00
341   8.1484788275433537e+00   6.5069979490149050e+00   1.0000000000000000e+00
342   1.0303300858899105e+01   8.2072853480599548e+00   1.0000000000000002e+00
343   1.2458122890254860e+01   9.9075727471050072e+00   1.0000000000000000e+00
344   1.4612944921610614e+01   1.1607860146150060e+01   1.0000000000000000e+00
345   1.6767766952966369e+01   1.3308147545195110e+01   1.0000000000000000e+00
346   1.8922588984322125e+01   1.5008434944240163e+01   1.0000000000000000e+00
347   2.0000000000000000e+01   1.5858578643762687e+01   1.0000000000000000e+00
348   7.8243882194995180e+00   7.0036477802352941e+00   1.0000000000000000e+00
349   1.0038135815954149e+01   8.9901280605345750e+00   1.0000000000000002e+00
350   1.2251883412408784e+01   1.0976608340833856e+01   1.0000000000000000e+00
351   1.4465631008863419e+01   1.2963088621133140e+01   1.0000000000000000e+00
352   1.6679378605318053e+01   1.4949568901432421e+01   1.0000000000000000e+00
353   1.8893126201772681e+01   1.6936049181731704e+01   1.0000000000000000e+00
354   2.0000000000000000e+01   1.7929289321881345e+01   1.0000000000000000e+00
355   7.5002976114556841e+00   7.5002976114556832e+00   1.0000000000000000e+00
356   9.7729707730091935e+00   9.7729707730091935e+00   1.0000000000000002e+00
357   1.2045643934562708e+01   1.2045643934562706e+01   1.0000000000000000e+00
358   1.4318317096116221e+01   1.4318317096116219e+01   1.0000000000000000e+00
359   1.6590990257669734e+01   1.6590990257669731e+01   1.0000000000000000e+00
360   1.8863663419223247e+01   1.8863663419223244e+01   1.0000000000000000e+00
361   2.0000000000000004e+01   2.0000000000000000e+01   1.0000000000000000e+00
362   7.0036477802352950e+00   7.8243882194995180e+00   1.0000000000000000e+00
363   8.9901280605345750e+00   1.0038135815954149e+01   1.0000000000000002e+00
364   1.0976608340833858e+01   1.2251883412408782e+01   1.0000000000000000e+00
365   1.2963088621133142e+01   1.4465631008863419e+01   1.0000000000000000e+00
366   1.4949568901432425e+01   1.6679378605318050e+01   1.0000000000000000e+00
367   1.6936049181731700e+01   1.8893126201772684e+01   1.0000000000000000e+00
368   1.7929289321881345e+01   2.0000000000000000e+01   1.0000000000000000e+00
369   6.5069979490149068e+00   8.1484788275433520e+00   1.0000000000000000e+00
370   8.2072853480599566e+00   1.0303300858899103e+01   1.0000000000000002e+00
371   9.9075727471050090e+00   1.2458122890254860e+01   1.0000000000000000e+00
372   1.1607860146150061e+01   1.4612944921610612e+01   1.0000000000000000e+00
373   1.3308147545195112e+01   1.6767766952966369e+01   1.0000000000000000e+00
374   1.5008434944240165e+01   1.8922588984322122e+01   1.0000000000000000e+00
375   1.5858578643762691e+01   1.9999999999999996e+01   1.0000000000000000e+00
376   4.7034717664645429e+00   9.6068865637406056e+00   1.0000000000000000e+00
377   5.9786873157483296e+00   1.1496543552151403e+01   1.0000000000000002e+00
378   7.2539028650321207e+00   1.3386200540562204e+01   1.0000000000000000e+00
379   8.5291184143159064e+00   1.5275857528973001e+01   1.0000000000000000e+00
380   9.8043339635996976e+00   1.7165514517383802e+01   1.0000000000000000e+00
381   1.1079549512883487e+01   1.9055171505794597e+01   1.0000000000000000e+00
382   1.1717157287525382e+01   2.0000000000000000e+01   1.0000000000000000e+00
383   1.0964194013638160e+00   1.2523702036135115e+01   1.0000000000000000e+00
384   1.5214912511250782e+00   1.3883028938656004e+01   1.0000000000000002e+00
385   1.9465631008863413e+00   1.5242355841176892e+01   1.0000000000000000e+00
386   2.3716349506476035e+00   1.6601682743697779e+01   1.0000000000000000e+00
387   2.7967068004088675e+00   1.7961009646218670e+01   1.0000000000000000e+00
388   3.2217786501701333e+00   1.9320336548739554e+01   1.0000000000000000e+00
389   3.4343145750507631e+00   2.0000000000000000e+01   1.0000000000000000e+00
390  -7.0710678118654613e-01   1.3982109772332372e+01   1.0000000000000000e+00
391  -7.0710678118654879e-01   1.5076271631908302e+01   1.0000000000000002e+00
392  -7.0710678118654702e-01   1.6170433491484236e+01   1.0000000000000000e+00
393  -7.0710678118654613e-01   1.7264595351060166e+01   1.0000000000000000e+00
394  -7.0710678118654613e-01   1.8358757210636099e+01   1.0000000000000000e+00
395  -7.0710678118654613e-01   1.9452919070212033e+01   1.0000000000000000e+00
396  -7.0710678118654435e-01   2.0000000000000000e+01   1.0000000000000000e+00
397  -1.3540168034090776e+00   1.3495973860266620e+01   1.0000000000000000e+00
398  -1.5871766760743160e+00   1.4678524067490869e+01   1.0000000000000002e+00
399  -1.8203365487395553e+00   1.5861074274715122e+01   1.0000000000000000e+00
400  -2.0534964214047937e+00   1.7043624481939371e+01   1.0000000000000000e+00
401  -2.2866562940700321e+00   1.8226174689163624e+01   1.0000000000000000e+00
402  -2.5198161667352714e+00   1.9408724896387874e+01   1.0000000000000000e+00
403  -2.6363961030678915e+00   2.0000000000000000e+01   1.0000000000000000e+00
404  -2.6478368478541379e+00   1.2523702036135116e+01   1.0000000000000000e+00
405  -3.3473164658498513e+00   1.3883028938656000e+01   1.0000000000000002e+00
406  -4.0467960838455728e+00   1.5242355841176892e+01   1.0000000000000000e+00
407  -4.7462757018412907e+00   1.6601682743697779e+01   1.0000000000000000e+00
408  -5.4457553198370068e+00   1.7961009646218670e+01   1.0000000000000000e+00
409  -6.1452349378327220e+00   1.9320336548739554e+01   1.0000000000000000e+00
410  -6.4949747468305823e+00   2.0000000000000000e+01   1.0000000000000000e+00
411  -3.2947468700766684e+00   1.2037566124069365e+01   1.0000000000000000e+00
412  -4.2273863607376230e+00   1.3485281374238568e+01   1.0000000000000002e+00
413  -5.1600258513985802e+00   1.4932996624407778e+01   1.0000000000000000e+00
414  -6.0926653420595382e+00   1.6380711874576985e+01   1.0000000000000000e+00
415  -7.0253048327204928e+00   1.7828427124746192e+01   1.0000000000000000e+00
416  -7.9579443233814482e+00   1.9276142374915395e+01   1.0000000000000000e+00
417  -8.4242640687119277e+00   2.0000000000000000e+01   1.0000000000000000e+00
418  -3.6992245331988913e+00   1.1713475516025529e+01   1.0000000000000000e+00
419  -4.7337125689177482e+00   1.3220116331293614e+01   1.0000000000000002e+00
420  -5.7682006046366050e+00   1.4726757146561702e+01   1.0000000000000000e+00
421  -6.8026886403554627e+00   1.6233397961829787e+01   1.0000000000000000e+00
422  -7.8371766760743160e+00   1.7740038777097872e+01   1.0000000000000000e+00
423  -8.8716647117931728e+00   1.9246679592365957e+01   1.0000000000000000e+00
424  -9.3889087296526004e+00   2.0000000000000000e+01   1.0000000000000000e+00
425  -4.1037021963211142e+00   1.1389384907981697e+01   1.0000000000000000e+00
426  -5.2400387770978707e+00   1.2954951288348658e+01   1.0000000000000002e+00
427  -6.3763753578746281e+00   1.4520517668715623e+01   1.0000000000000000e+00
428  -7.5127119386513836e+00   1.6086084049082590e+01   1.0000000000000000e+00
429  -8.6490485194281383e+00   1.7651650429449553e+01   1.0000000000000000e+00
430  -9.7853851002048948e+00   1.9217216809816517e+01   1.0000000000000000e+00
431  -1.0353553390593273e+01   2.0000000000000000e+01   1.0000000000000000e+00
432  -4.5081798594433398e+00   1.1065294299937861e+01   1.0000000000000000e+00
433  -5.7463649852779932e+00   1.2689786245403702e+01   1.0000000000000002e+00
434  -6.9845501111126502e+00   1.4314278190869549e+01   1.0000000000000000e+00
435  -8.2227352369473081e+00   1.5938770136335391e+01   1.0000000000000000e+00
436  -9.4609203627819625e+00   1.7563262081801234e+01   1.0000000000000000e+00
437  -1.0699105488616617e+01   1.9187754027267079e+01   1.0000000000000000e+00
438  -1.1318198051533946e+01   2.0000000000000000e+01   1.0000000000000000e+00
439  -4.9126575225655618e+00   1.0741203691894029e+01   1.0000000000000000e+00
440  -6.2526911934581157e+00   1.2424621202458747e+01   1.0000000000000002e+00
441  -7.5927248643506751e+00   1.4108038713023472e+01   1.0000000000000000e+00
442  -8.9327585352432326e+00   1.5791456223588195e+01   1.0000000000000000e+00
443  -1.0272792206135787e+01   1.7474873734152919e+01   1.0000000000000000e+00
444  -1.1612825877028342e+01   1.9158291244717638e+01   1.0000000000000000e+00
445  -1.2282842712474620e+01   2.0000000000000000e+01   1.0000000000000000e+00
446  -5.7216128488100102e+00   1.0093022475806359e+01   1.0000000000000000e+00
447  -7.2653436098183626e+00   1.1894291116568835e+01   1.0000000000000002e+00
448  -8.8090743708267212e+00   1.3695559757331319e+01   1.0000000000000000e+00
449  -1.0352805131835078e+01   1.5496828398093800e+01   1.0000000000000000e+00
450  -1.1896535892843431e+01   1.7298097038856280e+01   1.0000000000000000e+00
451  -1.3440266653851790e+01   1.9099365679618760e+01   1.0000000000000000e+00
452  -1.4212132034355964e+01   2.0000000000000000e+01   1.0000000000000000e+00
453  -7.3395235012989044e+00   8.7966600436310216e+00   1.0000000000000000e+00
454  -9.2906484425388580e+00   1.0833630944789014e+01   1.0000000000000002e+00
455  -1.1241773383778815e+01   1.2870601845947014e+01   1.0000000000000000e+00
456  -1.3192898325018771e+01   1.4907572747105013e+01   1.0000000000000000e+00
457  -1.5144023266258724e+01   1.6944543648263007e+01   1.0000000000000000e+00
458  -1.7095148207498678e+01   1.8981514549421000e+01   1.0000000000000000e+00
459  -1.8070710678118655e+01   2.0000000000000000e+01   1.0000000000000000e+00
460  -8.1484788275433520e+00   8.1484788275433537e+00   1.0000000000000000e+00
461  -1.0303300858899105e+01   1.0303300858899107e+01   1.0000000000000002e+00
462  -1.2458122890254861e+01   1.2458122890254863e+01   1.0000000000000000e+00
463  -1.4612944921610614e+01   1.4612944921610618e+01   1.0000000000000000e+00
464  -1.6767766952966369e+01   1.6767766952966369e+01   1.0000000000000000e+00
465  -1.8922588984322122e+01   1.8922588984322125e+01   1.0000000000000000e+00
466  -2.0000000000000000e+01   2.0000000000000004e+01   1.0000000000000000e+00
467  -8.7966600436310198e+00   7.3395235012989062e+00   1.0000000000000000e+00
468  -1.0833630944789016e+01   9.2906484425388580e+00   1.0000000000000002e+00
469  -1.2870601845947014e+01   1.1241773383778815e+01   1.0000000000000000e+00
470  -1.4907572747105013e+01   1.3192898325018772e+01   1.0000000000000000e+00
471  -1.6944543648263007e+01   1.5144023266258726e+01   1.0000000000000000e+00
472  -1.8981514549421000e+01   1.7095148207498678e+01   1.0000000000000000e+00
473  -2.0000000000000000e+01   1.8070710678118655e+01   1.0000000000000000e+00
474  -1.0093022475806357e+01   5.7216128488100129e+00   1.0000000000000000e+00
475  -1.1894291116568834e+01   7.2653436098183635e+00   1.0000000000000002e+00
476  -1.3695559757331319e+01   8.8090743708267212e+00   1.0000000000000000e+00
477  -1.5496828398093800e+01   1.0352805131835080e+01   1.0000000000000000e+00
478  -1.7298097038856277e+01   1.1896535892843433e+01   1.0000000000000000e+00
479  -1.9099365679618764e+01   1.3440266653851788e+01   1.0000000000000000e+00
480  -2.0000000000000000e+01   1.4212132034355966e+01   1.0000000000000000e+00
481  -1.0741203691894027e+01   4.9126575225655644e+00   1.0000000000000000e+00
482  -1.2424621202458745e+01   6.2526911934581175e+00   1.0000000000000002e+00
483  -1.4108038713023472e+01   7.5927248643506768e+00   1.0000000000000000e+00
484  -1.5791456223588195e+01   8.9327585352432326e+00   1.0000000000000000e+00
485  -1.7474873734152915e+01   1.0272792206135787e+01   1.0000000000000000e+00
486  -1.9158291244717638e+01   1.1612825877028344e+01   1.0000000000000000e+00
487  -2.0000000000000000e+01   1.2282842712474622e+01   1.0000000000000000e+00
488  -1.1065294299937861e+01   4.5081798594433407e+00   1.0000000000000000e+00
489  -1.2689786245403702e+01   5.7463649852779959e+00   1.0000000000000002e+00
490  -1.4314278190869548e+01   6.9845501111126520e+00   1.0000000000000000e+00
491  -1.5938770136335391e+01   8.2227352369473081e+00   1.0000000000000000e+00
492  -1.7563262081801234e+01   9.4609203627819642e+00   1.0000000000000000e+00
493  -1.9187754027267076e+01   1.0699105488616620e+01   1.0000000000000000e+00
494  -2.0000000000000000e+01   1.1318198051533949e+01   1.0000000000000000e+00
495  -1.1389384907981695e+01   4.1037021963211169e+00   1.0000000000000000e+00
496  -1.2954951288348658e+01   5.2400387770978707e+00   1.0000000000000002e+00
497  -1.4520517668715625e+01   6.3763753578746281e+00   1.0000000000000000e+00
498  -1.6086084049082590e+01   7.5127119386513854e+00   1.0000000000000000e+00
499  -1.7651650429449553e+01   8.6490485194281419e+00   1.0000000000000000e+00
500  -1.9217216809816517e+01   9.7853851002048966e+00   1.0000000000000000e+00
501  -2.0000000000000000e+01   1.0353553390593277e+01   1.0000000000000000e+00
502  -1.1713475516025529e+01   3.6992245331988931e+00   1.0000000000000000e+00
503  -1.3220116331293614e+01   4.7337125689177491e+00   1.0000000000000002e+00
504  -1.4726757146561702e+01   5.7682006046366077e+00   1.0000000000000000e+00
505  -1.6233397961829787e+01   6.8026886403554645e+00   1.0000000000000000e+00
506  -1.7740038777097872e+01   7.8371766760743178e+00   1.0000000000000000e+00
507  -1.9246679592365957e+01   8.8716647117931764e+00   1.0000000000000000e+00
508  -2.0000000000000000e+01   9.3889087296526039e+00   1.0000000000000000e+00
509  -1.2037566124069365e+01   3.2947468700766702e+00   1.0000000000000000e+00
510  -1.3485281374238568e+01   4.2273863607376247e+00   1.0000000000000002e+00
511  -1.4932996624407778e+01   5.1600258513985828e+00   1.0000000000000000e+00
512  -1.6380711874576985e+01   6.0926653420595400e+00   1.0000000000000000e+00
513  -1.7828427124746192e+01   7.0253048327204937e+00   1.0000000000000000e+00
514  -1.9276142374915395e+01   7.9579443233814517e+00   1.0000000000000000e+00
515  -2.0000000000000000e+01   8.4242640687119312e+00   1.0000000000000000e+00
516  -1.2523702036135116e+01   2.6478368478541396e+00   1.0000000000000000e+00
517  -1.3883028938656000e+01   3.3473164658498540e+00   1.0000000000000002e+00
518  -1.5242355841176893e+01   4.0467960838455737e+00   1.0000000000000000e+00
519  -1.6601682743697779e+01   4.7462757018412915e+00   1.0000000000000000e+00
520  -1.7961009646218670e+01   5.4457553198370094e+00   1.0000000000000000e+00
521  -1.9320336548739554e+01   6.1452349378327238e+00   1.0000000000000000e+00
522  -2.0000000000000000e+01   6.4949747468305850e+00   1.0000000000000000e+00
523  -1.3495973860266618e+01   1.3540168034090803e+00   1.0000000000000000e+00
524  -1.4678524067490867e+01   1.5871766760743187e+00   1.0000000000000002e+00
525  -1.5861074274715122e+01   1.8203365487395580e+00   1.0000000000000000e+00
526  -1.7043624481939371e+01   2.0534964214047955e+00   1.0000000000000000e+00
527  -1.8226174689163624e+01   2.2866562940700357e+00   1.0000000000000000e+00
528  -1.9408724896387874e+01   2.5198161667352750e+00   1.0000000000000000e+00
529  -2.0000000000000000e+01   2.6363961030678951e+00   1.0000000000000000e+00
530  -1.3982109772332370e+01   7.0710678118654879e-01   1.0000000000000000e+00
531  -1.5076271631908302e+01   7.0710678118655146e-01   1.0000000000000002e+00
532  -1.6170433491484236e+01   7.0710678118654968e-01   1.0000000000000000e+00
533  -1.7264595351060166e+01   7.0710678118654968e-01   1.0000000000000000e+00
534  -1.8358757210636099e+01   7.0710678118654791e-01   1.0000000000000000e+00
535  -1.9452919070212033e+01   7.0710678118654968e-01   1.0000000000000000e+00
536  -2.0000000000000000e+01   7.0710678118654791e-01   1.0000000000000000e+00
537  -1.2523702036135115e+01  -1.0964194013638142e+00   1.0000000000000000e+00
538  -1.3883028938656004e+01  -1.5214912511250764e+00   1.0000000000000002e+00
539  -1.5242355841176892e+01  -1.9465631008863404e+00   1.0000000000000000e+00
540  -1.6601682743697779e+01  -2.3716349506476044e+00   1.0000000000000000e+00
541  -1.7961009646218667e+01  -2.7967068004088658e+00   1.0000000000000000e+00
542  -1.9320336548739554e+01  -3.2217786501701298e+00   1.0000000000000000e+00
543  -2.0000000000000000e+01  -3.4343145750507613e+00   1.0000000000000000e+00
544  -9.6068865637406056e+00  -4.7034717664645420e+00   1.0000000000000000e+00
545  -1.1496543552151403e+01  -5.9786873157483296e+00   1.0000000000000002e+00
546  -1.3386200540562204e+01  -7.2539028650321189e+00   1.0000000000000000e+00
547  -1.5275857528973001e+01  -8.5291184143159064e+00   1.0000000000000000e+00
548  -1.7165514517383802e+01  -9.8043339635996976e+00   1.0000000000000000e+00
549  -1.9055171505794601e+01  -1.1079549512883485e+01   1.0000000000000000e+00
550  -2.0000000000000000e+01  -1.1717157287525380e+01   1.0000000000000000e+00
551  -8.1484788275433537e+00  -6.5069979490149050e+00   1.0000000000000000e+00
552  -1.0303300858899105e+01  -8.2072853480599548e+00   1.0000000000000002e+00
553  -1.2458122890254860e+01  -9.9075727471050072e+00   1.0000000000000000e+00
554  -1.4612944921610614e+01  -1.1607860146150060e+01   1.0000000000000000e+00
555  -1.6767766952966369e+01  -1.3308147545195110e+01   1.0000000000000000e+00
556  -1.8922588984322125e+01  -1.5008434944240163e+01   1.0000000000000000e+00
557  -2.0000000000000000e+01  -1.5858578643762687e+01   1.0000000000000000e+00
558  -7.8243882194995180e+00  -7.0036477802352941e+00   1.0000000000000000e+00
559  -1.0038135815954149e+01  -8.9901280605345750e+00   1.0000000000000002e+00
560  -1.2251883412408784e+01  -1.0976608340833856e+01   1.0000000000000000e+00
561  -1.4465631008863419e+01  -1.2963088621133140e+01   1.0000000000000000e+00
562  -1.6679378605318053e+01  -1.4949568901432421e+01   1.0000000000000000e+00
563  -1.8893126201772681e+01  -1.6936049181731704e+01   1.0000000000000000e+00
564  -2.0000000000000000e+01  -1.7929289321881345e+01   1.0000000000000000e+00
565  -7.5002976114556841e+00  -7.5002976114556832e+00   1.0000000000000000e+00
566  -9.7729707730091935e+00  -9.7729707730091935e+00   1.0000000000000002e+00
567  -1.2045643934562708e+01  -1.2045643934562706e+01   1.0000000000000000e+00
568  -1.4318317096116221e+01  -1.4318317096116219e+01   1.0000000000000000e+00
569  -1.6590990257669734e+01  -1.6590990257669731e+01   1.0000000000000000e+00
570  -1.8863663419223247e+01  -1.8863663419223244e+01   1.0000000000000000e+00
571  -2.0000000000000004e+01  -2.0000000000000000e+01   1.0000000000000000e+00
572  -7.0036477802352950e+00  -7.8243882194995180e+00   1.0000000000000000e+00
573  -8.9901280605345750e+00  -1.0038135815954149e+01   1.0000000000000002e+00
574  -1.0976608340833858e+01  -1.2251883412408782e+01   1.0000000000000000e+00
575  -1.2963088621133142e+01  -1.4465631008863419e+01   1.0000000000000000e+00
576  -1.4949568901432425e+01  -1.6679378605318050e+01   1.0000000000000000e+00
577  -1.6936049181731700e+01  -1.8893126201772684e+01   1.0000000000000000e+00
578  -1.7929289321881345e+01  -2.0000000000000000e+01   1.0000000000000000e+00
579  -6.5069979490149068e+00  -8.1484788275433520e+00   1.0000000000000000e+00
580  -8.2072853480599566e+00  -1.0303300858899103e+01   1.0000000000000002e+00
581  -9.9075727471050090e+00  -1.2458122890254860e+01   1.0000000000000000e+00
582  -1.1607860146150061e+01  -1.4612944921610612e+01   1.0000000000000000e+00
583  -1.3308147545195112e+01  -1.6767766952966369e+01   1.0000000000000000e+00
584  -1.5008434944240165e+01  -1.8922588984322122e+01   1.0000000000000000e+00
585  -1.5858578643762691e+01  -1.9999999999999996e+01   1.0000000000000000e+00
586  -4.7034717664645429e+00  -9.6068865637406056e+00   1.0000000000000000e+00
587  -5.9786873157483296e+00  -1.1496543552151403e+01   1.0000000000000002e+00
588  -7.2539028650321207e+00  -1.3386200540562204e+01   1.0000000000000000e+00
589  -8.5291184143159064e+00  -1.5275857528973001e+01   1.0000000000000000e+00
590  -9.8043339635996976e+00  -1.7165514517383802e+01   1.0000000000000000e+00
591  -1.1079549512883487e+01  -1.9055171505794597e+01   1.0000000000000000e+00
592  -1.1717157287525382e+01  -2.0000000000000000e+01   1.0000000000000000e+00
593  -1.0964194013638160e+00  -1.2523702036135115e+01   1.0000000000000000e+00
594  -1.5214912511250782e+00  -1.3883028938656004e+01   1.0000000000000002e+00
595  -1.9465631008863413e+00  -1.5242355841176892e+01   1.0000000000000000e+00
596  -2.3716349506476035e+00  -1.6601682743697779e+01   1.0000000000000000e+00
597  -2.7967068004088675e+00  -1.7961009646218670e+01   1.0000000000000000e+00
598  -3.2217786501701333e+00  -1.9320336548739554e+01   1.0000000000000000e+00
599  -3.4343145750507631e+00  -2.0000000000000000e+01   1.0000000000000000e+00
600   7.0710678118654613e-01  -1.3982109772332372e+01   1.0000000000000000e+00
601   7.0710678118654879e-01  -1.5076271631908302e+01   1.0000000000000002e+00
602   7.0710678118654702e-01  -1.6170433491484236e+01   1.0000000000000000e+00
603   7.0710678118654613e-01  -1.7264595351060166e+01   1.0000000000000000e+00
604   7.0710678118654613e-01  -1.8358757210636099e+01   1.0000000000000000e+00
605   7.0710678118654613e-01  -1.9452919070212033e+01   1.0000000000000000e+00
606   7.0710678118654435e-01  -2.0000000000000000e+01   1.0000000000000000e+00
607   1.3540168034090776e+00  -1.3495973860266620e+01   1.0000000000000000e+00
608   1.5871766760743160e+00  -1.4678524067490869e+01   1.0000000000000002e+00
609   1.8203365487395553e+00  -1.5861074274715122e+01   1.0000000000000000e+00
610   2.0534964214047937e+00  -1.7043624481939371e+01   1.0000000000000000e+00
611   2.2866562940700321e+00  -1.8226174689163624e+01   1.0000000000000000e+00
612   2.5198161667352714e+00  -1.9408724896387874e+01   1.0000000000000000e+00
613   2.6363961030678915e+00  -2.0000000000000000e+01   1.0000000000000000e+00
614   2.6478368478541379e+00  -1.2523702036135116e+01   1.0000000000000000e+00
615   3.3473164658498513e+00  -1.3883028938656000e+01   1.0000000000000002e+00
616   4.0467960838455728e+00  -1.5242355841176892e+01   1.0000000000000000e+00
617   4.7462757018412907e+00  -1.6601682743697779e+01   1.0000000000000000e+00
618   5.4457553198370068e+00  -1.7961009646218670e+01   1.0000000000000000e+00
619   6.1452349378327220e+00  -1.9320336548739554e+01   1.0000000000000000e+00
620   6.4949747468305823e+00  -2.0000000000000000e+01   1.0000000000000000e+00
621   3.2947468700766684e+00  -1.2037566124069365e+01   1.0000000000000000e+00
622   4.2273863607376230e+00  -1.3485281374238568e+01   1.0000000000000002e+00
623   5.1600258513985802e+00  -1.4932996624407778e+01   1.0000000000000000e+00
624   6.0926653420595382e+00  -1.6380711874576985e+01   1.0000000000000000e+00
625   7.0253048327204928e+00  -1.7828427124746192e+01   1.0000000000000000e+00
626   7.9579443233814482e+00  -1.9276142374915395e+01   1.0000000000000000e+00
627   8.4242640687119277e+00  -2.0000000000000000e+01   1.0000000000000000e+00
628   3.6992245331988913e+00  -1.1713475516025529e+01   1.0000000000000000e+00
629   4.7337125689177482e+00  -1.3220116331293614e+01   1.0000000000000002e+00
630   5.7682006046366050e+00  -1.4726757146561702e+01   1.0000000000000000e+00
631   6.8026886403554627e+00  -1.6233397961829787e+01   1.0000000000000000e+00
632   7.8371766760743160e+00  -1.7740038777097872e+01   1.0000000000000000e+00
633   8.8716647117931728e+00  -1.9246679592365957e+01   1.0000000000000000e+00
634   9.3889087296526004e+00  -2.0000000000000000e+01   1.0000000000000000e+00
635   4.1037021963211142e+00  -1.1389384907981697e+01   1.0000000000000000e+00
636   5.2400387770978707e+00  -1.2954951288348658e+01   1.0000000000000002e+00
637   6.3763753578746281e+00  -1.4520517668715623e+01   1.0000000000000000e+00
638   7.5127119386513836e+00  -1.6086084049082590e+01   1.0000000000000000e+00
639   8.6490485194281383e+00  -1.7651650429449553e+01   1.0000000000000000e+00
640   9.7853851002048948e+00  -1.9217216809816517e+01   1.0000000000000000e+00
641   1.0353553390593273e+01  -2.0000000000000000e+01   1.0000000000000000e+00
642   4.5081798594433398e+00  -1.1065294299937861e+01   1.0000000000000000e+00
643   5.7463649852779932e+00  -1.2689786245403702e+01   1.0000000000000002e+00
644   6.9845501111126502e+00  -1.4314278190869549e+01   1.0000000000000000e+00
645   8.2227352369473081e+00  -1.5938770136335391e+01   1.0000000000000000e+00
646   9.4609203627819625e+00  -1.7563262081801234e+01   1.0000000000000000e+00
647   1.0699105488616617e+01  -1.9187754027267079e+01   1.0000000000000000e+00
648   1.1318198051533946e+01  -2.0000000000000000e+01   1.0000000000000000e+00
649   4.9126575225655618e+00  -1.0741203691894029e+01   1.0000000000000000e+00
650   6.2526911934581157e+00  -1.2424621202458747e+01   1.0000000000000002e+00
651   7.5927248643506751e+00  -1.4108038713023472e+01   1.0000000000000000e+00
652   8.9327585352432326e+00  -1.5791456223588195e+01   1.0000000000000000e+00
653   1.0272792206135787e+01  -1.7474873734152919e+01   1.0000000000000000e+00
654   1.1612825877028342e+01  -1.9158291244717638e+01   1.0000000000000000e+00
655   1.2282842712474620e+01  -2.0000000000000000e+01   1.0000000000000000e+00
656   5.7216128488100102e+00  -1.0093022475806359e+01   1.0000000000000000e+00
657   7.2653436098183626e+00  -1.1894291116568835e+01   1.0000000000000002e+00
658   8.8090743708267212e+00  -1.3695559757331319e+01   1.0000000000000000e+00
659   1.0352805131835078e+01  -1.5496828398093800e+01   1.0000000000000000e+00
660   1.1896535892843431e+01  -1.7298097038856280e+01   1.0000000000000000e+00
661   1.3440266653851790e+01  -1.9099365679618760e+01   1.0000000000000000e+00
662   1.4212132034355964e+01  -2.0000000000000000e+01   1.0000000000000000e+00
663   7.3395235012989044e+00  -8.7966600436310216e+00   1.0000000000000000e+00
664   9.2906484425388580e+00  -1.0833630944789014e+01   1.0000000000000002e+00
665   1.1241773383778815e+01  -1.2870601845947014e+01   1.0000000000000000e+00
666   1.3192898325018771e+01  -1.4907572747105013e+01   1.0000000000000000e+00
667   1.5144023266258724e+01  -1.6944543648263007e+01   1.0000000000000000e+00
668   1.7095148207498678e+01  -1.8981514549421000e+01   1.0000000000000000e+00
669   1.8070710678118655e+01  -2.0000000000000000e+01   1.0000000000000000e+00
670   8.1484788275433520e+00  -8.1484788275433537e+00   1.0000000000000000e+00
671   1.0303300858899105e+01  -1.0303300858899107e+01   1.0000000000000002e+00
672   1.2458122890254861e+01  -1.2458122890254863e+01   1.0000000000000000e+00
673   1.4612944921610614e+01  -1.4612944921610618e+01   1.0000000000000000e+00
674   1.6767766952966369e+01  -1.6767766952966369e+01   1.0000000000000000e+00
675   1.8922588984322122e+01  -1.8922588984322125e+01   1.0000000000000000e+00
676   2.0000000000000000e+01  -2.0000000000000004e+01   1.0000000000000000e+00
677   8.7966600436310198e+00  -7.3395235012989062e+00   1.0000000000000000e+00
678   1.0833630944789016e+01  -9.2906484425388580e+00   1.0000000000000002e+00
679   1.2870601845947014e+01  -1.1241773383778815e+01   1.0000000000000000e+00
680   1.4907572747105013e+01  -1.3192898325018772e+01   1.0000000000000000e+00
681   1.6944543648263007e+01  -1.5144023266258726e+01   1.0000000000000000e+00
682   1.8981514549421000e+01  -1.7095148207498678e+01   1.0000000000000000e+00
683   2.0000000000000000e+01  -1.8070710678118655e+01   1.0000000000000000e+00
684   1.0093022475806357e+01  -5.7216128488100129e+00   1.0000000000000000e+00
685   1.1894291116568834e+01  -7.2653436098183635e+00   1.0000000000000002e+00
686   1.3695559757331319e+01  -8.8090743708267212e+00   1.0000000000000000e+00
687   1.5496828398093800e+01  -1.0352805131835080e+01   1.0000000000000000e+00
688   1.7298097038856277e+01  -1.1896535892843433e+01   1.0000000000000000e+00
689   1.9099365679618764e+01  -1.3440266653851788e+01   1.0000000000000000e+00
690   2.0000000000000000e+01  -1.4212132034355966e+01   1.0000000000000000e+00
691   1.0741203691894027e+01  -4.9126575225655644e+00   1.0000000000000000e+00
692   1.2424621202458745e+01  -6.2526911934581175e+00   1.0000000000000002e+00
693   1.4108038713023472e+01  -7.5927248643506768e+00   1.0000000000000000e+00
694   1.5791456223588195e+01  -8.9327585352432326e+00   1.0000000000000000e+00
695   1.7474873734152915e+01  -1.0272792206135787e+01   1.0000000000000000e+00
696   1.9158291244717638e+01  -1.1612825877028344e+01   1.0000000000000000e+00
697   2.0000000000000000e+01  -1.2282842712474622e+01   1.0000000000000000e+00
698   1.1065294299937861e+01  -4.5081798594433407e+00   1.0000000000000000e+00
699   1.2689786245403702e+01  -5.7463649852779959e+00   1.0000000000000002e+00
700   1.4314278190869548e+01  -6.9845501111126520e+00   1.0000000000000000e+00
701   1.5938770136335391e+01  -8.2227352369473081e+00   1.0000000000000000e+00
702   1.7563262081801234e+01  -9.4609203627819642e+00   1.0000000000000000e+00
703   1.9187754027267076e+01  -1.0699105488616620e+01   1.0000000000000000e+00
704   2.0000000000000000e+01  -1.1318198051533949e+01   1.0000000000000000e+00
705   1.1389384907981695e+01  -4.1037021963211169e+00   1.0000000000000000e+00
706   1.2954951288348658e+01  -5.2400387770978707e+00   1.0000000000000002e+00
707   1.4520517668715625e+01  -6.3763753578746281e+00   1.0000000000000000e+00
708   1.6086084049082590e+01  -7.5127119386513854e+00   1.0000000000000000e+00
709   1.7651650429449553e+01  -8.6490485194281419e+00   1.0000000000000000e+00
710   1.9217216809816517e+01  -9.7853851002048966e+00   1.0000000000000000e+00
711   2.0000000000000000e+01  -1.0353553390593277e+01   1.0000000000000000e+00
712   1.1713475516025529e+01  -3.6992245331988931e+00   1.0000000000000000e+00
713   1.3220116331293614e+01  -4.7337125689177491e+00   1.0000000000000002e+00
714   1.4726757146561702e+01  -5.7682006046366077e+00   1.0000000000000000e+00
715   1.6233397961829787e+01  -6.8026886403554645e+00   1.0000000000000000e+00
716   1.7740038777097872e+01  -7.8371766760743178e+00   1.0000000000000000e+00
717   1.9246679592365957e+01  -8.8716647117931764e+00   1.0000000000000000e+00
718   2.0000000000000000e+01  -9.3889087296526039e+00   1.0000000000000000e+00
719   1.2037566124069365e+01  -3.2947468700766702e+00   1.0000000000000000e+00
720   1.3485281374238568e+01  -4.2273863607376247e+00   1.0000000000000002e+00
721   1.4932996624407778e+01  -5.1600258513985828e+00   1.0000000000000000e+00
722   1.6380711874576985e+01  -6.0926653420595400e+00   1.0000000000000000e+00
723   1.7828427124746192e+01  -7.0253048327204937e+00   1.0000000000000000e+00
724   1.9276142374915395e+01  -7.9579443233814517e+00   1.0000000000000000e+00
725   2.0000000000000000e+01  -8.4242640687119312e+00   1.0000000000000000e+00
726   1.2523702036135116e+01  -2.6478368478541396e+00   1.0000000000000000e+00
727   1.3883028938656000e+01  -3.3473164658498540e+00   1.0000000000000002e+00
728   1.5242355841176893e+01  -4.0467960838455737e+00   1.0000000000000000e+00
729   1.6601682743697779e+01  -4.7462757018412915e+00   1.0000000000000000e+00
730   1.7961009646218670e+01  -5.4457553198370094e+00   1.0000000000000000e+00
731   1.9320336548739554e+01  -6.1452349378327238e+00   1.0000000000000000e+00
732   2.0000000000000000e+01  -6.4949747468305850e+00   1.0000000000000000e+00
733   1.3495973860266618e+01  -1.3540168034090803e+00   1.0000000000000000e+00
734   1.4678524067490867e+01  -1.5871766760743187e+00   1.0000000000000002e+00
735   1.5861074274715122e+01  -1.8203365487395580e+00   1.0000000000000000e+00
736   1.7043624481939371e+01  -2.0534964214047955e+00   1.0000000000000000e+00
737   1.8226174689163624e+01  -2.2866562940700357e+00   1.0000000000000000e+00
738   1.9408724896387874e+01  -2.5198161667352750e+00   1.0000000000000000e+00
739   2.0000000000000000e+01  -2.6363961030678951e+00   1.0000000000000000e+00

