3

206000  3.000000e-01

1

384

3     3     3

10    12    12

6     8     8

0    1    2    3    4    5    6    7    8    9    10   11   12   13   14   15   16   17   18   19   20   21   22   23   24   25   26   27   28   29   30   31   32   33   34   35   36   37   38   39   40   41   42   43   44   45   46   47   48   49   50   51   52   53   54   55   56   57   58   59   60   61   62   63   64   65   66   67   68   69   70   71   72   73   74   75   76   77   78   79   80   81   82   83   84   85   86   87   88   89   90   91   92   93   94   95   96   97   98   99   100  101  102  103  104  105  106  107  108  109  110  111  112  113  114  115  116  117  118  119  120  121  122  123  124  125  126  127  128  129  130  131  132  133  134  135  136  137  138  139  140  141  142  143  144  145  146  147  148  149  150  151  152  153  154  155  156  157  158  159  160  161  162  163  164  165  166  167  168  169  170  171  172  173  174  175  176  177  178  179  180  181  182  183  184  185  186  187  188  189  190  191  192  193  194  195  196  197  198  199  200  201  202  203  204  205  206  207  208  209  210  211  212  213  214  215  216  217  218  219  220  221  222  223  224  225  226  227  228  229  230  231  232  233  234  235  236  237  238  239  240  241  242  243  244  245  246  247  248  249  250  251  252  253  254  255  256  257  258  259  260  261  262  263  264  265  266  267  268  269  270  271  272  273  274  275  276  277  278  279  280  281  282  283  284  285  286  287  288  289  290  291  292  293  294  295  296  297  298  299  300  301  302  303  304  305  306  307  308  309  310  311  312  313  314  315  316  317  318  319  320  321  322  323  324  325  326  327  328  329  330  331  332  333  334  335  336  337  338  339  340  341  342  343  344  345  346  347  348  349  350  351  352  353  354  355  356  357  358  359  360  361  362  363  364  365  366  367  368  369  370  371  372  373  374  375  376  377  378  379  380  381  382  383

438   0     0

0.0000000000000000e+00  0.0000000000000000e+00  0.0000000000000000e+00  0.0000000000000000e+00  3.3333333333333331e-01  6.6666666666666663e-01  1.0000000000000000e+00  1.0000000000000000e+00  1.0000000000000000e+00  1.0000000000000000e+00
0.0000000000000000e+00  0.0000000000000000e+00  0.0000000000000000e+00  0.0000000000000000e+00  2.0000000000000001e-01  4.0000000000000002e-01  5.9999999999999998e-01  8.0000000000000004e-01  1.0000000000000000e+00  1.0000000000000000e+00  1.0000000000000000e+00  1.0000000000000000e+00
0.0000000000000000e+00  0.0000000000000000e+00  0.0000000000000000e+00  0.0000000000000000e+00  2.0000000000000001e-01  4.0000000000000002e-01  5.9999999999999998e-01  8.0000000000000004e-01  1.0000000000000000e+00  1.0000000000000000e+00  1.0000000000000000e+00  1.0000000000000000e+00

0     0.0000000000000000e+00  1.0000000000000000e+00  0.0000000000000000e+00  1.0000000000000000e+00
1     1.1111111111111112e-01  1.0000000000000000e+00  0.0000000000000000e+00  1.0000000000000000e+00
2     3.3333333333333337e-01  1.0000000000000000e+00  0.0000000000000000e+00  1.0000000000000000e+00
3     6.6666666666666674e-01  1.0000000000000000e+00  0.0000000000000000e+00  1.0000000000000000e+00
4     8.8888888888888884e-01  1.0000000000000000e+00  0.0000000000000000e+00  1.0000000000000000e+00
5     1.0000000000000000e+00  1.0000000000000000e+00  0.0000000000000000e+00  1.0000000000000000e+00
6     0.0000000000000000e+00  1.0666666666666667e+00  0.0000000000000000e+00  1.0000000000000000e+00
7     1.1111111111111113e-01  1.0666666666666669e+00  0.0000000000000000e+00  1.0000000000000000e+00
8     3.3333333333333337e-01  1.0666666666666667e+00  0.0000000000000000e+00  1.0000000000000000e+00
9     6.6666666666666674e-01  1.0666666666666667e+00  0.0000000000000000e+00  1.0000000000000000e+00
10    8.8888888888888895e-01  1.0666666666666667e+00  0.0000000000000000e+00  1.0000000000000000e+00
11    1.0000000000000000e+00  1.0666666666666667e+00  0.0000000000000000e+00  1.0000000000000000e+00
12    0.0000000000000000e+00  1.2000000000000000e+00  0.0000000000000000e+00  1.0000000000000000e+00
13    1.1111111111111113e-01  1.2000000000000002e+00  0.0000000000000000e+00  1.0000000000000000e+00
14    3.3333333333333337e-01  1.2000000000000000e+00  0.0000000000000000e+00  1.0000000000000000e+00
15    6.6666666666666674e-01  1.2000000000000000e+00  0.0000000000000000e+00  1.0000000000000000e+00
16    8.8888888888888884e-01  1.2000000000000000e+00  0.0000000000000000e+00  1.0000000000000000e+00
17    1.0000000000000000e+00  1.2000000000000000e+00  0.0000000000000000e+00  1.0000000000000000e+00
18    0.0000000000000000e+00  1.4000000000000001e+00  0.0000000000000000e+00  1.0000000000000000e+00
19    1.1111111111111112e-01  1.4000000000000004e+00  0.0000000000000000e+00  1.0000000000000000e+00
20    3.3333333333333343e-01  1.4000000000000004e+00  0.0000000000000000e+00  1.0000000000000000e+00
21    6.6666666666666685e-01  1.4000000000000004e+00  0.0000000000000000e+00  1.0000000000000000e+00
22    8.8888888888888884e-01  1.4000000000000004e+00  0.0000000000000000e+00  1.0000000000000000e+00
23    1.0000000000000000e+00  1.4000000000000001e+00  0.0000000000000000e+00  1.0000000000000000e+00
24    0.0000000000000000e+00  1.6000000000000001e+00  0.0000000000000000e+00  1.0000000000000000e+00
25    1.1111111111111113e-01  1.6000000000000001e+00  0.0000000000000000e+00  1.0000000000000000e+00
26    3.3333333333333337e-01  1.6000000000000001e+00  0.0000000000000000e+00  1.0000000000000000e+00
27    6.6666666666666674e-01  1.6000000000000001e+00  0.0000000000000000e+00  1.0000000000000000e+00
28    8.8888888888888873e-01  1.6000000000000001e+00  0.0000000000000000e+00  1.0000000000000000e+00
29    1.0000000000000000e+00  1.6000000000000001e+00  0.0000000000000000e+00  1.0000000000000000e+00
30    0.0000000000000000e+00  1.8000000000000003e+00  0.0000000000000000e+00  1.0000000000000000e+00
31    1.1111111111111113e-01  1.8000000000000003e+00  0.0000000000000000e+00  1.0000000000000000e+00
32    3.3333333333333337e-01  1.8000000000000003e+00  0.0000000000000000e+00  1.0000000000000000e+00
33    6.6666666666666674e-01  1.8000000000000003e+00  0.0000000000000000e+00  1.0000000000000000e+00
34    8.8888888888888884e-01  1.8000000000000003e+00  0.0000000000000000e+00  1.0000000000000000e+00
35    1.0000000000000000e+00  1.8000000000000003e+00  0.0000000000000000e+00  1.0000000000000000e+00
36    0.0000000000000000e+00  1.9333333333333333e+00  0.0000000000000000e+00  1.0000000000000000e+00
37    1.1111111111111113e-01  1.9333333333333333e+00  0.0000000000000000e+00  1.0000000000000000e+00
38    3.3333333333333337e-01  1.9333333333333333e+00  0.0000000000000000e+00  1.0000000000000000e+00
39    6.6666666666666674e-01  1.9333333333333333e+00  0.0000000000000000e+00  1.0000000000000000e+00
40    8.8888888888888884e-01  1.9333333333333333e+00  0.0000000000000000e+00  1.0000000000000000e+00
41    1.0000000000000000e+00  1.9333333333333333e+00  0.0000000000000000e+00  1.0000000000000000e+00
42    0.0000000000000000e+00  2.0000000000000000e+00  0.0000000000000000e+00  1.0000000000000000e+00
43    1.1111111111111112e-01  2.0000000000000000e+00  0.0000000000000000e+00  1.0000000000000000e+00
44    3.3333333333333337e-01  2.0000000000000000e+00  0.0000000000000000e+00  1.0000000000000000e+00
45    6.6666666666666674e-01  2.0000000000000000e+00  0.0000000000000000e+00  1.0000000000000000e+00
46    8.8888888888888884e-01  2.0000000000000000e+00  0.0000000000000000e+00  1.0000000000000000e+00
47    1.0000000000000000e+00  2.0000000000000000e+00  0.0000000000000000e+00  1.0000000000000000e+00
48    0.0000000000000000e+00  1.0000000000000000e+00  9.8112432999103216e-02  9.6094757082487303e-01
49    1.1111111111111110e-01  1.0000000000000000e+00  9.8112432999103216e-02  9.6094757082487314e-01
50    3.3333333333333337e-01  1.0000000000000000e+00  9.8112432999103216e-02  9.6094757082487303e-01
51    6.6666666666666674e-01  1.0000000000000000e+00  9.8112432999103216e-02  9.6094757082487303e-01
52    8.8888888888888895e-01  1.0000000000000000e+00  9.8112432999103230e-02  9.6094757082487303e-01
53    1.0000000000000000e+00  1.0000000000000000e+00  9.8112432999103216e-02  9.6094757082487303e-01
54    0.0000000000000000e+00  1.0666666666666667e+00  1.0465326186571010e-01  9.6094757082487303e-01
55    1.1111111111111110e-01  1.0666666666666667e+00  1.0465326186571011e-01  9.6094757082487314e-01
56    3.3333333333333337e-01  1.0666666666666667e+00  1.0465326186571010e-01  9.6094757082487303e-01
57    6.6666666666666674e-01  1.0666666666666667e+00  1.0465326186571010e-01  9.6094757082487303e-01
58    8.8888888888888895e-01  1.0666666666666667e+00  1.0465326186571013e-01  9.6094757082487303e-01
59    1.0000000000000000e+00  1.0666666666666667e+00  1.0465326186571010e-01  9.6094757082487303e-01
60    0.0000000000000000e+00  1.2000000000000000e+00  1.1773491959892385e-01  9.6094757082487303e-01
61    1.1111111111111110e-01  1.2000000000000002e+00  1.1773491959892388e-01  9.6094757082487314e-01
62    3.3333333333333337e-01  1.2000000000000000e+00  1.1773491959892388e-01  9.6094757082487303e-01
63    6.6666666666666674e-01  1.2000000000000000e+00  1.1773491959892388e-01  9.6094757082487303e-01
64    8.8888888888888895e-01  1.2000000000000000e+00  1.1773491959892389e-01  9.6094757082487303e-01
65    1.0000000000000000e+00  1.2000000000000000e+00  1.1773491959892385e-01  9.6094757082487303e-01
66    0.0000000000000000e+00  1.4000000000000001e+00  1.3735740619874454e-01  9.6094757082487314e-01
67    1.1111111111111110e-01  1.4000000000000004e+00  1.3735740619874454e-01  9.6094757082487314e-01
68    3.3333333333333343e-01  1.4000000000000004e+00  1.3735740619874454e-01  9.6094757082487314e-01
69    6.6666666666666685e-01  1.4000000000000004e+00  1.3735740619874454e-01  9.6094757082487314e-01
70    8.8888888888888884e-01  1.4000000000000004e+00  1.3735740619874454e-01  9.6094757082487314e-01
71    1.0000000000000000e+00  1.4000000000000001e+00  1.3735740619874454e-01  9.6094757082487314e-01
72    0.0000000000000000e+00  1.6000000000000003e+00  1.5697989279856514e-01  9.6094757082487303e-01
73    1.1111111111111110e-01  1.6000000000000001e+00  1.5697989279856517e-01  9.6094757082487314e-01
74    3.3333333333333337e-01  1.6000000000000003e+00  1.5697989279856517e-01  9.6094757082487303e-01
75    6.6666666666666674e-01  1.6000000000000003e+00  1.5697989279856517e-01  9.6094757082487303e-01
76    8.8888888888888873e-01  1.6000000000000003e+00  1.5697989279856514e-01  9.6094757082487303e-01
77    1.0000000000000000e+00  1.6000000000000003e+00  1.5697989279856514e-01  9.6094757082487303e-01
78    0.0000000000000000e+00  1.8000000000000003e+00  1.7660237939838577e-01  9.6094757082487303e-01
79    1.1111111111111110e-01  1.8000000000000000e+00  1.7660237939838577e-01  9.6094757082487314e-01
80    3.3333333333333337e-01  1.8000000000000003e+00  1.7660237939838577e-01  9.6094757082487303e-01
81    6.6666666666666674e-01  1.8000000000000003e+00  1.7660237939838577e-01  9.6094757082487303e-01
82    8.8888888888888895e-01  1.8000000000000003e+00  1.7660237939838583e-01  9.6094757082487303e-01
83    1.0000000000000000e+00  1.8000000000000003e+00  1.7660237939838577e-01  9.6094757082487303e-01
84    0.0000000000000000e+00  1.9333333333333336e+00  1.8968403713159954e-01  9.6094757082487303e-01
85    1.1111111111111110e-01  1.9333333333333333e+00  1.8968403713159954e-01  9.6094757082487314e-01
86    3.3333333333333337e-01  1.9333333333333336e+00  1.8968403713159959e-01  9.6094757082487303e-01
87    6.6666666666666674e-01  1.9333333333333336e+00  1.8968403713159959e-01  9.6094757082487303e-01
88    8.8888888888888895e-01  1.9333333333333336e+00  1.8968403713159959e-01  9.6094757082487303e-01
89    1.0000000000000000e+00  1.9333333333333336e+00  1.8968403713159954e-01  9.6094757082487303e-01
90    0.0000000000000000e+00  2.0000000000000000e+00  1.9622486599820643e-01  9.6094757082487303e-01
91    1.1111111111111110e-01  2.0000000000000000e+00  1.9622486599820643e-01  9.6094757082487314e-01
92    3.3333333333333337e-01  2.0000000000000000e+00  1.9622486599820643e-01  9.6094757082487303e-01
93    6.6666666666666674e-01  2.0000000000000000e+00  1.9622486599820643e-01  9.6094757082487303e-01
94    8.8888888888888895e-01  2.0000000000000000e+00  1.9622486599820646e-01  9.6094757082487303e-01
95    1.0000000000000000e+00  2.0000000000000000e+00  1.9622486599820643e-01  9.6094757082487303e-01
96    0.0000000000000000e+00  9.7031970558492497e-01  3.0251308124573983e-01  8.9846368414466982e-01
97    1.1111111111111110e-01  9.7031970558492509e-01  3.0251308124573978e-01  8.9846368414466993e-01
98    3.3333333333333337e-01  9.7031970558492497e-01  3.0251308124573983e-01  8.9846368414466982e-01
99    6.6666666666666674e-01  9.7031970558492497e-01  3.0251308124573983e-01  8.9846368414466982e-01
100   8.8888888888888884e-01  9.7031970558492497e-01  3.0251308124573983e-01  8.9846368414466982e-01
101   1.0000000000000000e+00  9.7031970558492497e-01  3.0251308124573983e-01  8.9846368414466982e-01
102   0.0000000000000000e+00  1.0350076859572537e+00  3.2268061999545578e-01  8.9846368414466982e-01
103   1.1111111111111110e-01  1.0350076859572535e+00  3.2268061999545583e-01  8.9846368414467004e-01
104   3.3333333333333337e-01  1.0350076859572537e+00  3.2268061999545578e-01  8.9846368414466982e-01
105   6.6666666666666674e-01  1.0350076859572537e+00  3.2268061999545578e-01  8.9846368414466982e-01
106   8.8888888888888895e-01  1.0350076859572537e+00  3.2268061999545583e-01  8.9846368414466982e-01
107   1.0000000000000000e+00  1.0350076859572537e+00  3.2268061999545578e-01  8.9846368414466982e-01
108   0.0000000000000000e+00  1.1643836467019102e+00  3.6301569749488771e-01  8.9846368414466982e-01
109   1.1111111111111110e-01  1.1643836467019102e+00  3.6301569749488777e-01  8.9846368414467004e-01
110   3.3333333333333337e-01  1.1643836467019102e+00  3.6301569749488777e-01  8.9846368414466982e-01
111   6.6666666666666674e-01  1.1643836467019102e+00  3.6301569749488777e-01  8.9846368414466982e-01
112   8.8888888888888884e-01  1.1643836467019102e+00  3.6301569749488782e-01  8.9846368414466982e-01
113   1.0000000000000000e+00  1.1643836467019102e+00  3.6301569749488771e-01  8.9846368414466982e-01
114   0.0000000000000000e+00  1.3584475878188953e+00  4.2351831374403576e-01  8.9846368414466993e-01
115   1.1111111111111109e-01  1.3584475878188951e+00  4.2351831374403570e-01  8.9846368414467004e-01
116   3.3333333333333331e-01  1.3584475878188955e+00  4.2351831374403581e-01  8.9846368414466993e-01
117   6.6666666666666663e-01  1.3584475878188955e+00  4.2351831374403581e-01  8.9846368414466993e-01
118   8.8888888888888873e-01  1.3584475878188953e+00  4.2351831374403576e-01  8.9846368414466993e-01
119   1.0000000000000000e+00  1.3584475878188953e+00  4.2351831374403576e-01  8.9846368414466993e-01
120   0.0000000000000000e+00  1.5525115289358802e+00  4.8402092999318369e-01  8.9846368414466982e-01
121   1.1111111111111112e-01  1.5525115289358800e+00  4.8402092999318369e-01  8.9846368414466993e-01
122   3.3333333333333337e-01  1.5525115289358804e+00  4.8402092999318380e-01  8.9846368414466982e-01
123   6.6666666666666674e-01  1.5525115289358804e+00  4.8402092999318380e-01  8.9846368414466982e-01
124   8.8888888888888884e-01  1.5525115289358802e+00  4.8402092999318369e-01  8.9846368414466982e-01
125   1.0000000000000000e+00  1.5525115289358802e+00  4.8402092999318369e-01  8.9846368414466982e-01
126   0.0000000000000000e+00  1.7465754700528653e+00  5.4452354624233157e-01  8.9846368414466982e-01
127   1.1111111111111112e-01  1.7465754700528651e+00  5.4452354624233157e-01  8.9846368414466993e-01
128   3.3333333333333337e-01  1.7465754700528653e+00  5.4452354624233157e-01  8.9846368414466982e-01
129   6.6666666666666674e-01  1.7465754700528653e+00  5.4452354624233157e-01  8.9846368414466982e-01
130   8.8888888888888884e-01  1.7465754700528653e+00  5.4452354624233168e-01  8.9846368414466982e-01
131   1.0000000000000000e+00  1.7465754700528653e+00  5.4452354624233157e-01  8.9846368414466982e-01
132   0.0000000000000000e+00  1.8759514307975220e+00  5.8485862374176356e-01  8.9846368414466982e-01
133   1.1111111111111112e-01  1.8759514307975220e+00  5.8485862374176345e-01  8.9846368414466993e-01
134   3.3333333333333337e-01  1.8759514307975220e+00  5.8485862374176367e-01  8.9846368414466982e-01
135   6.6666666666666674e-01  1.8759514307975220e+00  5.8485862374176367e-01  8.9846368414466982e-01
136   8.8888888888888884e-01  1.8759514307975218e+00  5.8485862374176367e-01  8.9846368414466982e-01
137   1.0000000000000000e+00  1.8759514307975220e+00  5.8485862374176356e-01  8.9846368414466982e-01
138   0.0000000000000000e+00  1.9406394111698499e+00  6.0502616249147967e-01  8.9846368414466982e-01
139   1.1111111111111110e-01  1.9406394111698502e+00  6.0502616249147956e-01  8.9846368414466993e-01
140   3.3333333333333337e-01  1.9406394111698499e+00  6.0502616249147967e-01  8.9846368414466982e-01
141   6.6666666666666674e-01  1.9406394111698499e+00  6.0502616249147967e-01  8.9846368414466982e-01
142   8.8888888888888884e-01  1.9406394111698499e+00  6.0502616249147967e-01  8.9846368414466982e-01
143   1.0000000000000000e+00  1.9406394111698499e+00  6.0502616249147967e-01  8.9846368414466982e-01
144   0.0000000000000000e+00  8.2777532385776942e-01  5.9292349275472800e-01  8.5160076913451754e-01
145   1.1111111111111108e-01  8.2777532385776931e-01  5.9292349275472789e-01  8.5160076913451765e-01
146   3.3333333333333331e-01  8.2777532385776942e-01  5.9292349275472800e-01  8.5160076913451754e-01
147   6.6666666666666663e-01  8.2777532385776942e-01  5.9292349275472800e-01  8.5160076913451754e-01
148   8.8888888888888873e-01  8.2777532385776931e-01  5.9292349275472800e-01  8.5160076913451754e-01
149   1.0000000000000000e+00  8.2777532385776942e-01  5.9292349275472800e-01  8.5160076913451754e-01
150   0.0000000000000000e+00  8.8296034544828750e-01  6.3245172560504304e-01  8.5160076913451754e-01
151   1.1111111111111109e-01  8.8296034544828739e-01  6.3245172560504315e-01  8.5160076913451765e-01
152   3.3333333333333331e-01  8.8296034544828750e-01  6.3245172560504304e-01  8.5160076913451754e-01
153   6.6666666666666663e-01  8.8296034544828750e-01  6.3245172560504304e-01  8.5160076913451754e-01
154   8.8888888888888873e-01  8.8296034544828728e-01  6.3245172560504326e-01  8.5160076913451754e-01
155   1.0000000000000000e+00  8.8296034544828750e-01  6.3245172560504304e-01  8.5160076913451754e-01
156   0.0000000000000000e+00  9.9333038862932332e-01  7.1150819130567344e-01  8.5160076913451754e-01
157   1.1111111111111109e-01  9.9333038862932332e-01  7.1150819130567367e-01  8.5160076913451765e-01
158   3.3333333333333331e-01  9.9333038862932332e-01  7.1150819130567344e-01  8.5160076913451754e-01
159   6.6666666666666663e-01  9.9333038862932332e-01  7.1150819130567344e-01  8.5160076913451754e-01
160   8.8888888888888873e-01  9.9333038862932332e-01  7.1150819130567355e-01  8.5160076913451754e-01
161   1.0000000000000000e+00  9.9333038862932332e-01  7.1150819130567344e-01  8.5160076913451754e-01
162   0.0000000000000000e+00  1.1588854534008772e+00  8.3009288985661911e-01  8.5160076913451765e-01
163   1.1111111111111108e-01  1.1588854534008772e+00  8.3009288985661911e-01  8.5160076913451765e-01
164   3.3333333333333331e-01  1.1588854534008772e+00  8.3009288985661922e-01  8.5160076913451765e-01
165   6.6666666666666663e-01  1.1588854534008772e+00  8.3009288985661922e-01  8.5160076913451765e-01
166   8.8888888888888862e-01  1.1588854534008772e+00  8.3009288985661911e-01  8.5160076913451765e-01
167   1.0000000000000000e+00  1.1588854534008772e+00  8.3009288985661911e-01  8.5160076913451765e-01
168   0.0000000000000000e+00  1.3244405181724312e+00  9.4867758840756466e-01  8.5160076913451754e-01
169   1.1111111111111109e-01  1.3244405181724310e+00  9.4867758840756466e-01  8.5160076913451765e-01
170   3.3333333333333331e-01  1.3244405181724312e+00  9.4867758840756489e-01  8.5160076913451754e-01
171   6.6666666666666663e-01  1.3244405181724312e+00  9.4867758840756489e-01  8.5160076913451754e-01
172   8.8888888888888873e-01  1.3244405181724312e+00  9.4867758840756466e-01  8.5160076913451754e-01
173   1.0000000000000000e+00  1.3244405181724312e+00  9.4867758840756466e-01  8.5160076913451754e-01
174   0.0000000000000000e+00  1.4899955829439848e+00  1.0672622869585102e+00  8.5160076913451754e-01
175   1.1111111111111109e-01  1.4899955829439848e+00  1.0672622869585102e+00  8.5160076913451765e-01
176   3.3333333333333331e-01  1.4899955829439848e+00  1.0672622869585102e+00  8.5160076913451754e-01
177   6.6666666666666663e-01  1.4899955829439848e+00  1.0672622869585102e+00  8.5160076913451754e-01
178   8.8888888888888873e-01  1.4899955829439848e+00  1.0672622869585102e+00  8.5160076913451754e-01
179   1.0000000000000000e+00  1.4899955829439848e+00  1.0672622869585102e+00  8.5160076913451754e-01
180   0.0000000000000000e+00  1.6003656261250210e+00  1.1463187526591405e+00  8.5160076913451754e-01
181   1.1111111111111109e-01  1.6003656261250208e+00  1.1463187526591407e+00  8.5160076913451765e-01
182   3.3333333333333331e-01  1.6003656261250210e+00  1.1463187526591407e+00  8.5160076913451754e-01
183   6.6666666666666663e-01  1.6003656261250210e+00  1.1463187526591407e+00  8.5160076913451754e-01
184   8.8888888888888873e-01  1.6003656261250210e+00  1.1463187526591407e+00  8.5160076913451754e-01
185   1.0000000000000000e+00  1.6003656261250210e+00  1.1463187526591405e+00  8.5160076913451754e-01
186   0.0000000000000000e+00  1.6555506477155388e+00  1.1858469855094560e+00  8.5160076913451754e-01
187   1.1111111111111108e-01  1.6555506477155386e+00  1.1858469855094558e+00  8.5160076913451765e-01
188   3.3333333333333331e-01  1.6555506477155388e+00  1.1858469855094560e+00  8.5160076913451754e-01
189   6.6666666666666663e-01  1.6555506477155388e+00  1.1858469855094560e+00  8.5160076913451754e-01
190   8.8888888888888873e-01  1.6555506477155386e+00  1.1858469855094560e+00  8.5160076913451754e-01
191   1.0000000000000000e+00  1.6555506477155388e+00  1.1858469855094560e+00  8.5160076913451754e-01
192   0.0000000000000000e+00  5.9292349275472800e-01  8.2777532385776964e-01  8.5160076913451732e-01
193   1.1111111111111110e-01  5.9292349275472778e-01  8.2777532385776942e-01  8.5160076913451754e-01
194   3.3333333333333337e-01  5.9292349275472800e-01  8.2777532385776964e-01  8.5160076913451732e-01
195   6.6666666666666674e-01  5.9292349275472800e-01  8.2777532385776964e-01  8.5160076913451732e-01
196   8.8888888888888895e-01  5.9292349275472789e-01  8.2777532385776964e-01  8.5160076913451732e-01
197   1.0000000000000000e+00  5.9292349275472800e-01  8.2777532385776964e-01  8.5160076913451732e-01
198   0.0000000000000000e+00  6.3245172560504315e-01  8.8296034544828761e-01  8.5160076913451732e-01
199   1.1111111111111110e-01  6.3245172560504304e-01  8.8296034544828750e-01  8.5160076913451754e-01
200   3.3333333333333337e-01  6.3245172560504315e-01  8.8296034544828761e-01  8.5160076913451732e-01
201   6.6666666666666674e-01  6.3245172560504315e-01  8.8296034544828761e-01  8.5160076913451732e-01
202   8.8888888888888917e-01  6.3245172560504315e-01  8.8296034544828761e-01  8.5160076913451732e-01
203   1.0000000000000000e+00  6.3245172560504315e-01  8.8296034544828761e-01  8.5160076913451732e-01
204   0.0000000000000000e+00  7.1150819130567355e-01  9.9333038862932344e-01  8.5160076913451732e-01
205   1.1111111111111110e-01  7.1150819130567344e-01  9.9333038862932355e-01  8.5160076913451754e-01
206   3.3333333333333337e-01  7.1150819130567355e-01  9.9333038862932377e-01  8.5160076913451732e-01
207   6.6666666666666674e-01  7.1150819130567355e-01  9.9333038862932377e-01  8.5160076913451732e-01
208   8.8888888888888895e-01  7.1150819130567355e-01  9.9333038862932377e-01  8.5160076913451732e-01
209   1.0000000000000000e+00  7.1150819130567355e-01  9.9333038862932344e-01  8.5160076913451732e-01
210   0.0000000000000000e+00  8.3009288985661900e-01  1.1588854534008775e+00  8.5160076913451754e-01
211   1.1111111111111110e-01  8.3009288985661900e-01  1.1588854534008775e+00  8.5160076913451754e-01
212   3.3333333333333326e-01  8.3009288985661911e-01  1.1588854534008775e+00  8.5160076913451754e-01
213   6.6666666666666652e-01  8.3009288985661911e-01  1.1588854534008775e+00  8.5160076913451754e-01
214   8.8888888888888873e-01  8.3009288985661900e-01  1.1588854534008775e+00  8.5160076913451754e-01
215   1.0000000000000000e+00  8.3009288985661900e-01  1.1588854534008775e+00  8.5160076913451754e-01
216   0.0000000000000000e+00  9.4867758840756478e-01  1.3244405181724315e+00  8.5160076913451732e-01
217   1.1111111111111110e-01  9.4867758840756444e-01  1.3244405181724315e+00  8.5160076913451754e-01
218   3.3333333333333337e-01  9.4867758840756489e-01  1.3244405181724317e+00  8.5160076913451732e-01
219   6.6666666666666674e-01  9.4867758840756489e-01  1.3244405181724317e+00  8.5160076913451732e-01
220   8.8888888888888895e-01  9.4867758840756455e-01  1.3244405181724315e+00  8.5160076913451732e-01
221   1.0000000000000000e+00  9.4867758840756478e-01  1.3244405181724315e+00  8.5160076913451732e-01
222   0.0000000000000000e+00  1.0672622869585104e+00  1.4899955829439855e+00  8.5160076913451732e-01
223   1.1111111111111110e-01  1.0672622869585102e+00  1.4899955829439853e+00  8.5160076913451754e-01
224   3.3333333333333337e-01  1.0672622869585104e+00  1.4899955829439855e+00  8.5160076913451732e-01
225   6.6666666666666674e-01  1.0672622869585104e+00  1.4899955829439855e+00  8.5160076913451732e-01
226   8.8888888888888895e-01  1.0672622869585104e+00  1.4899955829439855e+00  8.5160076913451732e-01
227   1.0000000000000000e+00  1.0672622869585104e+00  1.4899955829439855e+00  8.5160076913451732e-01
228   0.0000000000000000e+00  1.1463187526591407e+00  1.6003656261250214e+00  8.5160076913451732e-01
229   1.1111111111111110e-01  1.1463187526591405e+00  1.6003656261250210e+00  8.5160076913451754e-01
230   3.3333333333333337e-01  1.1463187526591407e+00  1.6003656261250214e+00  8.5160076913451732e-01
231   6.6666666666666674e-01  1.1463187526591407e+00  1.6003656261250214e+00  8.5160076913451732e-01
232   8.8888888888888895e-01  1.1463187526591407e+00  1.6003656261250214e+00  8.5160076913451732e-01
233   1.0000000000000000e+00  1.1463187526591407e+00  1.6003656261250214e+00  8.5160076913451732e-01
234   0.0000000000000000e+00  1.1858469855094560e+00  1.6555506477155393e+00  8.5160076913451732e-01
235   1.1111111111111110e-01  1.1858469855094556e+00  1.6555506477155388e+00  8.5160076913451754e-01
236   3.3333333333333337e-01  1.1858469855094560e+00  1.6555506477155393e+00  8.5160076913451732e-01
237   6.6666666666666674e-01  1.1858469855094560e+00  1.6555506477155393e+00  8.5160076913451732e-01
238   8.8888888888888895e-01  1.1858469855094558e+00  1.6555506477155393e+00  8.5160076913451732e-01
239   1.0000000000000000e+00  1.1858469855094560e+00  1.6555506477155393e+00  8.5160076913451732e-01
240   0.0000000000000000e+00  3.0251308124573978e-01  9.7031970558492520e-01  8.9846368414466982e-01
241   1.1111111111111112e-01  3.0251308124573978e-01  9.7031970558492520e-01  8.9846368414466982e-01
242   3.3333333333333337e-01  3.0251308124573978e-01  9.7031970558492520e-01  8.9846368414466982e-01
243   6.6666666666666674e-01  3.0251308124573978e-01  9.7031970558492520e-01  8.9846368414466982e-01
244   8.8888888888888884e-01  3.0251308124573972e-01  9.7031970558492520e-01  8.9846368414466982e-01
245   1.0000000000000000e+00  3.0251308124573978e-01  9.7031970558492520e-01  8.9846368414466982e-01
246   0.0000000000000000e+00  3.2268061999545578e-01  1.0350076859572535e+00  8.9846368414466982e-01
247   1.1111111111111112e-01  3.2268061999545572e-01  1.0350076859572537e+00  8.9846368414466993e-01
248   3.3333333333333337e-01  3.2268061999545578e-01  1.0350076859572535e+00  8.9846368414466982e-01
249   6.6666666666666674e-01  3.2268061999545578e-01  1.0350076859572535e+00  8.9846368414466982e-01
250   8.8888888888888895e-01  3.2268061999545572e-01  1.0350076859572535e+00  8.9846368414466982e-01
251   1.0000000000000000e+00  3.2268061999545578e-01  1.0350076859572535e+00  8.9846368414466982e-01
252   0.0000000000000000e+00  3.6301569749488771e-01  1.1643836467019102e+00  8.9846368414466982e-01
253   1.1111111111111112e-01  3.6301569749488766e-01  1.1643836467019102e+00  8.9846368414466993e-01
254   3.3333333333333337e-01  3.6301569749488771e-01  1.1643836467019102e+00  8.9846368414466982e-01
255   6.6666666666666674e-01  3.6301569749488771e-01  1.1643836467019102e+00  8.9846368414466982e-01
256   8.8888888888888884e-01  3.6301569749488771e-01  1.1643836467019102e+00  8.9846368414466982e-01
257   1.0000000000000000e+00  3.6301569749488771e-01  1.1643836467019102e+00  8.9846368414466982e-01
258   0.0000000000000000e+00  4.2351831374403565e-01  1.3584475878188955e+00  8.9846368414466982e-01
259   1.1111111111111110e-01  4.2351831374403559e-01  1.3584475878188953e+00  8.9846368414466993e-01
260   3.3333333333333343e-01  4.2351831374403576e-01  1.3584475878188955e+00  8.9846368414466982e-01
261   6.6666666666666685e-01  4.2351831374403576e-01  1.3584475878188955e+00  8.9846368414466982e-01
262   8.8888888888888884e-01  4.2351831374403565e-01  1.3584475878188955e+00  8.9846368414466982e-01
263   1.0000000000000000e+00  4.2351831374403565e-01  1.3584475878188955e+00  8.9846368414466982e-01
264   0.0000000000000000e+00  4.8402092999318358e-01  1.5525115289358802e+00  8.9846368414466982e-01
265   1.1111111111111113e-01  4.8402092999318358e-01  1.5525115289358802e+00  8.9846368414466982e-01
266   3.3333333333333337e-01  4.8402092999318369e-01  1.5525115289358802e+00  8.9846368414466982e-01
267   6.6666666666666674e-01  4.8402092999318369e-01  1.5525115289358802e+00  8.9846368414466982e-01
268   8.8888888888888884e-01  4.8402092999318352e-01  1.5525115289358802e+00  8.9846368414466982e-01
269   1.0000000000000000e+00  4.8402092999318358e-01  1.5525115289358802e+00  8.9846368414466982e-01
270   0.0000000000000000e+00  5.4452354624233157e-01  1.7465754700528655e+00  8.9846368414466982e-01
271   1.1111111111111113e-01  5.4452354624233157e-01  1.7465754700528655e+00  8.9846368414466982e-01
272   3.3333333333333337e-01  5.4452354624233157e-01  1.7465754700528655e+00  8.9846368414466982e-01
273   6.6666666666666674e-01  5.4452354624233157e-01  1.7465754700528655e+00  8.9846368414466982e-01
274   8.8888888888888884e-01  5.4452354624233157e-01  1.7465754700528655e+00  8.9846368414466982e-01
275   1.0000000000000000e+00  5.4452354624233157e-01  1.7465754700528655e+00  8.9846368414466982e-01
276   0.0000000000000000e+00  5.8485862374176356e-01  1.8759514307975220e+00  8.9846368414466982e-01
277   1.1111111111111113e-01  5.8485862374176356e-01  1.8759514307975222e+00  8.9846368414466982e-01
278   3.3333333333333337e-01  5.8485862374176356e-01  1.8759514307975220e+00  8.9846368414466982e-01
279   6.6666666666666674e-01  5.8485862374176356e-01  1.8759514307975220e+00  8.9846368414466982e-01
280   8.8888888888888884e-01  5.8485862374176345e-01  1.8759514307975220e+00  8.9846368414466982e-01
281   1.0000000000000000e+00  5.8485862374176356e-01  1.8759514307975220e+00  8.9846368414466982e-01
282   0.0000000000000000e+00  6.0502616249147956e-01  1.9406394111698504e+00  8.9846368414466982e-01
283   1.1111111111111112e-01  6.0502616249147956e-01  1.9406394111698504e+00  8.9846368414466982e-01
284   3.3333333333333337e-01  6.0502616249147956e-01  1.9406394111698504e+00  8.9846368414466982e-01
285   6.6666666666666674e-01  6.0502616249147956e-01  1.9406394111698504e+00  8.9846368414466982e-01
286   8.8888888888888884e-01  6.0502616249147945e-01  1.9406394111698504e+00  8.9846368414466982e-01
287   1.0000000000000000e+00  6.0502616249147956e-01  1.9406394111698504e+00  8.9846368414466982e-01
288   0.0000000000000000e+00  9.8112432999103175e-02  1.0000000000000000e+00  9.6094757082487303e-01
289   1.1111111111111112e-01  9.8112432999103175e-02  1.0000000000000000e+00  9.6094757082487303e-01
290   3.3333333333333337e-01  9.8112432999103188e-02  1.0000000000000000e+00  9.6094757082487303e-01
291   6.6666666666666674e-01  9.8112432999103188e-02  1.0000000000000000e+00  9.6094757082487303e-01
292   8.8888888888888884e-01  9.8112432999103147e-02  1.0000000000000000e+00  9.6094757082487303e-01
293   1.0000000000000000e+00  9.8112432999103175e-02  1.0000000000000000e+00  9.6094757082487303e-01
294   0.0000000000000000e+00  1.0465326186571007e-01  1.0666666666666667e+00  9.6094757082487303e-01
295   1.1111111111111112e-01  1.0465326186571007e-01  1.0666666666666667e+00  9.6094757082487303e-01
296   3.3333333333333337e-01  1.0465326186571007e-01  1.0666666666666667e+00  9.6094757082487303e-01
297   6.6666666666666674e-01  1.0465326186571007e-01  1.0666666666666667e+00  9.6094757082487303e-01
298   8.8888888888888895e-01  1.0465326186571006e-01  1.0666666666666667e+00  9.6094757082487303e-01
299   1.0000000000000000e+00  1.0465326186571007e-01  1.0666666666666667e+00  9.6094757082487303e-01
300   0.0000000000000000e+00  1.1773491959892382e-01  1.1999999999999997e+00  9.6094757082487303e-01
301   1.1111111111111112e-01  1.1773491959892382e-01  1.2000000000000000e+00  9.6094757082487303e-01
302   3.3333333333333337e-01  1.1773491959892382e-01  1.1999999999999997e+00  9.6094757082487303e-01
303   6.6666666666666674e-01  1.1773491959892382e-01  1.1999999999999997e+00  9.6094757082487303e-01
304   8.8888888888888884e-01  1.1773491959892382e-01  1.1999999999999997e+00  9.6094757082487303e-01
305   1.0000000000000000e+00  1.1773491959892382e-01  1.1999999999999997e+00  9.6094757082487303e-01
306   0.0000000000000000e+00  1.3735740619874445e-01  1.3999999999999999e+00  9.6094757082487303e-01
307   1.1111111111111112e-01  1.3735740619874445e-01  1.4000000000000001e+00  9.6094757082487303e-01
308   3.3333333333333343e-01  1.3735740619874448e-01  1.4000000000000004e+00  9.6094757082487303e-01
309   6.6666666666666685e-01  1.3735740619874448e-01  1.4000000000000004e+00  9.6094757082487303e-01
310   8.8888888888888884e-01  1.3735740619874445e-01  1.4000000000000001e+00  9.6094757082487303e-01
311   1.0000000000000000e+00  1.3735740619874445e-01  1.3999999999999999e+00  9.6094757082487303e-01
312   0.0000000000000000e+00  1.5697989279856508e-01  1.6000000000000001e+00  9.6094757082487303e-01
313   1.1111111111111112e-01  1.5697989279856508e-01  1.6000000000000001e+00  9.6094757082487303e-01
314   3.3333333333333337e-01  1.5697989279856511e-01  1.6000000000000001e+00  9.6094757082487303e-01
315   6.6666666666666674e-01  1.5697989279856511e-01  1.6000000000000001e+00  9.6094757082487303e-01
316   8.8888888888888873e-01  1.5697989279856506e-01  1.6000000000000001e+00  9.6094757082487303e-01
317   1.0000000000000000e+00  1.5697989279856508e-01  1.6000000000000001e+00  9.6094757082487303e-01
318   0.0000000000000000e+00  1.7660237939838572e-01  1.8000000000000003e+00  9.6094757082487303e-01
319   1.1111111111111112e-01  1.7660237939838572e-01  1.8000000000000003e+00  9.6094757082487303e-01
320   3.3333333333333337e-01  1.7660237939838572e-01  1.8000000000000003e+00  9.6094757082487303e-01
321   6.6666666666666674e-01  1.7660237939838572e-01  1.8000000000000003e+00  9.6094757082487303e-01
322   8.8888888888888884e-01  1.7660237939838569e-01  1.8000000000000003e+00  9.6094757082487303e-01
323   1.0000000000000000e+00  1.7660237939838572e-01  1.8000000000000003e+00  9.6094757082487303e-01
324   0.0000000000000000e+00  1.8968403713159948e-01  1.9333333333333333e+00  9.6094757082487303e-01
325   1.1111111111111112e-01  1.8968403713159948e-01  1.9333333333333336e+00  9.6094757082487303e-01
326   3.3333333333333337e-01  1.8968403713159948e-01  1.9333333333333333e+00  9.6094757082487303e-01
327   6.6666666666666674e-01  1.8968403713159948e-01  1.9333333333333333e+00  9.6094757082487303e-01
328   8.8888888888888884e-01  1.8968403713159945e-01  1.9333333333333333e+00  9.6094757082487303e-01
329   1.0000000000000000e+00  1.8968403713159948e-01  1.9333333333333333e+00  9.6094757082487303e-01
330   0.0000000000000000e+00  1.9622486599820635e-01  2.0000000000000000e+00  9.6094757082487303e-01
331   1.1111111111111112e-01  1.9622486599820635e-01  2.0000000000000000e+00  9.6094757082487303e-01
332   3.3333333333333337e-01  1.9622486599820638e-01  2.0000000000000000e+00  9.6094757082487303e-01
333   6.6666666666666674e-01  1.9622486599820638e-01  2.0000000000000000e+00  9.6094757082487303e-01
334   8.8888888888888884e-01  1.9622486599820629e-01  2.0000000000000000e+00  9.6094757082487303e-01
335   1.0000000000000000e+00  1.9622486599820635e-01  2.0000000000000000e+00  9.6094757082487303e-01
336   0.0000000000000000e+00  0.0000000000000000e+00  1.0000000000000000e+00  1.0000000000000000e+00
337   1.1111111111111112e-01  0.0000000000000000e+00  1.0000000000000000e+00  1.0000000000000000e+00
338   3.3333333333333337e-01  0.0000000000000000e+00  1.0000000000000000e+00  1.0000000000000000e+00
339   6.6666666666666674e-01  0.0000000000000000e+00  1.0000000000000000e+00  1.0000000000000000e+00
340   8.8888888888888884e-01  0.0000000000000000e+00  1.0000000000000000e+00  1.0000000000000000e+00
341   1.0000000000000000e+00  0.0000000000000000e+00  1.0000000000000000e+00  1.0000000000000000e+00
342   0.0000000000000000e+00  0.0000000000000000e+00  1.0666666666666667e+00  1.0000000000000000e+00
343   1.1111111111111113e-01  0.0000000000000000e+00  1.0666666666666669e+00  1.0000000000000000e+00
344   3.3333333333333337e-01  0.0000000000000000e+00  1.0666666666666667e+00  1.0000000000000000e+00
345   6.6666666666666674e-01  0.0000000000000000e+00  1.0666666666666667e+00  1.0000000000000000e+00
346   8.8888888888888895e-01  0.0000000000000000e+00  1.0666666666666667e+00  1.0000000000000000e+00
347   1.0000000000000000e+00  0.0000000000000000e+00  1.0666666666666667e+00  1.0000000000000000e+00
348   0.0000000000000000e+00  0.0000000000000000e+00  1.2000000000000000e+00  1.0000000000000000e+00
349   1.1111111111111113e-01  0.0000000000000000e+00  1.2000000000000002e+00  1.0000000000000000e+00
350   3.3333333333333337e-01  0.0000000000000000e+00  1.2000000000000000e+00  1.0000000000000000e+00
351   6.6666666666666674e-01  0.0000000000000000e+00  1.2000000000000000e+00  1.0000000000000000e+00
352   8.8888888888888884e-01  0.0000000000000000e+00  1.2000000000000000e+00  1.0000000000000000e+00
353   1.0000000000000000e+00  0.0000000000000000e+00  1.2000000000000000e+00  1.0000000000000000e+00
354   0.0000000000000000e+00  0.0000000000000000e+00  1.4000000000000001e+00  1.0000000000000000e+00
355   1.1111111111111112e-01  0.0000000000000000e+00  1.4000000000000004e+00  1.0000000000000000e+00
356   3.3333333333333343e-01  0.0000000000000000e+00  1.4000000000000004e+00  1.0000000000000000e+00
357   6.6666666666666685e-01  0.0000000000000000e+00  1.4000000000000004e+00  1.0000000000000000e+00
358   8.8888888888888884e-01  0.0000000000000000e+00  1.4000000000000004e+00  1.0000000000000000e+00
359   1.0000000000000000e+00  0.0000000000000000e+00  1.4000000000000001e+00  1.0000000000000000e+00
360   0.0000000000000000e+00  0.0000000000000000e+00  1.6000000000000001e+00  1.0000000000000000e+00
361   1.1111111111111113e-01  0.0000000000000000e+00  1.6000000000000001e+00  1.0000000000000000e+00
362   3.3333333333333337e-01  0.0000000000000000e+00  1.6000000000000001e+00  1.0000000000000000e+00
363   6.6666666666666674e-01  0.0000000000000000e+00  1.6000000000000001e+00  1.0000000000000000e+00
364   8.8888888888888873e-01  0.0000000000000000e+00  1.6000000000000001e+00  1.0000000000000000e+00
365   1.0000000000000000e+00  0.0000000000000000e+00  1.6000000000000001e+00  1.0000000000000000e+00
366   0.0000000000000000e+00  0.0000000000000000e+00  1.8000000000000003e+00  1.0000000000000000e+00
367   1.1111111111111113e-01  0.0000000000000000e+00  1.8000000000000003e+00  1.0000000000000000e+00
368   3.3333333333333337e-01  0.0000000000000000e+00  1.8000000000000003e+00  1.0000000000000000e+00
369   6.6666666666666674e-01  0.0000000000000000e+00  1.8000000000000003e+00  1.0000000000000000e+00
370   8.8888888888888884e-01  0.0000000000000000e+00  1.8000000000000003e+00  1.0000000000000000e+00
371   1.0000000000000000e+00  0.0000000000000000e+00  1.8000000000000003e+00  1.0000000000000000e+00
372   0.0000000000000000e+00  0.0000000000000000e+00  1.9333333333333333e+00  1.0000000000000000e+00
373   1.1111111111111113e-01  0.0000000000000000e+00  1.9333333333333333e+00  1.0000000000000000e+00
374   3.3333333333333337e-01  0.0000000000000000e+00  1.9333333333333333e+00  1.0000000000000000e+00
375   6.6666666666666674e-01  0.0000000000000000e+00  1.9333333333333333e+00  1.0000000000000000e+00
376   8.8888888888888884e-01  0.0000000000000000e+00  1.9333333333333333e+00  1.0000000000000000e+00
377   1.0000000000000000e+00  0.0000000000000000e+00  1.9333333333333333e+00  1.0000000000000000e+00
378   0.0000000000000000e+00  0.0000000000000000e+00  2.0000000000000000e+00  1.0000000000000000e+00
379   1.1111111111111112e-01  0.0000000000000000e+00  2.0000000000000000e+00  1.0000000000000000e+00
380   3.3333333333333337e-01  0.0000000000000000e+00  2.0000000000000000e+00  1.0000000000000000e+00
381   6.6666666666666674e-01  0.0000000000000000e+00  2.0000000000000000e+00  1.0000000000000000e+00
382   8.8888888888888884e-01  0.0000000000000000e+00  2.0000000000000000e+00  1.0000000000000000e+00
383   1.0000000000000000e+00  0.0000000000000000e+00  2.0000000000000000e+00  1.0000000000000000e+00

0    0    0.000000e+00
5    0    0.000000e+00
6    0    0.000000e+00
11   0    0.000000e+00
12   0    0.000000e+00
17   0    0.000000e+00
18   0    0.000000e+00
23   0    0.000000e+00
24   0    0.000000e+00
29   0    0.000000e+00
30   0    0.000000e+00
35   0    0.000000e+00
36   0    0.000000e+00
41   0    0.000000e+00
42   0    0.000000e+00
43   0    0.000000e+00
44   0    0.000000e+00
45   0    0.000000e+00
46   0    0.000000e+00
47   0    0.000000e+00
48   0    0.000000e+00
53   0    0.000000e+00
54   0    0.000000e+00
59   0    0.000000e+00
60   0    0.000000e+00
65   0    0.000000e+00
66   0    0.000000e+00
71   0    0.000000e+00
72   0    0.000000e+00
77   0    0.000000e+00
78   0    0.000000e+00
83   0    0.000000e+00
84   0    0.000000e+00
89   0    0.000000e+00
90   0    0.000000e+00
91   0    0.000000e+00
92   0    0.000000e+00
93   0    0.000000e+00
94   0    0.000000e+00
95   0    0.000000e+00
96   0    0.000000e+00
101  0    0.000000e+00
102  0    0.000000e+00
107  0    0.000000e+00
108  0    0.000000e+00
113  0    0.000000e+00
114  0    0.000000e+00
119  0    0.000000e+00
120  0    0.000000e+00
125  0    0.000000e+00
126  0    0.000000e+00
131  0    0.000000e+00
132  0    0.000000e+00
137  0    0.000000e+00
138  0    0.000000e+00
139  0    0.000000e+00
140  0    0.000000e+00
141  0    0.000000e+00
142  0    0.000000e+00
143  0    0.000000e+00
144  0    0.000000e+00
149  0    0.000000e+00
150  0    0.000000e+00
155  0    0.000000e+00
156  0    0.000000e+00
161  0    0.000000e+00
162  0    0.000000e+00
167  0    0.000000e+00
168  0    0.000000e+00
173  0    0.000000e+00
174  0    0.000000e+00
179  0    0.000000e+00
180  0    0.000000e+00
185  0    0.000000e+00
186  0    0.000000e+00
187  0    0.000000e+00
188  0    0.000000e+00
189  0    0.000000e+00
190  0    0.000000e+00
191  0    0.000000e+00
192  0    0.000000e+00
197  0    0.000000e+00
198  0    0.000000e+00
203  0    0.000000e+00
204  0    0.000000e+00
209  0    0.000000e+00
210  0    0.000000e+00
215  0    0.000000e+00
216  0    0.000000e+00
221  0    0.000000e+00
222  0    0.000000e+00
227  0    0.000000e+00
228  0    0.000000e+00
233  0    0.000000e+00
234  0    0.000000e+00
235  0    0.000000e+00
236  0    0.000000e+00
237  0    0.000000e+00
238  0    0.000000e+00
239  0    0.000000e+00
240  0    0.000000e+00
245  0    0.000000e+00
246  0    0.000000e+00
251  0    0.000000e+00
252  0    0.000000e+00
257  0    0.000000e+00
258  0    0.000000e+00
263  0    0.000000e+00
264  0    0.000000e+00
269  0    0.000000e+00
270  0    0.000000e+00
275  0    0.000000e+00
276  0    0.000000e+00
281  0    0.000000e+00
282  0    0.000000e+00
283  0    0.000000e+00
284  0    0.000000e+00
285  0    0.000000e+00
286  0    0.000000e+00
287  0    0.000000e+00
288  0    0.000000e+00
293  0    0.000000e+00
294  0    0.000000e+00
299  0    0.000000e+00
300  0    0.000000e+00
305  0    0.000000e+00
306  0    0.000000e+00
311  0    0.000000e+00
312  0    0.000000e+00
317  0    0.000000e+00
318  0    0.000000e+00
323  0    0.000000e+00
324  0    0.000000e+00
329  0    0.000000e+00
330  0    0.000000e+00
331  0    0.000000e+00
332  0    0.000000e+00
333  0    0.000000e+00
334  0    0.000000e+00
335  0    0.000000e+00
336  0    0.000000e+00
341  0    0.000000e+00
342  0    0.000000e+00
347  0    0.000000e+00
348  0    0.000000e+00
353  0    0.000000e+00
354  0    0.000000e+00
359  0    0.000000e+00
360  0    0.000000e+00
365  0    0.000000e+00
366  0    0.000000e+00
371  0    0.000000e+00
372  0    0.000000e+00
377  0    0.000000e+00
378  0    0.000000e+00
379  0    0.000000e+00
380  0    0.000000e+00
381  0    0.000000e+00
382  0    0.000000e+00
383  0    0.000000e+00
5    1    0.000000e+00
11   1    0.000000e+00
17   1    0.000000e+00
23   1    0.000000e+00
29   1    0.000000e+00
35   1    0.000000e+00
41   1    0.000000e+00
42   1    0.000000e+00
43   1    0.000000e+00
44   1    0.000000e+00
45   1    0.000000e+00
46   1    0.000000e+00
47   1    0.000000e+00
53   1    0.000000e+00
59   1    0.000000e+00
65   1    0.000000e+00
71   1    0.000000e+00
77   1    0.000000e+00
83   1    0.000000e+00
89   1    0.000000e+00
90   1    0.000000e+00
91   1    0.000000e+00
92   1    0.000000e+00
93   1    0.000000e+00
94   1    0.000000e+00
95   1    0.000000e+00
101  1    0.000000e+00
107  1    0.000000e+00
113  1    0.000000e+00
119  1    0.000000e+00
125  1    0.000000e+00
131  1    0.000000e+00
137  1    0.000000e+00
138  1    0.000000e+00
139  1    0.000000e+00
140  1    0.000000e+00
141  1    0.000000e+00
142  1    0.000000e+00
143  1    0.000000e+00
149  1    0.000000e+00
155  1    0.000000e+00
161  1    0.000000e+00
167  1    0.000000e+00
173  1    0.000000e+00
179  1    0.000000e+00
185  1    0.000000e+00
186  1    0.000000e+00
187  1    0.000000e+00
188  1    0.000000e+00
189  1    0.000000e+00
190  1    0.000000e+00
191  1    0.000000e+00
197  1    0.000000e+00
203  1    0.000000e+00
209  1    0.000000e+00
215  1    0.000000e+00
221  1    0.000000e+00
227  1    0.000000e+00
233  1    0.000000e+00
234  1    0.000000e+00
235  1    0.000000e+00
236  1    0.000000e+00
237  1    0.000000e+00
238  1    0.000000e+00
239  1    0.000000e+00
245  1    0.000000e+00
251  1    0.000000e+00
257  1    0.000000e+00
263  1    0.000000e+00
269  1    0.000000e+00
275  1    0.000000e+00
281  1    0.000000e+00
282  1    0.000000e+00
283  1    0.000000e+00
284  1    0.000000e+00
285  1    0.000000e+00
286  1    0.000000e+00
287  1    0.000000e+00
293  1    0.000000e+00
299  1    0.000000e+00
305  1    0.000000e+00
311  1    0.000000e+00
317  1    0.000000e+00
323  1    0.000000e+00
329  1    0.000000e+00
330  1    0.000000e+00
331  1    0.000000e+00
332  1    0.000000e+00
333  1    0.000000e+00
334  1    0.000000e+00
335  1    0.000000e+00
336  1    0.000000e+00
337  1    0.000000e+00
338  1    0.000000e+00
339  1    0.000000e+00
340  1    0.000000e+00
341  1    0.000000e+00
342  1    0.000000e+00
343  1    0.000000e+00
344  1    0.000000e+00
345  1    0.000000e+00
346  1    0.000000e+00
347  1    0.000000e+00
348  1    0.000000e+00
349  1    0.000000e+00
350  1    0.000000e+00
351  1    0.000000e+00
352  1    0.000000e+00
353  1    0.000000e+00
354  1    0.000000e+00
355  1    0.000000e+00
356  1    0.000000e+00
357  1    0.000000e+00
358  1    0.000000e+00
359  1    0.000000e+00
360  1    0.000000e+00
361  1    0.000000e+00
362  1    0.000000e+00
363  1    0.000000e+00
364  1    0.000000e+00
365  1    0.000000e+00
366  1    0.000000e+00
367  1    0.000000e+00
368  1    0.000000e+00
369  1    0.000000e+00
370  1    0.000000e+00
371  1    0.000000e+00
372  1    0.000000e+00
373  1    0.000000e+00
374  1    0.000000e+00
375  1    0.000000e+00
376  1    0.000000e+00
377  1    0.000000e+00
378  1    0.000000e+00
379  1    0.000000e+00
380  1    0.000000e+00
381  1    0.000000e+00
382  1    0.000000e+00
383  1    0.000000e+00
0    2    0.000000e+00
1    2    0.000000e+00
2    2    0.000000e+00
3    2    0.000000e+00
4    2    0.000000e+00
5    2    0.000000e+00
6    2    0.000000e+00
7    2    0.000000e+00
8    2    0.000000e+00
9    2    0.000000e+00
10   2    0.000000e+00
11   2    0.000000e+00
12   2    0.000000e+00
13   2    0.000000e+00
14   2    0.000000e+00
15   2    0.000000e+00
16   2    0.000000e+00
17   2    0.000000e+00
18   2    0.000000e+00
19   2    0.000000e+00
20   2    0.000000e+00
21   2    0.000000e+00
22   2    0.000000e+00
23   2    0.000000e+00
24   2    0.000000e+00
25   2    0.000000e+00
26   2    0.000000e+00
27   2    0.000000e+00
28   2    0.000000e+00
29   2    0.000000e+00
30   2    0.000000e+00
31   2    0.000000e+00
32   2    0.000000e+00
33   2    0.000000e+00
34   2    0.000000e+00
35   2    0.000000e+00
36   2    0.000000e+00
37   2    0.000000e+00
38   2    0.000000e+00
39   2    0.000000e+00
40   2    0.000000e+00
41   2    0.000000e+00
42   2    0.000000e+00
43   2    0.000000e+00
44   2    0.000000e+00
45   2    0.000000e+00
46   2    0.000000e+00
47   2    0.000000e+00
53   2    0.000000e+00
59   2    0.000000e+00
65   2    0.000000e+00
71   2    0.000000e+00
77   2    0.000000e+00
83   2    0.000000e+00
89   2    0.000000e+00
90   2    0.000000e+00
91   2    0.000000e+00
92   2    0.000000e+00
93   2    0.000000e+00
94   2    0.000000e+00
95   2    0.000000e+00
101  2    0.000000e+00
107  2    0.000000e+00
113  2    0.000000e+00
119  2    0.000000e+00
125  2    0.000000e+00
131  2    0.000000e+00
137  2    0.000000e+00
138  2    0.000000e+00
139  2    0.000000e+00
140  2    0.000000e+00
141  2    0.000000e+00
142  2    0.000000e+00
143  2    0.000000e+00
149  2    0.000000e+00
155  2    0.000000e+00
161  2    0.000000e+00
167  2    0.000000e+00
173  2    0.000000e+00
179  2    0.000000e+00
185  2    0.000000e+00
186  2    0.000000e+00
187  2    0.000000e+00
188  2    0.000000e+00
189  2    0.000000e+00
190  2    0.000000e+00
191  2    0.000000e+00
197  2    0.000000e+00
203  2    0.000000e+00
209  2    0.000000e+00
215  2    0.000000e+00
221  2    0.000000e+00
227  2    0.000000e+00
233  2    0.000000e+00
234  2    0.000000e+00
235  2    0.000000e+00
236  2    0.000000e+00
237  2    0.000000e+00
238  2    0.000000e+00
239  2    0.000000e+00
245  2    0.000000e+00
251  2    0.000000e+00
257  2    0.000000e+00
263  2    0.000000e+00
269  2    0.000000e+00
275  2    0.000000e+00
281  2    0.000000e+00
282  2    0.000000e+00
283  2    0.000000e+00
284  2    0.000000e+00
285  2    0.000000e+00
286  2    0.000000e+00
287  2    0.000000e+00
293  2    0.000000e+00
299  2    0.000000e+00
305  2    0.000000e+00
311  2    0.000000e+00
317  2    0.000000e+00
323  2    0.000000e+00
329  2    0.000000e+00
330  2    0.000000e+00
331  2    0.000000e+00
332  2    0.000000e+00
333  2    0.000000e+00
334  2    0.000000e+00
335  2    0.000000e+00
341  2    0.000000e+00
347  2    0.000000e+00
353  2    0.000000e+00
359  2    0.000000e+00
365  2    0.000000e+00
371  2    0.000000e+00
377  2    0.000000e+00
378  2    0.000000e+00
379  2    0.000000e+00
380  2    0.000000e+00
381  2    0.000000e+00
382  2    0.000000e+00
383  2    0.000000e+00

