512

3    3    3

12   12   12

8    8    8

0.0000000000000000e+00  0.0000000000000000e+00  0.0000000000000000e+00  0.0000000000000000e+00  2.0000000000000001e-01  4.0000000000000002e-01  5.9999999999999998e-01  8.0000000000000004e-01  1.0000000000000000e+00  1.0000000000000000e+00  1.0000000000000000e+00  1.0000000000000000e+00
0.0000000000000000e+00  0.0000000000000000e+00  0.0000000000000000e+00  0.0000000000000000e+00  2.0000000000000001e-01  4.0000000000000002e-01  5.9999999999999998e-01  8.0000000000000004e-01  1.0000000000000000e+00  1.0000000000000000e+00  1.0000000000000000e+00  1.0000000000000000e+00
0.0000000000000000e+00  0.0000000000000000e+00  0.0000000000000000e+00  0.0000000000000000e+00  2.0000000000000001e-01  4.0000000000000002e-01  5.9999999999999998e-01  8.0000000000000004e-01  1.0000000000000000e+00  1.0000000000000000e+00  1.0000000000000000e+00  1.0000000000000000e+00

0      0.0000000000000000e+00  1.0000000000000000e+00  0.0000000000000000e+00  1.0000000000000000e+00
1      6.6666666666666680e-02  1.0000000000000000e+00  0.0000000000000000e+00  1.0000000000000000e+00
2      2.0000000000000004e-01  1.0000000000000000e+00  0.0000000000000000e+00  1.0000000000000000e+00
3      4.0000000000000008e-01  1.0000000000000000e+00  0.0000000000000000e+00  1.0000000000000000e+00
4      6.0000000000000009e-01  1.0000000000000000e+00  0.0000000000000000e+00  1.0000000000000000e+00
5      8.0000000000000004e-01  1.0000000000000000e+00  0.0000000000000000e+00  1.0000000000000000e+00
6      9.3333333333333335e-01  1.0000000000000000e+00  0.0000000000000000e+00  1.0000000000000000e+00
7      1.0000000000000000e+00  1.0000000000000000e+00  0.0000000000000000e+00  1.0000000000000000e+00
8      0.0000000000000000e+00  1.0666666666666667e+00  0.0000000000000000e+00  1.0000000000000000e+00
9      6.6666666666666680e-02  1.0666666666666667e+00  0.0000000000000000e+00  1.0000000000000000e+00
10     2.0000000000000004e-01  1.0666666666666667e+00  0.0000000000000000e+00  1.0000000000000000e+00
11     4.0000000000000008e-01  1.0666666666666669e+00  0.0000000000000000e+00  1.0000000000000000e+00
12     6.0000000000000009e-01  1.0666666666666667e+00  0.0000000000000000e+00  1.0000000000000000e+00
13     8.0000000000000016e-01  1.0666666666666667e+00  0.0000000000000000e+00  1.0000000000000000e+00
14     9.3333333333333335e-01  1.0666666666666667e+00  0.0000000000000000e+00  1.0000000000000000e+00
15     1.0000000000000000e+00  1.0666666666666667e+00  0.0000000000000000e+00  1.0000000000000000e+00
16     0.0000000000000000e+00  1.2000000000000000e+00  0.0000000000000000e+00  1.0000000000000000e+00
17     6.6666666666666680e-02  1.2000000000000000e+00  0.0000000000000000e+00  1.0000000000000000e+00
18     2.0000000000000007e-01  1.2000000000000000e+00  0.0000000000000000e+00  1.0000000000000000e+00
19     4.0000000000000013e-01  1.2000000000000002e+00  0.0000000000000000e+00  1.0000000000000000e+00
20     6.0000000000000009e-01  1.2000000000000000e+00  0.0000000000000000e+00  1.0000000000000000e+00
21     8.0000000000000016e-01  1.2000000000000000e+00  0.0000000000000000e+00  1.0000000000000000e+00
22     9.3333333333333335e-01  1.2000000000000000e+00  0.0000000000000000e+00  1.0000000000000000e+00
23     1.0000000000000000e+00  1.2000000000000000e+00  0.0000000000000000e+00  1.0000000000000000e+00
24     0.0000000000000000e+00  1.4000000000000001e+00  0.0000000000000000e+00  1.0000000000000000e+00
25     6.6666666666666680e-02  1.4000000000000004e+00  0.0000000000000000e+00  1.0000000000000000e+00
26     2.0000000000000007e-01  1.4000000000000004e+00  0.0000000000000000e+00  1.0000000000000000e+00
27     4.0000000000000013e-01  1.4000000000000004e+00  0.0000000000000000e+00  1.0000000000000000e+00
28     6.0000000000000020e-01  1.4000000000000001e+00  0.0000000000000000e+00  1.0000000000000000e+00
29     8.0000000000000004e-01  1.4000000000000004e+00  0.0000000000000000e+00  1.0000000000000000e+00
30     9.3333333333333335e-01  1.4000000000000001e+00  0.0000000000000000e+00  1.0000000000000000e+00
31     1.0000000000000000e+00  1.4000000000000001e+00  0.0000000000000000e+00  1.0000000000000000e+00
32     0.0000000000000000e+00  1.6000000000000001e+00  0.0000000000000000e+00  1.0000000000000000e+00
33     6.6666666666666680e-02  1.6000000000000001e+00  0.0000000000000000e+00  1.0000000000000000e+00
34     2.0000000000000004e-01  1.6000000000000001e+00  0.0000000000000000e+00  1.0000000000000000e+00
35     4.0000000000000008e-01  1.6000000000000001e+00  0.0000000000000000e+00  1.0000000000000000e+00
36     6.0000000000000009e-01  1.6000000000000001e+00  0.0000000000000000e+00  1.0000000000000000e+00
37     8.0000000000000004e-01  1.6000000000000001e+00  0.0000000000000000e+00  1.0000000000000000e+00
38     9.3333333333333335e-01  1.6000000000000001e+00  0.0000000000000000e+00  1.0000000000000000e+00
39     1.0000000000000000e+00  1.6000000000000001e+00  0.0000000000000000e+00  1.0000000000000000e+00
40     0.0000000000000000e+00  1.8000000000000003e+00  0.0000000000000000e+00  1.0000000000000000e+00
41     6.6666666666666680e-02  1.8000000000000003e+00  0.0000000000000000e+00  1.0000000000000000e+00
42     2.0000000000000004e-01  1.8000000000000003e+00  0.0000000000000000e+00  1.0000000000000000e+00
43     4.0000000000000008e-01  1.8000000000000003e+00  0.0000000000000000e+00  1.0000000000000000e+00
44     6.0000000000000009e-01  1.8000000000000003e+00  0.0000000000000000e+00  1.0000000000000000e+00
45     8.0000000000000004e-01  1.8000000000000003e+00  0.0000000000000000e+00  1.0000000000000000e+00
46     9.3333333333333335e-01  1.8000000000000003e+00  0.0000000000000000e+00  1.0000000000000000e+00
47     1.0000000000000000e+00  1.8000000000000003e+00  0.0000000000000000e+00  1.0000000000000000e+00
48     0.0000000000000000e+00  1.9333333333333333e+00  0.0000000000000000e+00  1.0000000000000000e+00
49     6.6666666666666680e-02  1.9333333333333333e+00  0.0000000000000000e+00  1.0000000000000000e+00
50     2.0000000000000004e-01  1.9333333333333333e+00  0.0000000000000000e+00  1.0000000000000000e+00
51     4.0000000000000008e-01  1.9333333333333333e+00  0.0000000000000000e+00  1.0000000000000000e+00
52     6.0000000000000009e-01  1.9333333333333333e+00  0.0000000000000000e+00  1.0000000000000000e+00
53     8.0000000000000004e-01  1.9333333333333333e+00  0.0000000000000000e+00  1.0000000000000000e+00
54     9.3333333333333335e-01  1.9333333333333333e+00  0.0000000000000000e+00  1.0000000000000000e+00
55     1.0000000000000000e+00  1.9333333333333333e+00  0.0000000000000000e+00  1.0000000000000000e+00
56     0.0000000000000000e+00  2.0000000000000000e+00  0.0000000000000000e+00  1.0000000000000000e+00
57     6.6666666666666680e-02  2.0000000000000000e+00  0.0000000000000000e+00  1.0000000000000000e+00
58     2.0000000000000004e-01  2.0000000000000000e+00  0.0000000000000000e+00  1.0000000000000000e+00
59     4.0000000000000008e-01  2.0000000000000000e+00  0.0000000000000000e+00  1.0000000000000000e+00
60     6.0000000000000009e-01  2.0000000000000000e+00  0.0000000000000000e+00  1.0000000000000000e+00
61     8.0000000000000004e-01  2.0000000000000000e+00  0.0000000000000000e+00  1.0000000000000000e+00
62     9.3333333333333335e-01  2.0000000000000000e+00  0.0000000000000000e+00  1.0000000000000000e+00
63     1.0000000000000000e+00  2.0000000000000000e+00  0.0000000000000000e+00  1.0000000000000000e+00
64     0.0000000000000000e+00  1.0000000000000000e+00  9.8112432999103216e-02  9.6094757082487303e-01
65     6.6666666666666666e-02  1.0000000000000000e+00  9.8112432999103216e-02  9.6094757082487303e-01
66     2.0000000000000004e-01  1.0000000000000000e+00  9.8112432999103216e-02  9.6094757082487303e-01
67     4.0000000000000002e-01  1.0000000000000000e+00  9.8112432999103216e-02  9.6094757082487314e-01
68     5.9999999999999998e-01  1.0000000000000000e+00  9.8112432999103216e-02  9.6094757082487303e-01
69     8.0000000000000016e-01  1.0000000000000000e+00  9.8112432999103216e-02  9.6094757082487303e-01
70     9.3333333333333335e-01  1.0000000000000000e+00  9.8112432999103216e-02  9.6094757082487303e-01
71     1.0000000000000000e+00  1.0000000000000000e+00  9.8112432999103216e-02  9.6094757082487303e-01
72     0.0000000000000000e+00  1.0666666666666667e+00  1.0465326186571010e-01  9.6094757082487303e-01
73     6.6666666666666666e-02  1.0666666666666667e+00  1.0465326186571010e-01  9.6094757082487303e-01
74     2.0000000000000004e-01  1.0666666666666667e+00  1.0465326186571010e-01  9.6094757082487303e-01
75     4.0000000000000002e-01  1.0666666666666667e+00  1.0465326186571011e-01  9.6094757082487314e-01
76     5.9999999999999998e-01  1.0666666666666667e+00  1.0465326186571010e-01  9.6094757082487303e-01
77     8.0000000000000016e-01  1.0666666666666667e+00  1.0465326186571010e-01  9.6094757082487303e-01
78     9.3333333333333335e-01  1.0666666666666667e+00  1.0465326186571010e-01  9.6094757082487303e-01
79     1.0000000000000000e+00  1.0666666666666667e+00  1.0465326186571010e-01  9.6094757082487303e-01
80     0.0000000000000000e+00  1.2000000000000000e+00  1.1773491959892385e-01  9.6094757082487303e-01
81     6.6666666666666666e-02  1.2000000000000000e+00  1.1773491959892388e-01  9.6094757082487303e-01
82     2.0000000000000007e-01  1.2000000000000000e+00  1.1773491959892388e-01  9.6094757082487303e-01
83     4.0000000000000002e-01  1.2000000000000002e+00  1.1773491959892388e-01  9.6094757082487314e-01
84     5.9999999999999998e-01  1.2000000000000000e+00  1.1773491959892385e-01  9.6094757082487303e-01
85     8.0000000000000016e-01  1.2000000000000000e+00  1.1773491959892388e-01  9.6094757082487303e-01
86     9.3333333333333335e-01  1.2000000000000000e+00  1.1773491959892385e-01  9.6094757082487303e-01
87     1.0000000000000000e+00  1.2000000000000000e+00  1.1773491959892385e-01  9.6094757082487303e-01
88     0.0000000000000000e+00  1.4000000000000001e+00  1.3735740619874454e-01  9.6094757082487314e-01
89     6.6666666666666666e-02  1.4000000000000004e+00  1.3735740619874454e-01  9.6094757082487314e-01
90     2.0000000000000004e-01  1.4000000000000004e+00  1.3735740619874454e-01  9.6094757082487314e-01
91     4.0000000000000008e-01  1.4000000000000004e+00  1.3735740619874454e-01  9.6094757082487314e-01
92     6.0000000000000020e-01  1.4000000000000001e+00  1.3735740619874454e-01  9.6094757082487314e-01
93     8.0000000000000004e-01  1.4000000000000004e+00  1.3735740619874454e-01  9.6094757082487314e-01
94     9.3333333333333324e-01  1.4000000000000001e+00  1.3735740619874454e-01  9.6094757082487314e-01
95     1.0000000000000000e+00  1.4000000000000001e+00  1.3735740619874454e-01  9.6094757082487314e-01
96     0.0000000000000000e+00  1.6000000000000003e+00  1.5697989279856514e-01  9.6094757082487303e-01
97     6.6666666666666666e-02  1.6000000000000003e+00  1.5697989279856517e-01  9.6094757082487303e-01
98     2.0000000000000004e-01  1.6000000000000003e+00  1.5697989279856517e-01  9.6094757082487303e-01
99     4.0000000000000002e-01  1.6000000000000001e+00  1.5697989279856514e-01  9.6094757082487314e-01
100    5.9999999999999998e-01  1.6000000000000003e+00  1.5697989279856514e-01  9.6094757082487303e-01
101    8.0000000000000016e-01  1.6000000000000003e+00  1.5697989279856517e-01  9.6094757082487303e-01
102    9.3333333333333335e-01  1.6000000000000003e+00  1.5697989279856514e-01  9.6094757082487303e-01
103    1.0000000000000000e+00  1.6000000000000003e+00  1.5697989279856514e-01  9.6094757082487303e-01
104    0.0000000000000000e+00  1.8000000000000003e+00  1.7660237939838577e-01  9.6094757082487303e-01
105    6.6666666666666666e-02  1.8000000000000003e+00  1.7660237939838577e-01  9.6094757082487303e-01
106    2.0000000000000004e-01  1.8000000000000003e+00  1.7660237939838577e-01  9.6094757082487303e-01
107    4.0000000000000002e-01  1.8000000000000000e+00  1.7660237939838577e-01  9.6094757082487314e-01
108    5.9999999999999998e-01  1.8000000000000003e+00  1.7660237939838577e-01  9.6094757082487303e-01
109    8.0000000000000016e-01  1.8000000000000003e+00  1.7660237939838577e-01  9.6094757082487303e-01
110    9.3333333333333335e-01  1.8000000000000003e+00  1.7660237939838577e-01  9.6094757082487303e-01
111    1.0000000000000000e+00  1.8000000000000003e+00  1.7660237939838577e-01  9.6094757082487303e-01
112    0.0000000000000000e+00  1.9333333333333336e+00  1.8968403713159954e-01  9.6094757082487303e-01
113    6.6666666666666666e-02  1.9333333333333336e+00  1.8968403713159959e-01  9.6094757082487303e-01
114    2.0000000000000004e-01  1.9333333333333336e+00  1.8968403713159959e-01  9.6094757082487303e-01
115    4.0000000000000002e-01  1.9333333333333333e+00  1.8968403713159954e-01  9.6094757082487314e-01
116    5.9999999999999998e-01  1.9333333333333336e+00  1.8968403713159954e-01  9.6094757082487303e-01
117    8.0000000000000016e-01  1.9333333333333336e+00  1.8968403713159959e-01  9.6094757082487303e-01
118    9.3333333333333335e-01  1.9333333333333336e+00  1.8968403713159954e-01  9.6094757082487303e-01
119    1.0000000000000000e+00  1.9333333333333336e+00  1.8968403713159954e-01  9.6094757082487303e-01
120    0.0000000000000000e+00  2.0000000000000000e+00  1.9622486599820643e-01  9.6094757082487303e-01
121    6.6666666666666666e-02  2.0000000000000000e+00  1.9622486599820643e-01  9.6094757082487303e-01
122    2.0000000000000004e-01  2.0000000000000000e+00  1.9622486599820643e-01  9.6094757082487303e-01
123    4.0000000000000002e-01  2.0000000000000000e+00  1.9622486599820643e-01  9.6094757082487314e-01
124    5.9999999999999998e-01  2.0000000000000000e+00  1.9622486599820643e-01  9.6094757082487303e-01
125    8.0000000000000016e-01  2.0000000000000000e+00  1.9622486599820643e-01  9.6094757082487303e-01
126    9.3333333333333335e-01  2.0000000000000000e+00  1.9622486599820643e-01  9.6094757082487303e-01
127    1.0000000000000000e+00  2.0000000000000000e+00  1.9622486599820643e-01  9.6094757082487303e-01
128    0.0000000000000000e+00  9.7031970558492497e-01  3.0251308124573983e-01  8.9846368414466982e-01
129    6.6666666666666680e-02  9.7031970558492497e-01  3.0251308124573983e-01  8.9846368414466982e-01
130    2.0000000000000004e-01  9.7031970558492497e-01  3.0251308124573983e-01  8.9846368414466982e-01
131    4.0000000000000002e-01  9.7031970558492509e-01  3.0251308124573978e-01  8.9846368414466993e-01
132    6.0000000000000020e-01  9.7031970558492497e-01  3.0251308124573983e-01  8.9846368414466982e-01
133    8.0000000000000004e-01  9.7031970558492497e-01  3.0251308124573983e-01  8.9846368414466982e-01
134    9.3333333333333335e-01  9.7031970558492497e-01  3.0251308124573983e-01  8.9846368414466982e-01
135    1.0000000000000000e+00  9.7031970558492497e-01  3.0251308124573983e-01  8.9846368414466982e-01
136    0.0000000000000000e+00  1.0350076859572537e+00  3.2268061999545578e-01  8.9846368414466982e-01
137    6.6666666666666680e-02  1.0350076859572537e+00  3.2268061999545578e-01  8.9846368414466982e-01
138    2.0000000000000004e-01  1.0350076859572537e+00  3.2268061999545578e-01  8.9846368414466982e-01
139    3.9999999999999997e-01  1.0350076859572535e+00  3.2268061999545583e-01  8.9846368414467004e-01
140    6.0000000000000020e-01  1.0350076859572537e+00  3.2268061999545578e-01  8.9846368414466982e-01
141    8.0000000000000016e-01  1.0350076859572537e+00  3.2268061999545578e-01  8.9846368414466982e-01
142    9.3333333333333335e-01  1.0350076859572537e+00  3.2268061999545578e-01  8.9846368414466982e-01
143    1.0000000000000000e+00  1.0350076859572537e+00  3.2268061999545578e-01  8.9846368414466982e-01
144    0.0000000000000000e+00  1.1643836467019102e+00  3.6301569749488771e-01  8.9846368414466982e-01
145    6.6666666666666680e-02  1.1643836467019102e+00  3.6301569749488777e-01  8.9846368414466982e-01
146    2.0000000000000004e-01  1.1643836467019102e+00  3.6301569749488777e-01  8.9846368414466982e-01
147    3.9999999999999997e-01  1.1643836467019102e+00  3.6301569749488777e-01  8.9846368414467004e-01
148    6.0000000000000020e-01  1.1643836467019102e+00  3.6301569749488771e-01  8.9846368414466982e-01
149    8.0000000000000016e-01  1.1643836467019102e+00  3.6301569749488777e-01  8.9846368414466982e-01
150    9.3333333333333335e-01  1.1643836467019102e+00  3.6301569749488771e-01  8.9846368414466982e-01
151    1.0000000000000000e+00  1.1643836467019102e+00  3.6301569749488771e-01  8.9846368414466982e-01
152    0.0000000000000000e+00  1.3584475878188953e+00  4.2351831374403576e-01  8.9846368414466993e-01
153    6.6666666666666680e-02  1.3584475878188953e+00  4.2351831374403576e-01  8.9846368414466993e-01
154    2.0000000000000004e-01  1.3584475878188953e+00  4.2351831374403576e-01  8.9846368414466993e-01
155    3.9999999999999997e-01  1.3584475878188951e+00  4.2351831374403576e-01  8.9846368414467004e-01
156    6.0000000000000009e-01  1.3584475878188953e+00  4.2351831374403576e-01  8.9846368414466993e-01
157    8.0000000000000004e-01  1.3584475878188953e+00  4.2351831374403576e-01  8.9846368414466993e-01
158    9.3333333333333324e-01  1.3584475878188953e+00  4.2351831374403576e-01  8.9846368414466993e-01
159    1.0000000000000000e+00  1.3584475878188953e+00  4.2351831374403576e-01  8.9846368414466993e-01
160    0.0000000000000000e+00  1.5525115289358802e+00  4.8402092999318369e-01  8.9846368414466982e-01
161    6.6666666666666680e-02  1.5525115289358802e+00  4.8402092999318380e-01  8.9846368414466982e-01
162    2.0000000000000004e-01  1.5525115289358804e+00  4.8402092999318380e-01  8.9846368414466982e-01
163    4.0000000000000002e-01  1.5525115289358800e+00  4.8402092999318364e-01  8.9846368414466993e-01
164    6.0000000000000020e-01  1.5525115289358802e+00  4.8402092999318369e-01  8.9846368414466982e-01
165    8.0000000000000004e-01  1.5525115289358802e+00  4.8402092999318380e-01  8.9846368414466982e-01
166    9.3333333333333335e-01  1.5525115289358802e+00  4.8402092999318369e-01  8.9846368414466982e-01
167    1.0000000000000000e+00  1.5525115289358802e+00  4.8402092999318369e-01  8.9846368414466982e-01
168    0.0000000000000000e+00  1.7465754700528653e+00  5.4452354624233157e-01  8.9846368414466982e-01
169    6.6666666666666680e-02  1.7465754700528653e+00  5.4452354624233157e-01  8.9846368414466982e-01
170    2.0000000000000004e-01  1.7465754700528653e+00  5.4452354624233157e-01  8.9846368414466982e-01
171    4.0000000000000002e-01  1.7465754700528651e+00  5.4452354624233157e-01  8.9846368414466993e-01
172    6.0000000000000020e-01  1.7465754700528653e+00  5.4452354624233157e-01  8.9846368414466982e-01
173    8.0000000000000004e-01  1.7465754700528653e+00  5.4452354624233157e-01  8.9846368414466982e-01
174    9.3333333333333335e-01  1.7465754700528653e+00  5.4452354624233157e-01  8.9846368414466982e-01
175    1.0000000000000000e+00  1.7465754700528653e+00  5.4452354624233157e-01  8.9846368414466982e-01
176    0.0000000000000000e+00  1.8759514307975220e+00  5.8485862374176356e-01  8.9846368414466982e-01
177    6.6666666666666680e-02  1.8759514307975220e+00  5.8485862374176367e-01  8.9846368414466982e-01
178    2.0000000000000004e-01  1.8759514307975220e+00  5.8485862374176367e-01  8.9846368414466982e-01
179    4.0000000000000002e-01  1.8759514307975220e+00  5.8485862374176345e-01  8.9846368414466993e-01
180    6.0000000000000009e-01  1.8759514307975220e+00  5.8485862374176356e-01  8.9846368414466982e-01
181    8.0000000000000004e-01  1.8759514307975220e+00  5.8485862374176367e-01  8.9846368414466982e-01
182    9.3333333333333335e-01  1.8759514307975220e+00  5.8485862374176356e-01  8.9846368414466982e-01
183    1.0000000000000000e+00  1.8759514307975220e+00  5.8485862374176356e-01  8.9846368414466982e-01
184    0.0000000000000000e+00  1.9406394111698499e+00  6.0502616249147967e-01  8.9846368414466982e-01
185    6.6666666666666680e-02  1.9406394111698499e+00  6.0502616249147967e-01  8.9846368414466982e-01
186    2.0000000000000004e-01  1.9406394111698499e+00  6.0502616249147967e-01  8.9846368414466982e-01
187    4.0000000000000002e-01  1.9406394111698502e+00  6.0502616249147956e-01  8.9846368414466993e-01
188    6.0000000000000020e-01  1.9406394111698499e+00  6.0502616249147967e-01  8.9846368414466982e-01
189    8.0000000000000004e-01  1.9406394111698499e+00  6.0502616249147967e-01  8.9846368414466982e-01
190    9.3333333333333335e-01  1.9406394111698499e+00  6.0502616249147967e-01  8.9846368414466982e-01
191    1.0000000000000000e+00  1.9406394111698499e+00  6.0502616249147967e-01  8.9846368414466982e-01
192    0.0000000000000000e+00  8.2777532385776942e-01  5.9292349275472800e-01  8.5160076913451754e-01
193    6.6666666666666666e-02  8.2777532385776942e-01  5.9292349275472800e-01  8.5160076913451754e-01
194    2.0000000000000001e-01  8.2777532385776942e-01  5.9292349275472800e-01  8.5160076913451754e-01
195    3.9999999999999997e-01  8.2777532385776931e-01  5.9292349275472789e-01  8.5160076913451765e-01
196    5.9999999999999998e-01  8.2777532385776942e-01  5.9292349275472800e-01  8.5160076913451754e-01
197    8.0000000000000004e-01  8.2777532385776942e-01  5.9292349275472800e-01  8.5160076913451754e-01
198    9.3333333333333313e-01  8.2777532385776942e-01  5.9292349275472800e-01  8.5160076913451754e-01
199    1.0000000000000000e+00  8.2777532385776942e-01  5.9292349275472800e-01  8.5160076913451754e-01
200    0.0000000000000000e+00  8.8296034544828750e-01  6.3245172560504304e-01  8.5160076913451754e-01
201    6.6666666666666666e-02  8.8296034544828750e-01  6.3245172560504304e-01  8.5160076913451754e-01
202    2.0000000000000004e-01  8.8296034544828750e-01  6.3245172560504304e-01  8.5160076913451754e-01
203    3.9999999999999997e-01  8.8296034544828739e-01  6.3245172560504315e-01  8.5160076913451765e-01
204    5.9999999999999998e-01  8.8296034544828750e-01  6.3245172560504304e-01  8.5160076913451754e-01
205    8.0000000000000004e-01  8.8296034544828750e-01  6.3245172560504304e-01  8.5160076913451754e-01
206    9.3333333333333313e-01  8.8296034544828750e-01  6.3245172560504304e-01  8.5160076913451754e-01
207    1.0000000000000000e+00  8.8296034544828750e-01  6.3245172560504304e-01  8.5160076913451754e-01
208    0.0000000000000000e+00  9.9333038862932332e-01  7.1150819130567344e-01  8.5160076913451754e-01
209    6.6666666666666666e-02  9.9333038862932332e-01  7.1150819130567344e-01  8.5160076913451754e-01
210    2.0000000000000001e-01  9.9333038862932332e-01  7.1150819130567344e-01  8.5160076913451754e-01
211    3.9999999999999997e-01  9.9333038862932332e-01  7.1150819130567367e-01  8.5160076913451765e-01
212    5.9999999999999998e-01  9.9333038862932332e-01  7.1150819130567344e-01  8.5160076913451754e-01
213    8.0000000000000004e-01  9.9333038862932332e-01  7.1150819130567344e-01  8.5160076913451754e-01
214    9.3333333333333313e-01  9.9333038862932332e-01  7.1150819130567344e-01  8.5160076913451754e-01
215    1.0000000000000000e+00  9.9333038862932332e-01  7.1150819130567344e-01  8.5160076913451754e-01
216    0.0000000000000000e+00  1.1588854534008772e+00  8.3009288985661911e-01  8.5160076913451765e-01
217    6.6666666666666666e-02  1.1588854534008772e+00  8.3009288985661911e-01  8.5160076913451765e-01
218    2.0000000000000001e-01  1.1588854534008772e+00  8.3009288985661911e-01  8.5160076913451765e-01
219    3.9999999999999997e-01  1.1588854534008772e+00  8.3009288985661922e-01  8.5160076913451765e-01
220    5.9999999999999998e-01  1.1588854534008772e+00  8.3009288985661911e-01  8.5160076913451765e-01
221    7.9999999999999993e-01  1.1588854534008772e+00  8.3009288985661911e-01  8.5160076913451765e-01
222    9.3333333333333302e-01  1.1588854534008772e+00  8.3009288985661911e-01  8.5160076913451765e-01
223    1.0000000000000000e+00  1.1588854534008772e+00  8.3009288985661911e-01  8.5160076913451765e-01
224    0.0000000000000000e+00  1.3244405181724312e+00  9.4867758840756466e-01  8.5160076913451754e-01
225    6.6666666666666666e-02  1.3244405181724312e+00  9.4867758840756478e-01  8.5160076913451754e-01
226    2.0000000000000001e-01  1.3244405181724312e+00  9.4867758840756489e-01  8.5160076913451754e-01
227    3.9999999999999997e-01  1.3244405181724310e+00  9.4867758840756444e-01  8.5160076913451765e-01
228    5.9999999999999998e-01  1.3244405181724312e+00  9.4867758840756466e-01  8.5160076913451754e-01
229    8.0000000000000004e-01  1.3244405181724312e+00  9.4867758840756478e-01  8.5160076913451754e-01
230    9.3333333333333313e-01  1.3244405181724312e+00  9.4867758840756466e-01  8.5160076913451754e-01
231    1.0000000000000000e+00  1.3244405181724312e+00  9.4867758840756466e-01  8.5160076913451754e-01
232    0.0000000000000000e+00  1.4899955829439848e+00  1.0672622869585102e+00  8.5160076913451754e-01
233    6.6666666666666666e-02  1.4899955829439848e+00  1.0672622869585102e+00  8.5160076913451754e-01
234    2.0000000000000001e-01  1.4899955829439848e+00  1.0672622869585102e+00  8.5160076913451754e-01
235    3.9999999999999997e-01  1.4899955829439848e+00  1.0672622869585102e+00  8.5160076913451765e-01
236    5.9999999999999998e-01  1.4899955829439848e+00  1.0672622869585102e+00  8.5160076913451754e-01
237    8.0000000000000004e-01  1.4899955829439848e+00  1.0672622869585102e+00  8.5160076913451754e-01
238    9.3333333333333313e-01  1.4899955829439848e+00  1.0672622869585102e+00  8.5160076913451754e-01
239    1.0000000000000000e+00  1.4899955829439848e+00  1.0672622869585102e+00  8.5160076913451754e-01
240    0.0000000000000000e+00  1.6003656261250210e+00  1.1463187526591405e+00  8.5160076913451754e-01
241    6.6666666666666666e-02  1.6003656261250210e+00  1.1463187526591407e+00  8.5160076913451754e-01
242    2.0000000000000001e-01  1.6003656261250210e+00  1.1463187526591407e+00  8.5160076913451754e-01
243    3.9999999999999997e-01  1.6003656261250208e+00  1.1463187526591407e+00  8.5160076913451765e-01
244    5.9999999999999987e-01  1.6003656261250210e+00  1.1463187526591405e+00  8.5160076913451754e-01
245    8.0000000000000004e-01  1.6003656261250210e+00  1.1463187526591407e+00  8.5160076913451754e-01
246    9.3333333333333313e-01  1.6003656261250210e+00  1.1463187526591405e+00  8.5160076913451754e-01
247    1.0000000000000000e+00  1.6003656261250210e+00  1.1463187526591405e+00  8.5160076913451754e-01
248    0.0000000000000000e+00  1.6555506477155388e+00  1.1858469855094560e+00  8.5160076913451754e-01
249    6.6666666666666666e-02  1.6555506477155388e+00  1.1858469855094560e+00  8.5160076913451754e-01
250    2.0000000000000001e-01  1.6555506477155388e+00  1.1858469855094560e+00  8.5160076913451754e-01
251    3.9999999999999997e-01  1.6555506477155386e+00  1.1858469855094558e+00  8.5160076913451765e-01
252    5.9999999999999998e-01  1.6555506477155388e+00  1.1858469855094560e+00  8.5160076913451754e-01
253    8.0000000000000004e-01  1.6555506477155388e+00  1.1858469855094560e+00  8.5160076913451754e-01
254    9.3333333333333313e-01  1.6555506477155388e+00  1.1858469855094560e+00  8.5160076913451754e-01
255    1.0000000000000000e+00  1.6555506477155388e+00  1.1858469855094560e+00  8.5160076913451754e-01
256    0.0000000000000000e+00  5.9292349275472800e-01  8.2777532385776964e-01  8.5160076913451732e-01
257    6.6666666666666680e-02  5.9292349275472800e-01  8.2777532385776964e-01  8.5160076913451732e-01
258    2.0000000000000007e-01  5.9292349275472800e-01  8.2777532385776964e-01  8.5160076913451732e-01
259    4.0000000000000002e-01  5.9292349275472778e-01  8.2777532385776942e-01  8.5160076913451754e-01
260    5.9999999999999998e-01  5.9292349275472800e-01  8.2777532385776964e-01  8.5160076913451732e-01
261    8.0000000000000027e-01  5.9292349275472800e-01  8.2777532385776964e-01  8.5160076913451732e-01
262    9.3333333333333346e-01  5.9292349275472800e-01  8.2777532385776964e-01  8.5160076913451732e-01
263    1.0000000000000000e+00  5.9292349275472800e-01  8.2777532385776964e-01  8.5160076913451732e-01
264    0.0000000000000000e+00  6.3245172560504315e-01  8.8296034544828761e-01  8.5160076913451732e-01
265    6.6666666666666680e-02  6.3245172560504315e-01  8.8296034544828761e-01  8.5160076913451732e-01
266    2.0000000000000009e-01  6.3245172560504315e-01  8.8296034544828761e-01  8.5160076913451732e-01
267    4.0000000000000002e-01  6.3245172560504304e-01  8.8296034544828750e-01  8.5160076913451754e-01
268    5.9999999999999998e-01  6.3245172560504315e-01  8.8296034544828761e-01  8.5160076913451732e-01
269    8.0000000000000027e-01  6.3245172560504315e-01  8.8296034544828761e-01  8.5160076913451732e-01
270    9.3333333333333346e-01  6.3245172560504315e-01  8.8296034544828761e-01  8.5160076913451732e-01
271    1.0000000000000000e+00  6.3245172560504315e-01  8.8296034544828761e-01  8.5160076913451732e-01
272    0.0000000000000000e+00  7.1150819130567355e-01  9.9333038862932344e-01  8.5160076913451732e-01
273    6.6666666666666680e-02  7.1150819130567355e-01  9.9333038862932377e-01  8.5160076913451732e-01
274    2.0000000000000007e-01  7.1150819130567355e-01  9.9333038862932377e-01  8.5160076913451732e-01
275    4.0000000000000002e-01  7.1150819130567344e-01  9.9333038862932355e-01  8.5160076913451754e-01
276    5.9999999999999998e-01  7.1150819130567355e-01  9.9333038862932344e-01  8.5160076913451732e-01
277    8.0000000000000027e-01  7.1150819130567355e-01  9.9333038862932377e-01  8.5160076913451732e-01
278    9.3333333333333346e-01  7.1150819130567355e-01  9.9333038862932344e-01  8.5160076913451732e-01
279    1.0000000000000000e+00  7.1150819130567355e-01  9.9333038862932344e-01  8.5160076913451732e-01
280    0.0000000000000000e+00  8.3009288985661900e-01  1.1588854534008775e+00  8.5160076913451754e-01
281    6.6666666666666666e-02  8.3009288985661900e-01  1.1588854534008775e+00  8.5160076913451754e-01
282    2.0000000000000004e-01  8.3009288985661900e-01  1.1588854534008775e+00  8.5160076913451754e-01
283    4.0000000000000002e-01  8.3009288985661900e-01  1.1588854534008775e+00  8.5160076913451754e-01
284    5.9999999999999998e-01  8.3009288985661911e-01  1.1588854534008775e+00  8.5160076913451754e-01
285    8.0000000000000004e-01  8.3009288985661900e-01  1.1588854534008775e+00  8.5160076913451754e-01
286    9.3333333333333313e-01  8.3009288985661900e-01  1.1588854534008775e+00  8.5160076913451754e-01
287    1.0000000000000000e+00  8.3009288985661900e-01  1.1588854534008775e+00  8.5160076913451754e-01
288    0.0000000000000000e+00  9.4867758840756478e-01  1.3244405181724315e+00  8.5160076913451732e-01
289    6.6666666666666666e-02  9.4867758840756489e-01  1.3244405181724317e+00  8.5160076913451732e-01
290    2.0000000000000007e-01  9.4867758840756489e-01  1.3244405181724317e+00  8.5160076913451732e-01
291    4.0000000000000002e-01  9.4867758840756444e-01  1.3244405181724312e+00  8.5160076913451754e-01
292    5.9999999999999998e-01  9.4867758840756489e-01  1.3244405181724315e+00  8.5160076913451732e-01
293    8.0000000000000027e-01  9.4867758840756489e-01  1.3244405181724317e+00  8.5160076913451732e-01
294    9.3333333333333346e-01  9.4867758840756489e-01  1.3244405181724315e+00  8.5160076913451732e-01
295    1.0000000000000000e+00  9.4867758840756478e-01  1.3244405181724315e+00  8.5160076913451732e-01
296    0.0000000000000000e+00  1.0672622869585104e+00  1.4899955829439855e+00  8.5160076913451732e-01
297    6.6666666666666680e-02  1.0672622869585104e+00  1.4899955829439855e+00  8.5160076913451732e-01
298    2.0000000000000007e-01  1.0672622869585104e+00  1.4899955829439855e+00  8.5160076913451732e-01
299    4.0000000000000002e-01  1.0672622869585102e+00  1.4899955829439853e+00  8.5160076913451754e-01
300    5.9999999999999998e-01  1.0672622869585104e+00  1.4899955829439855e+00  8.5160076913451732e-01
301    8.0000000000000027e-01  1.0672622869585104e+00  1.4899955829439855e+00  8.5160076913451732e-01
302    9.3333333333333346e-01  1.0672622869585104e+00  1.4899955829439855e+00  8.5160076913451732e-01
303    1.0000000000000000e+00  1.0672622869585104e+00  1.4899955829439855e+00  8.5160076913451732e-01
304    0.0000000000000000e+00  1.1463187526591407e+00  1.6003656261250214e+00  8.5160076913451732e-01
305    6.6666666666666680e-02  1.1463187526591407e+00  1.6003656261250214e+00  8.5160076913451732e-01
306    2.0000000000000007e-01  1.1463187526591407e+00  1.6003656261250214e+00  8.5160076913451732e-01
307    4.0000000000000002e-01  1.1463187526591405e+00  1.6003656261250210e+00  8.5160076913451754e-01
308    5.9999999999999998e-01  1.1463187526591407e+00  1.6003656261250214e+00  8.5160076913451732e-01
309    8.0000000000000027e-01  1.1463187526591407e+00  1.6003656261250214e+00  8.5160076913451732e-01
310    9.3333333333333346e-01  1.1463187526591407e+00  1.6003656261250214e+00  8.5160076913451732e-01
311    1.0000000000000000e+00  1.1463187526591407e+00  1.6003656261250214e+00  8.5160076913451732e-01
312    0.0000000000000000e+00  1.1858469855094560e+00  1.6555506477155393e+00  8.5160076913451732e-01
313    6.6666666666666680e-02  1.1858469855094560e+00  1.6555506477155393e+00  8.5160076913451732e-01
314    2.0000000000000007e-01  1.1858469855094560e+00  1.6555506477155393e+00  8.5160076913451732e-01
315    4.0000000000000002e-01  1.1858469855094556e+00  1.6555506477155388e+00  8.5160076913451754e-01
316    5.9999999999999998e-01  1.1858469855094560e+00  1.6555506477155393e+00  8.5160076913451732e-01
317    8.0000000000000027e-01  1.1858469855094560e+00  1.6555506477155393e+00  8.5160076913451732e-01
318    9.3333333333333346e-01  1.1858469855094560e+00  1.6555506477155393e+00  8.5160076913451732e-01
319    1.0000000000000000e+00  1.1858469855094560e+00  1.6555506477155393e+00  8.5160076913451732e-01
320    0.0000000000000000e+00  3.0251308124573978e-01  9.7031970558492520e-01  8.9846368414466982e-01
321    6.6666666666666680e-02  3.0251308124573978e-01  9.7031970558492520e-01  8.9846368414466982e-01
322    2.0000000000000004e-01  3.0251308124573978e-01  9.7031970558492520e-01  8.9846368414466982e-01
323    4.0000000000000008e-01  3.0251308124573978e-01  9.7031970558492520e-01  8.9846368414466982e-01
324    6.0000000000000009e-01  3.0251308124573978e-01  9.7031970558492520e-01  8.9846368414466982e-01
325    8.0000000000000004e-01  3.0251308124573978e-01  9.7031970558492520e-01  8.9846368414466982e-01
326    9.3333333333333346e-01  3.0251308124573978e-01  9.7031970558492520e-01  8.9846368414466982e-01
327    1.0000000000000000e+00  3.0251308124573978e-01  9.7031970558492520e-01  8.9846368414466982e-01
328    0.0000000000000000e+00  3.2268061999545578e-01  1.0350076859572535e+00  8.9846368414466982e-01
329    6.6666666666666680e-02  3.2268061999545578e-01  1.0350076859572535e+00  8.9846368414466982e-01
330    2.0000000000000004e-01  3.2268061999545578e-01  1.0350076859572535e+00  8.9846368414466982e-01
331    4.0000000000000002e-01  3.2268061999545572e-01  1.0350076859572537e+00  8.9846368414466993e-01
332    6.0000000000000009e-01  3.2268061999545578e-01  1.0350076859572535e+00  8.9846368414466982e-01
333    8.0000000000000016e-01  3.2268061999545578e-01  1.0350076859572535e+00  8.9846368414466982e-01
334    9.3333333333333346e-01  3.2268061999545578e-01  1.0350076859572535e+00  8.9846368414466982e-01
335    1.0000000000000000e+00  3.2268061999545578e-01  1.0350076859572535e+00  8.9846368414466982e-01
336    0.0000000000000000e+00  3.6301569749488771e-01  1.1643836467019102e+00  8.9846368414466982e-01
337    6.6666666666666680e-02  3.6301569749488771e-01  1.1643836467019102e+00  8.9846368414466982e-01
338    2.0000000000000004e-01  3.6301569749488771e-01  1.1643836467019102e+00  8.9846368414466982e-01
339    4.0000000000000002e-01  3.6301569749488766e-01  1.1643836467019102e+00  8.9846368414466993e-01
340    6.0000000000000009e-01  3.6301569749488771e-01  1.1643836467019102e+00  8.9846368414466982e-01
341    8.0000000000000016e-01  3.6301569749488771e-01  1.1643836467019102e+00  8.9846368414466982e-01
342    9.3333333333333346e-01  3.6301569749488771e-01  1.1643836467019102e+00  8.9846368414466982e-01
343    1.0000000000000000e+00  3.6301569749488771e-01  1.1643836467019102e+00  8.9846368414466982e-01
344    0.0000000000000000e+00  4.2351831374403565e-01  1.3584475878188955e+00  8.9846368414466982e-01
345    6.6666666666666680e-02  4.2351831374403576e-01  1.3584475878188955e+00  8.9846368414466982e-01
346    2.0000000000000007e-01  4.2351831374403576e-01  1.3584475878188955e+00  8.9846368414466982e-01
347    4.0000000000000002e-01  4.2351831374403559e-01  1.3584475878188953e+00  8.9846368414466993e-01
348    6.0000000000000020e-01  4.2351831374403576e-01  1.3584475878188955e+00  8.9846368414466982e-01
349    8.0000000000000016e-01  4.2351831374403576e-01  1.3584475878188955e+00  8.9846368414466982e-01
350    9.3333333333333346e-01  4.2351831374403576e-01  1.3584475878188955e+00  8.9846368414466982e-01
351    1.0000000000000000e+00  4.2351831374403565e-01  1.3584475878188955e+00  8.9846368414466982e-01
352    0.0000000000000000e+00  4.8402092999318358e-01  1.5525115289358802e+00  8.9846368414466982e-01
353    6.6666666666666680e-02  4.8402092999318364e-01  1.5525115289358802e+00  8.9846368414466982e-01
354    2.0000000000000004e-01  4.8402092999318369e-01  1.5525115289358802e+00  8.9846368414466982e-01
355    4.0000000000000008e-01  4.8402092999318358e-01  1.5525115289358802e+00  8.9846368414466982e-01
356    6.0000000000000009e-01  4.8402092999318364e-01  1.5525115289358802e+00  8.9846368414466982e-01
357    8.0000000000000004e-01  4.8402092999318364e-01  1.5525115289358802e+00  8.9846368414466982e-01
358    9.3333333333333346e-01  4.8402092999318364e-01  1.5525115289358802e+00  8.9846368414466982e-01
359    1.0000000000000000e+00  4.8402092999318358e-01  1.5525115289358802e+00  8.9846368414466982e-01
360    0.0000000000000000e+00  5.4452354624233157e-01  1.7465754700528655e+00  8.9846368414466982e-01
361    6.6666666666666680e-02  5.4452354624233157e-01  1.7465754700528655e+00  8.9846368414466982e-01
362    2.0000000000000004e-01  5.4452354624233157e-01  1.7465754700528655e+00  8.9846368414466982e-01
363    4.0000000000000008e-01  5.4452354624233157e-01  1.7465754700528655e+00  8.9846368414466982e-01
364    6.0000000000000009e-01  5.4452354624233157e-01  1.7465754700528655e+00  8.9846368414466982e-01
365    8.0000000000000004e-01  5.4452354624233157e-01  1.7465754700528655e+00  8.9846368414466982e-01
366    9.3333333333333346e-01  5.4452354624233157e-01  1.7465754700528655e+00  8.9846368414466982e-01
367    1.0000000000000000e+00  5.4452354624233157e-01  1.7465754700528655e+00  8.9846368414466982e-01
368    0.0000000000000000e+00  5.8485862374176356e-01  1.8759514307975220e+00  8.9846368414466982e-01
369    6.6666666666666680e-02  5.8485862374176356e-01  1.8759514307975220e+00  8.9846368414466982e-01
370    2.0000000000000004e-01  5.8485862374176356e-01  1.8759514307975220e+00  8.9846368414466982e-01
371    4.0000000000000008e-01  5.8485862374176356e-01  1.8759514307975222e+00  8.9846368414466982e-01
372    6.0000000000000009e-01  5.8485862374176356e-01  1.8759514307975220e+00  8.9846368414466982e-01
373    8.0000000000000004e-01  5.8485862374176356e-01  1.8759514307975220e+00  8.9846368414466982e-01
374    9.3333333333333346e-01  5.8485862374176356e-01  1.8759514307975220e+00  8.9846368414466982e-01
375    1.0000000000000000e+00  5.8485862374176356e-01  1.8759514307975220e+00  8.9846368414466982e-01
376    0.0000000000000000e+00  6.0502616249147956e-01  1.9406394111698504e+00  8.9846368414466982e-01
377    6.6666666666666680e-02  6.0502616249147956e-01  1.9406394111698504e+00  8.9846368414466982e-01
378    2.0000000000000004e-01  6.0502616249147956e-01  1.9406394111698504e+00  8.9846368414466982e-01
379    4.0000000000000008e-01  6.0502616249147956e-01  1.9406394111698504e+00  8.9846368414466982e-01
380    6.0000000000000009e-01  6.0502616249147956e-01  1.9406394111698504e+00  8.9846368414466982e-01
381    8.0000000000000004e-01  6.0502616249147956e-01  1.9406394111698504e+00  8.9846368414466982e-01
382    9.3333333333333346e-01  6.0502616249147956e-01  1.9406394111698504e+00  8.9846368414466982e-01
383    1.0000000000000000e+00  6.0502616249147956e-01  1.9406394111698504e+00  8.9846368414466982e-01
384    0.0000000000000000e+00  9.8112432999103175e-02  1.0000000000000000e+00  9.6094757082487303e-01
385    6.6666666666666666e-02  9.8112432999103188e-02  1.0000000000000000e+00  9.6094757082487303e-01
386    2.0000000000000001e-01  9.8112432999103188e-02  1.0000000000000000e+00  9.6094757082487303e-01
387    4.0000000000000002e-01  9.8112432999103175e-02  1.0000000000000000e+00  9.6094757082487303e-01
388    5.9999999999999998e-01  9.8112432999103188e-02  1.0000000000000000e+00  9.6094757082487303e-01
389    8.0000000000000004e-01  9.8112432999103188e-02  1.0000000000000000e+00  9.6094757082487303e-01
390    9.3333333333333335e-01  9.8112432999103188e-02  1.0000000000000000e+00  9.6094757082487303e-01
391    1.0000000000000000e+00  9.8112432999103175e-02  1.0000000000000000e+00  9.6094757082487303e-01
392    0.0000000000000000e+00  1.0465326186571007e-01  1.0666666666666667e+00  9.6094757082487303e-01
393    6.6666666666666666e-02  1.0465326186571007e-01  1.0666666666666667e+00  9.6094757082487303e-01
394    2.0000000000000004e-01  1.0465326186571007e-01  1.0666666666666667e+00  9.6094757082487303e-01
395    4.0000000000000002e-01  1.0465326186571007e-01  1.0666666666666667e+00  9.6094757082487303e-01
396    5.9999999999999998e-01  1.0465326186571007e-01  1.0666666666666667e+00  9.6094757082487303e-01
397    8.0000000000000004e-01  1.0465326186571007e-01  1.0666666666666667e+00  9.6094757082487303e-01
398    9.3333333333333335e-01  1.0465326186571007e-01  1.0666666666666667e+00  9.6094757082487303e-01
399    1.0000000000000000e+00  1.0465326186571007e-01  1.0666666666666667e+00  9.6094757082487303e-01
400    0.0000000000000000e+00  1.1773491959892382e-01  1.1999999999999997e+00  9.6094757082487303e-01
401    6.6666666666666666e-02  1.1773491959892382e-01  1.1999999999999997e+00  9.6094757082487303e-01
402    2.0000000000000004e-01  1.1773491959892382e-01  1.1999999999999997e+00  9.6094757082487303e-01
403    4.0000000000000008e-01  1.1773491959892382e-01  1.2000000000000000e+00  9.6094757082487303e-01
404    5.9999999999999998e-01  1.1773491959892382e-01  1.1999999999999997e+00  9.6094757082487303e-01
405    8.0000000000000004e-01  1.1773491959892382e-01  1.1999999999999997e+00  9.6094757082487303e-01
406    9.3333333333333335e-01  1.1773491959892382e-01  1.1999999999999997e+00  9.6094757082487303e-01
407    1.0000000000000000e+00  1.1773491959892382e-01  1.1999999999999997e+00  9.6094757082487303e-01
408    0.0000000000000000e+00  1.3735740619874445e-01  1.3999999999999999e+00  9.6094757082487303e-01
409    6.6666666666666666e-02  1.3735740619874448e-01  1.4000000000000001e+00  9.6094757082487303e-01
410    2.0000000000000004e-01  1.3735740619874448e-01  1.4000000000000001e+00  9.6094757082487303e-01
411    4.0000000000000008e-01  1.3735740619874445e-01  1.4000000000000001e+00  9.6094757082487303e-01
412    6.0000000000000009e-01  1.3735740619874448e-01  1.3999999999999999e+00  9.6094757082487303e-01
413    8.0000000000000004e-01  1.3735740619874448e-01  1.4000000000000001e+00  9.6094757082487303e-01
414    9.3333333333333335e-01  1.3735740619874448e-01  1.3999999999999999e+00  9.6094757082487303e-01
415    1.0000000000000000e+00  1.3735740619874445e-01  1.3999999999999999e+00  9.6094757082487303e-01
416    0.0000000000000000e+00  1.5697989279856508e-01  1.6000000000000001e+00  9.6094757082487303e-01
417    6.6666666666666666e-02  1.5697989279856511e-01  1.6000000000000001e+00  9.6094757082487303e-01
418    2.0000000000000001e-01  1.5697989279856511e-01  1.6000000000000001e+00  9.6094757082487303e-01
419    4.0000000000000002e-01  1.5697989279856508e-01  1.6000000000000001e+00  9.6094757082487303e-01
420    5.9999999999999998e-01  1.5697989279856511e-01  1.6000000000000001e+00  9.6094757082487303e-01
421    8.0000000000000004e-01  1.5697989279856511e-01  1.6000000000000001e+00  9.6094757082487303e-01
422    9.3333333333333335e-01  1.5697989279856511e-01  1.6000000000000001e+00  9.6094757082487303e-01
423    1.0000000000000000e+00  1.5697989279856508e-01  1.6000000000000001e+00  9.6094757082487303e-01
424    0.0000000000000000e+00  1.7660237939838572e-01  1.8000000000000003e+00  9.6094757082487303e-01
425    6.6666666666666666e-02  1.7660237939838572e-01  1.8000000000000003e+00  9.6094757082487303e-01
426    2.0000000000000001e-01  1.7660237939838572e-01  1.8000000000000003e+00  9.6094757082487303e-01
427    4.0000000000000002e-01  1.7660237939838572e-01  1.8000000000000003e+00  9.6094757082487303e-01
428    5.9999999999999998e-01  1.7660237939838572e-01  1.8000000000000003e+00  9.6094757082487303e-01
429    8.0000000000000004e-01  1.7660237939838572e-01  1.8000000000000003e+00  9.6094757082487303e-01
430    9.3333333333333335e-01  1.7660237939838572e-01  1.8000000000000003e+00  9.6094757082487303e-01
431    1.0000000000000000e+00  1.7660237939838572e-01  1.8000000000000003e+00  9.6094757082487303e-01
432    0.0000000000000000e+00  1.8968403713159948e-01  1.9333333333333333e+00  9.6094757082487303e-01
433    6.6666666666666666e-02  1.8968403713159948e-01  1.9333333333333333e+00  9.6094757082487303e-01
434    2.0000000000000001e-01  1.8968403713159948e-01  1.9333333333333333e+00  9.6094757082487303e-01
435    4.0000000000000002e-01  1.8968403713159948e-01  1.9333333333333336e+00  9.6094757082487303e-01
436    5.9999999999999998e-01  1.8968403713159948e-01  1.9333333333333333e+00  9.6094757082487303e-01
437    8.0000000000000004e-01  1.8968403713159948e-01  1.9333333333333333e+00  9.6094757082487303e-01
438    9.3333333333333335e-01  1.8968403713159948e-01  1.9333333333333333e+00  9.6094757082487303e-01
439    1.0000000000000000e+00  1.8968403713159948e-01  1.9333333333333333e+00  9.6094757082487303e-01
440    0.0000000000000000e+00  1.9622486599820635e-01  2.0000000000000000e+00  9.6094757082487303e-01
441    6.6666666666666666e-02  1.9622486599820638e-01  2.0000000000000000e+00  9.6094757082487303e-01
442    2.0000000000000001e-01  1.9622486599820638e-01  2.0000000000000000e+00  9.6094757082487303e-01
443    4.0000000000000002e-01  1.9622486599820635e-01  2.0000000000000000e+00  9.6094757082487303e-01
444    5.9999999999999998e-01  1.9622486599820638e-01  2.0000000000000000e+00  9.6094757082487303e-01
445    8.0000000000000004e-01  1.9622486599820638e-01  2.0000000000000000e+00  9.6094757082487303e-01
446    9.3333333333333335e-01  1.9622486599820638e-01  2.0000000000000000e+00  9.6094757082487303e-01
447    1.0000000000000000e+00  1.9622486599820635e-01  2.0000000000000000e+00  9.6094757082487303e-01
448    0.0000000000000000e+00  0.0000000000000000e+00  1.0000000000000000e+00  1.0000000000000000e+00
449    6.6666666666666680e-02  0.0000000000000000e+00  1.0000000000000000e+00  1.0000000000000000e+00
450    2.0000000000000004e-01  0.0000000000000000e+00  1.0000000000000000e+00  1.0000000000000000e+00
451    4.0000000000000008e-01  0.0000000000000000e+00  1.0000000000000000e+00  1.0000000000000000e+00
452    6.0000000000000009e-01  0.0000000000000000e+00  1.0000000000000000e+00  1.0000000000000000e+00
453    8.0000000000000004e-01  0.0000000000000000e+00  1.0000000000000000e+00  1.0000000000000000e+00
454    9.3333333333333335e-01  0.0000000000000000e+00  1.0000000000000000e+00  1.0000000000000000e+00
455    1.0000000000000000e+00  0.0000000000000000e+00  1.0000000000000000e+00  1.0000000000000000e+00
456    0.0000000000000000e+00  0.0000000000000000e+00  1.0666666666666667e+00  1.0000000000000000e+00
457    6.6666666666666680e-02  0.0000000000000000e+00  1.0666666666666667e+00  1.0000000000000000e+00
458    2.0000000000000004e-01  0.0000000000000000e+00  1.0666666666666667e+00  1.0000000000000000e+00
459    4.0000000000000008e-01  0.0000000000000000e+00  1.0666666666666669e+00  1.0000000000000000e+00
460    6.0000000000000009e-01  0.0000000000000000e+00  1.0666666666666667e+00  1.0000000000000000e+00
461    8.0000000000000016e-01  0.0000000000000000e+00  1.0666666666666667e+00  1.0000000000000000e+00
462    9.3333333333333335e-01  0.0000000000000000e+00  1.0666666666666667e+00  1.0000000000000000e+00
463    1.0000000000000000e+00  0.0000000000000000e+00  1.0666666666666667e+00  1.0000000000000000e+00
464    0.0000000000000000e+00  0.0000000000000000e+00  1.2000000000000000e+00  1.0000000000000000e+00
465    6.6666666666666680e-02  0.0000000000000000e+00  1.2000000000000000e+00  1.0000000000000000e+00
466    2.0000000000000007e-01  0.0000000000000000e+00  1.2000000000000000e+00  1.0000000000000000e+00
467    4.0000000000000013e-01  0.0000000000000000e+00  1.2000000000000002e+00  1.0000000000000000e+00
468    6.0000000000000009e-01  0.0000000000000000e+00  1.2000000000000000e+00  1.0000000000000000e+00
469    8.0000000000000016e-01  0.0000000000000000e+00  1.2000000000000000e+00  1.0000000000000000e+00
470    9.3333333333333335e-01  0.0000000000000000e+00  1.2000000000000000e+00  1.0000000000000000e+00
471    1.0000000000000000e+00  0.0000000000000000e+00  1.2000000000000000e+00  1.0000000000000000e+00
472    0.0000000000000000e+00  0.0000000000000000e+00  1.4000000000000001e+00  1.0000000000000000e+00
473    6.6666666666666680e-02  0.0000000000000000e+00  1.4000000000000004e+00  1.0000000000000000e+00
474    2.0000000000000007e-01  0.0000000000000000e+00  1.4000000000000004e+00  1.0000000000000000e+00
475    4.0000000000000013e-01  0.0000000000000000e+00  1.4000000000000004e+00  1.0000000000000000e+00
476    6.0000000000000020e-01  0.0000000000000000e+00  1.4000000000000001e+00  1.0000000000000000e+00
477    8.0000000000000004e-01  0.0000000000000000e+00  1.4000000000000004e+00  1.0000000000000000e+00
478    9.3333333333333335e-01  0.0000000000000000e+00  1.4000000000000001e+00  1.0000000000000000e+00
479    1.0000000000000000e+00  0.0000000000000000e+00  1.4000000000000001e+00  1.0000000000000000e+00
480    0.0000000000000000e+00  0.0000000000000000e+00  1.6000000000000001e+00  1.0000000000000000e+00
481    6.6666666666666680e-02  0.0000000000000000e+00  1.6000000000000001e+00  1.0000000000000000e+00
482    2.0000000000000004e-01  0.0000000000000000e+00  1.6000000000000001e+00  1.0000000000000000e+00
483    4.0000000000000008e-01  0.0000000000000000e+00  1.6000000000000001e+00  1.0000000000000000e+00
484    6.0000000000000009e-01  0.0000000000000000e+00  1.6000000000000001e+00  1.0000000000000000e+00
485    8.0000000000000004e-01  0.0000000000000000e+00  1.6000000000000001e+00  1.0000000000000000e+00
486    9.3333333333333335e-01  0.0000000000000000e+00  1.6000000000000001e+00  1.0000000000000000e+00
487    1.0000000000000000e+00  0.0000000000000000e+00  1.6000000000000001e+00  1.0000000000000000e+00
488    0.0000000000000000e+00  0.0000000000000000e+00  1.8000000000000003e+00  1.0000000000000000e+00
489    6.6666666666666680e-02  0.0000000000000000e+00  1.8000000000000003e+00  1.0000000000000000e+00
490    2.0000000000000004e-01  0.0000000000000000e+00  1.8000000000000003e+00  1.0000000000000000e+00
491    4.0000000000000008e-01  0.0000000000000000e+00  1.8000000000000003e+00  1.0000000000000000e+00
492    6.0000000000000009e-01  0.0000000000000000e+00  1.8000000000000003e+00  1.0000000000000000e+00
493    8.0000000000000004e-01  0.0000000000000000e+00  1.8000000000000003e+00  1.0000000000000000e+00
494    9.3333333333333335e-01  0.0000000000000000e+00  1.8000000000000003e+00  1.0000000000000000e+00
495    1.0000000000000000e+00  0.0000000000000000e+00  1.8000000000000003e+00  1.0000000000000000e+00
496    0.0000000000000000e+00  0.0000000000000000e+00  1.9333333333333333e+00  1.0000000000000000e+00
497    6.6666666666666680e-02  0.0000000000000000e+00  1.9333333333333333e+00  1.0000000000000000e+00
498    2.0000000000000004e-01  0.0000000000000000e+00  1.9333333333333333e+00  1.0000000000000000e+00
499    4.0000000000000008e-01  0.0000000000000000e+00  1.9333333333333333e+00  1.0000000000000000e+00
500    6.0000000000000009e-01  0.0000000000000000e+00  1.9333333333333333e+00  1.0000000000000000e+00
501    8.0000000000000004e-01  0.0000000000000000e+00  1.9333333333333333e+00  1.0000000000000000e+00
502    9.3333333333333335e-01  0.0000000000000000e+00  1.9333333333333333e+00  1.0000000000000000e+00
503    1.0000000000000000e+00  0.0000000000000000e+00  1.9333333333333333e+00  1.0000000000000000e+00
504    0.0000000000000000e+00  0.0000000000000000e+00  2.0000000000000000e+00  1.0000000000000000e+00
505    6.6666666666666680e-02  0.0000000000000000e+00  2.0000000000000000e+00  1.0000000000000000e+00
506    2.0000000000000004e-01  0.0000000000000000e+00  2.0000000000000000e+00  1.0000000000000000e+00
507    4.0000000000000008e-01  0.0000000000000000e+00  2.0000000000000000e+00  1.0000000000000000e+00
508    6.0000000000000009e-01  0.0000000000000000e+00  2.0000000000000000e+00  1.0000000000000000e+00
509    8.0000000000000004e-01  0.0000000000000000e+00  2.0000000000000000e+00  1.0000000000000000e+00
510    9.3333333333333335e-01  0.0000000000000000e+00  2.0000000000000000e+00  1.0000000000000000e+00
511    1.0000000000000000e+00  0.0000000000000000e+00  2.0000000000000000e+00  1.0000000000000000e+00
