206000  0.3

1

400

3	3

24	24

20	20

0   1   2   3   4   5   6   7   8   9   10   11   12   13   14   15   16   17   18   19   20   21   22   23   24   25   26   27   28   29   30   31   32   33   34   35   36   37   38   39   40   41   42   43   44   45   46   47   48   49   50   51   52   53   54   55   56   57   58   59   60   61   62   63   64   65   66   67   68   69   70   71   72   73   74   75   76   77   78   79   80   81   82   83   84   85   86   87   88   89   90   91   92   93   94   95   96   97   98   99   100   101   102   103   104   105   106   107   108   109   110   111   112   113   114   115   116   117   118   119   120   121   122   123   124   125   126   127   128   129   130   131   132   133   134   135   136   137   138   139   140   141   142   143   144   145   146   147   148   149   150   151   152   153   154   155   156   157   158   159   160   161   162   163   164   165   166   167   168   169   170   171   172   173   174   175   176   177   178   179   180   181   182   183   184   185   186   187   188   189   190   191   192   193   194   195   196   197   198   199   200   201   202   203   204   205   206   207   208   209   210   211   212   213   214   215   216   217   218   219   220   221   222   223   224   225   226   227   228   229   230   231   232   233   234   235   236   237   238   239   240   241   242   243   244   245   246   247   248   249   250   251   252   253   254   255   256   257   258   259   260   261   262   263   264   265   266   267   268   269   270   271   272   273   274   275   276   277   278   279   280   281   282   283   284   285   286   287   288   289   290   291   292   293   294   295   296   297   298   299   300   301   302   303   304   305   306   307   308   309   310   311   312   313   314   315   316   317   318   319   320   321   322   323   324   325   326   327   328   329   330   331   332   333   334   335   336   337   338   339   340   341   342   343   344   345   346   347   348   349   350   351   352   353   354   355   356   357   358   359   360   361   362   363   364   365   366   367   368   369   370   371   372   373   374   375   376   377   378   379   380   381   382   383   384   385   386   387   388   389   390   391   392   393   394   395   396   397   398   399

78  0   0

0.0000000000000000e+00	0.0000000000000000e+00	0.0000000000000000e+00	0.0000000000000000e+00	5.8823529411764705e-02	1.1764705882352941e-01	1.7647058823529413e-01	2.3529411764705882e-01	2.9411764705882354e-01	3.5294117647058826e-01	4.1176470588235292e-01	4.7058823529411764e-01	5.2941176470588236e-01	5.8823529411764708e-01	6.4705882352941180e-01	7.0588235294117652e-01	7.6470588235294112e-01	8.2352941176470584e-01	8.8235294117647056e-01	9.4117647058823528e-01	1.0000000000000000e+00	1.0000000000000000e+00	1.0000000000000000e+00	1.0000000000000000e+00
0.0000000000000000e+00	0.0000000000000000e+00	0.0000000000000000e+00	0.0000000000000000e+00	5.8823529411764705e-02	1.1764705882352941e-01	1.7647058823529413e-01	2.3529411764705882e-01	2.9411764705882354e-01	3.5294117647058826e-01	4.1176470588235292e-01	4.7058823529411764e-01	5.2941176470588236e-01	5.8823529411764708e-01	6.4705882352941180e-01	7.0588235294117652e-01	7.6470588235294112e-01	8.2352941176470584e-01	8.8235294117647056e-01	9.4117647058823528e-01	1.0000000000000000e+00	1.0000000000000000e+00	1.0000000000000000e+00	1.0000000000000000e+00

0	1.0000000000000000e+00	0.0000000000000000e+00	1.0000000000000000e+00
1	1.0245098039215685e+00	0.0000000000000000e+00	1.0000000000000000e+00
2	1.0735294117647061e+00	0.0000000000000000e+00	9.9999999999999989e-01
3	1.1470588235294119e+00	0.0000000000000000e+00	9.9999999999999978e-01
4	1.2205882352941178e+00	0.0000000000000000e+00	9.9999999999999989e-01
5	1.2941176470588236e+00	0.0000000000000000e+00	9.9999999999999978e-01
6	1.3676470588235294e+00	0.0000000000000000e+00	9.9999999999999989e-01
7	1.4411764705882351e+00	0.0000000000000000e+00	1.0000000000000000e+00
8	1.5147058823529413e+00	0.0000000000000000e+00	1.0000000000000000e+00
9	1.5882352941176472e+00	0.0000000000000000e+00	1.0000000000000000e+00
10	1.6617647058823530e+00	0.0000000000000000e+00	1.0000000000000000e+00
11	1.7352941176470589e+00	0.0000000000000000e+00	1.0000000000000000e+00
12	1.8088235294117647e+00	0.0000000000000000e+00	1.0000000000000000e+00
13	1.8823529411764708e+00	0.0000000000000000e+00	1.0000000000000000e+00
14	1.9558823529411764e+00	0.0000000000000000e+00	1.0000000000000000e+00
15	2.0294117647058822e+00	0.0000000000000000e+00	1.0000000000000000e+00
16	2.1029411764705879e+00	0.0000000000000000e+00	1.0000000000000000e+00
17	2.1764705882352944e+00	0.0000000000000000e+00	1.0000000000000000e+00
18	2.2254901960784315e+00	0.0000000000000000e+00	1.0000000000000000e+00
19	2.2500000000000000e+00	0.0000000000000000e+00	1.0000000000000000e+00
20	1.0000000000000000e+00	2.8051881849221205e-02	9.8851399141908025e-01
21	1.0245098039215685e+00	2.8739427972976624e-02	9.8851399141908025e-01
22	1.0735294117647061e+00	3.0114520220487481e-02	9.8851399141908014e-01
23	1.1470588235294119e+00	3.2177158591753748e-02	9.8851399141908003e-01
24	1.2205882352941178e+00	3.4239796963020000e-02	9.8851399141908014e-01
25	1.2941176470588236e+00	3.6302435334286273e-02	9.8851399141908003e-01
26	1.3676470588235292e+00	3.8365073705552533e-02	9.8851399141908014e-01
27	1.4411764705882351e+00	4.0427712076818806e-02	9.8851399141908025e-01
28	1.5147058823529413e+00	4.2490350448085072e-02	9.8851399141908025e-01
29	1.5882352941176472e+00	4.4552988819351338e-02	9.8851399141908025e-01
30	1.6617647058823530e+00	4.6615627190617605e-02	9.8851399141908025e-01
31	1.7352941176470589e+00	4.8678265561883871e-02	9.8851399141908025e-01
32	1.8088235294117645e+00	5.0740903933150130e-02	9.8851399141908025e-01
33	1.8823529411764708e+00	5.2803542304416397e-02	9.8851399141908025e-01
34	1.9558823529411766e+00	5.4866180675682656e-02	9.8851399141908025e-01
35	2.0294117647058827e+00	5.6928819046948922e-02	9.8851399141908025e-01
36	2.1029411764705879e+00	5.8991457418215175e-02	9.8851399141908025e-01
37	2.1764705882352944e+00	6.1054095789481462e-02	9.8851399141908025e-01
38	2.2254901960784319e+00	6.2429188036992295e-02	9.8851399141908025e-01
39	2.2500000000000000e+00	6.3116734160747714e-02	9.8851399141908025e-01
40	9.9761420919142418e-01	8.5049224911165011e-02	9.6689326938440789e-01
41	1.0220655378480767e+00	8.7133764737419059e-02	9.6689326938440789e-01
42	1.0709681951613819e+00	9.1302844389927182e-02	9.6689326938440778e-01
43	1.1443221811313395e+00	9.7556463868689311e-02	9.6689326938440767e-01
44	1.2176761671012972e+00	1.0381008334745141e-01	9.6689326938440778e-01
45	1.2910301530712553e+00	1.1006370282621358e-01	9.6689326938440756e-01
46	1.3643841390412126e+00	1.1631732230497568e-01	9.6689326938440778e-01
47	1.4377381250111698e+00	1.2257094178373783e-01	9.6689326938440789e-01
48	1.5110921109811279e+00	1.2882456126249997e-01	9.6689326938440789e-01
49	1.5844460969510858e+00	1.3507818074126210e-01	9.6689326938440789e-01
50	1.6578000829210431e+00	1.4133180022002426e-01	9.6689326938440789e-01
51	1.7311540688910005e+00	1.4758541969878639e-01	9.6689326938440789e-01
52	1.8045080548609584e+00	1.5383903917754846e-01	9.6689326938440789e-01
53	1.8778620408309161e+00	1.6009265865631067e-01	9.6689326938440789e-01
54	1.9512160268008736e+00	1.6634627813507274e-01	9.6689326938440789e-01
55	2.0245700127708313e+00	1.7259989761383490e-01	9.6689326938440789e-01
56	2.0979239987407885e+00	1.7885351709259700e-01	9.6689326938440789e-01
57	2.1712779847107475e+00	1.8510713657135919e-01	9.6689326938440789e-01
58	2.2201806420240517e+00	1.8927621622386723e-01	9.6689326938440789e-01
59	2.2446319706807043e+00	1.9136075605012132e-01	9.6689326938440789e-01
60	9.8648139515696109e-01	1.7167821234470554e-01	9.3851607171390017e-01
61	1.0106598607245336e+00	1.7588601166687967e-01	9.3851607171390017e-01
62	1.0590167918596789e+00	1.8430161031122802e-01	9.3851607171390017e-01
63	1.1315521885623967e+00	1.9692500827775050e-01	9.3851607171390017e-01
64	1.2040875852651143e+00	2.0954840624427296e-01	9.3851607171390006e-01
65	1.2766229819678321e+00	2.2217180421079538e-01	9.3851607171390006e-01
66	1.3491583786705499e+00	2.3479520217731789e-01	9.3851607171390006e-01
67	1.4216937753732677e+00	2.4741860014384034e-01	9.3851607171390017e-01
68	1.4942291720759853e+00	2.6004199811036283e-01	9.3851607171390017e-01
69	1.5667645687787033e+00	2.7266539607688528e-01	9.3851607171390017e-01
70	1.6392999654814207e+00	2.8528879404340773e-01	9.3851607171390028e-01
71	1.7118353621841387e+00	2.9791219200993024e-01	9.3851607171390028e-01
72	1.7843707588868563e+00	3.1053558997645270e-01	9.3851607171390017e-01
73	1.8569061555895745e+00	3.2315898794297521e-01	9.3851607171390017e-01
74	1.9294415522922919e+00	3.3578238590949755e-01	9.3851607171390017e-01
75	2.0019769489950092e+00	3.4840578387602011e-01	9.3851607171390017e-01
76	2.0745123456977272e+00	3.6102918184254251e-01	9.3851607171390017e-01
77	2.1470477424004448e+00	3.7365257980906502e-01	9.3851607171390017e-01
78	2.1954046735355899e+00	3.8206817845341329e-01	9.3851607171390017e-01
79	2.2195831391031624e+00	3.8627597777558753e-01	9.3851607171390017e-01
80	9.6719678025727251e-01	2.5940423119303857e-01	9.1419275942489386e-01
81	9.9090258369495066e-01	2.6576217803600516e-01	9.1419275942489386e-01
82	1.0383141905703073e+00	2.7847807172193850e-01	9.1419275942489386e-01
83	1.1094316008833420e+00	2.9755191225083838e-01	9.1419275942489386e-01
84	1.1805490111963768e+00	3.1662575277973826e-01	9.1419275942489375e-01
85	1.2516664215094115e+00	3.3569959330863813e-01	9.1419275942489375e-01
86	1.3227838318224461e+00	3.5477343383753812e-01	9.1419275942489375e-01
87	1.3939012421354811e+00	3.7384727436643800e-01	9.1419275942489386e-01
88	1.4650186524485158e+00	3.9292111489533788e-01	9.1419275942489386e-01
89	1.5361360627615506e+00	4.1199495542423781e-01	9.1419275942489386e-01
90	1.6072534730745855e+00	4.3106879595313774e-01	9.1419275942489386e-01
91	1.6783708833876201e+00	4.5014263648203767e-01	9.1419275942489386e-01
92	1.7494882937006548e+00	4.6921647701093744e-01	9.1419275942489386e-01
93	1.8206057040136898e+00	4.8829031753983743e-01	9.1419275942489386e-01
94	1.8917231143267244e+00	5.0736415806873725e-01	9.1419275942489386e-01
95	1.9628405246397591e+00	5.2643799859763718e-01	9.1419275942489386e-01
96	2.0339579349527939e+00	5.4551183912653700e-01	9.1419275942489386e-01
97	2.1050753452658286e+00	5.6458567965543704e-01	9.1419275942489386e-01
98	2.1524869521411847e+00	5.7730157334137011e-01	9.1419275942489386e-01
99	2.1761927555788634e+00	5.8365952018433687e-01	9.1419275942489386e-01
100	9.3935730583386701e-01	3.4712333514758997e-01	8.9392333251738854e-01
101	9.6238076921214799e-01	3.5563126002865825e-01	8.9392333251738854e-01
102	1.0084276959687102e+00	3.7264710979079518e-01	8.9392333251738842e-01
103	1.0774980861035535e+00	3.9817088443400028e-01	8.9392333251738831e-01
104	1.1465684762383965e+00	4.2369465907720538e-01	8.9392333251738831e-01
105	1.2156388663732398e+00	4.4921843372041054e-01	8.9392333251738831e-01
106	1.2847092565080829e+00	4.7474220836361569e-01	8.9392333251738831e-01
107	1.3537796466429257e+00	5.0026598300682079e-01	8.9392333251738854e-01
108	1.4228500367777692e+00	5.2578975765002589e-01	8.9392333251738854e-01
109	1.4919204269126125e+00	5.5131353229323110e-01	8.9392333251738854e-01
110	1.5609908170474558e+00	5.7683730693643631e-01	8.9392333251738854e-01
111	1.6300612071822986e+00	6.0236108157964130e-01	8.9392333251738854e-01
112	1.6991315973171419e+00	6.2788485622284651e-01	8.9392333251738854e-01
113	1.7682019874519850e+00	6.5340863086605161e-01	8.9392333251738854e-01
114	1.8372723775868280e+00	6.7893240550925671e-01	8.9392333251738854e-01
115	1.9063427677216713e+00	7.0445618015246203e-01	8.9392333251738854e-01
116	1.9754131578565142e+00	7.2997995479566680e-01	8.9392333251738854e-01
117	2.0444835479913577e+00	7.5550372943887223e-01	8.9392333251738854e-01
118	2.0905304747479199e+00	7.7251957920100878e-01	8.9392333251738854e-01
119	2.1135539381262007e+00	7.8102750408207733e-01	8.9392333251738854e-01
120	9.0275603264552662e-01	4.3361959554354029e-01	8.7770779099138430e-01
121	9.2488240599468152e-01	4.4424752680686236e-01	8.7770779099138430e-01
122	9.6913515269299177e-01	4.6550338933350660e-01	8.7770779099138418e-01
123	1.0355142727404569e+00	4.9738718312347285e-01	8.7770779099138418e-01
124	1.1018933927879222e+00	5.2927097691343894e-01	8.7770779099138407e-01
125	1.1682725128353875e+00	5.6115477070340525e-01	8.7770779099138407e-01
126	1.2346516328828527e+00	5.9303856449337145e-01	8.7770779099138407e-01
127	1.3010307529303173e+00	6.2492235828333753e-01	8.7770779099138430e-01
128	1.3674098729777828e+00	6.5680615207330384e-01	8.7770779099138430e-01
129	1.4337889930252481e+00	6.8868994586327004e-01	8.7770779099138430e-01
130	1.5001681130727134e+00	7.2057373965323623e-01	8.7770779099138430e-01
131	1.5665472331201784e+00	7.5245753344320243e-01	8.7770779099138430e-01
132	1.6329263531676439e+00	7.8434132723316863e-01	8.7770779099138430e-01
133	1.6993054732151087e+00	8.1622512102313483e-01	8.7770779099138430e-01
134	1.7656845932625738e+00	8.4810891481310091e-01	8.7770779099138430e-01
135	1.8320637133100395e+00	8.7999270860306722e-01	8.7770779099138430e-01
136	1.8984428333575041e+00	9.1187650239303331e-01	8.7770779099138430e-01
137	1.9648219534049698e+00	9.4376029618299961e-01	8.7770779099138430e-01
138	2.0090747001032794e+00	9.6501615870964375e-01	8.7770779099138430e-01
139	2.0312010734524351e+00	9.7564408997296581e-01	8.7770779099138430e-01
140	8.5741479680596122e-01	5.1760893872671043e-01	8.6554613484688103e-01
141	8.7842986535512702e-01	5.3029543232295329e-01	8.6554613484688103e-01
142	9.2046000245345849e-01	5.5566841951543910e-01	8.6554613484688103e-01
143	9.8350520810095576e-01	5.9372790030416789e-01	8.6554613484688103e-01
144	1.0465504137484527e+00	6.3178738109289656e-01	8.6554613484688092e-01
145	1.1095956193959502e+00	6.6984686188162523e-01	8.6554613484688092e-01
146	1.1726408250434472e+00	7.0790634267035391e-01	8.6554613484688092e-01
147	1.2356860306909443e+00	7.4596582345908269e-01	8.6554613484688103e-01
148	1.2987312363384416e+00	7.8402530424781136e-01	8.6554613484688103e-01
149	1.3617764419859386e+00	8.2208478503654003e-01	8.6554613484688103e-01
150	1.4248216476334357e+00	8.6014426582526871e-01	8.6554613484688114e-01
151	1.4878668532809329e+00	8.9820374661399738e-01	8.6554613484688114e-01
152	1.5509120589284304e+00	9.3626322740272627e-01	8.6554613484688103e-01
153	1.6139572645759277e+00	9.7432270819145506e-01	8.6554613484688103e-01
154	1.6770024702234243e+00	1.0123821889801834e+00	8.6554613484688103e-01
155	1.7400476758709218e+00	1.0504416697689125e+00	8.6554613484688103e-01
156	1.8030928815184186e+00	1.0885011505576410e+00	8.6554613484688103e-01
157	1.8661380871659161e+00	1.1265606313463696e+00	8.6554613484688103e-01
158	1.9081682242642477e+00	1.1519336185388556e+00	8.6554613484688103e-01
159	1.9291832928134132e+00	1.1646201121350985e+00	8.6554613484688103e-01
160	8.0360480994710703e-01	5.9779341215195214e-01	8.5743836408387897e-01
161	8.2330100626934011e-01	6.1244521146940201e-01	8.5743836408387897e-01
162	8.6269339891380592e-01	6.4174881010430163e-01	8.5743836408387897e-01
163	9.2178198788050514e-01	6.8570420805665100e-01	8.5743836408387886e-01
164	9.8087057684720413e-01	7.2965960600900037e-01	8.5743836408387886e-01
165	1.0399591658139034e+00	7.7361500396134986e-01	8.5743836408387886e-01
166	1.0990477547806021e+00	8.1757040191369934e-01	8.5743836408387886e-01
167	1.1581363437473013e+00	8.6152579986604871e-01	8.5743836408387897e-01
168	1.2172249327140003e+00	9.0548119781839809e-01	8.5743836408387897e-01
169	1.2763135216806993e+00	9.4943659577074768e-01	8.5743836408387897e-01
170	1.3354021106473986e+00	9.9339199372309694e-01	8.5743836408387897e-01
171	1.3944906996140973e+00	1.0373473916754465e+00	8.5743836408387897e-01
172	1.4535792885807968e+00	1.0813027896277958e+00	8.5743836408387897e-01
173	1.5126678775474958e+00	1.1252581875801455e+00	8.5743836408387897e-01
174	1.5717564665141948e+00	1.1692135855324945e+00	8.5743836408387897e-01
175	1.6308450554808935e+00	1.2131689834848443e+00	8.5743836408387897e-01
176	1.6899336444475925e+00	1.2571243814371933e+00	8.5743836408387897e-01
177	1.7490222334142917e+00	1.3010797793895430e+00	8.5743836408387897e-01
178	1.7884146260587577e+00	1.3303833780244425e+00	8.5743836408387897e-01
179	1.8081108223809910e+00	1.3450351773418923e+00	8.5743836408387897e-01
180	7.4185154504482520e-01	6.7292185288401929e-01	8.5338447870237788e-01
181	7.6003418095278641e-01	6.8941503555274519e-01	8.5338447870237788e-01
182	7.9639945276870916e-01	7.2240140089019722e-01	8.5338447870237788e-01
183	8.5094736049259345e-01	7.7188094889637515e-01	8.5338447870237788e-01
184	9.0549526821647774e-01	8.2136049690255297e-01	8.5338447870237777e-01
185	9.6004317594036204e-01	8.7084004490873090e-01	8.5338447870237777e-01
186	1.0145910836642462e+00	9.2031959291490861e-01	8.5338447870237777e-01
187	1.0691389913881304e+00	9.6979914092108654e-01	8.5338447870237788e-01
188	1.1236868991120146e+00	1.0192786889272647e+00	8.5338447870237788e-01
189	1.1782348068358990e+00	1.0687582369334423e+00	8.5338447870237788e-01
190	1.2327827145597829e+00	1.1182377849396203e+00	8.5338447870237799e-01
191	1.2873306222836669e+00	1.1677173329457982e+00	8.5338447870237799e-01
192	1.3418785300075515e+00	1.2171968809519762e+00	8.5338447870237788e-01
193	1.3964264377314357e+00	1.2666764289581542e+00	8.5338447870237788e-01
194	1.4509743454553197e+00	1.3161559769643318e+00	8.5338447870237788e-01
195	1.5055222531792041e+00	1.3656355249705097e+00	8.5338447870237788e-01
196	1.5600701609030880e+00	1.4151150729766875e+00	8.5338447870237788e-01
197	1.6146180686269724e+00	1.4645946209828657e+00	8.5338447870237788e-01
198	1.6509833404428949e+00	1.4975809863203173e+00	8.5338447870237788e-01
199	1.6691659763508568e+00	1.5140741689890436e+00	8.5338447870237788e-01
200	6.7292185288401918e-01	7.4185154504482520e-01	8.5338447870237788e-01
201	6.8941503555274519e-01	7.6003418095278641e-01	8.5338447870237788e-01
202	7.2240140089019722e-01	7.9639945276870938e-01	8.5338447870237777e-01
203	7.7188094889637515e-01	8.5094736049259367e-01	8.5338447870237777e-01
204	8.2136049690255286e-01	9.0549526821647763e-01	8.5338447870237777e-01
205	8.7084004490873068e-01	9.6004317594036204e-01	8.5338447870237777e-01
206	9.2031959291490861e-01	1.0145910836642462e+00	8.5338447870237777e-01
207	9.6979914092108654e-01	1.0691389913881302e+00	8.5338447870237788e-01
208	1.0192786889272643e+00	1.1236868991120146e+00	8.5338447870237788e-01
209	1.0687582369334423e+00	1.1782348068358990e+00	8.5338447870237788e-01
210	1.1182377849396199e+00	1.2327827145597827e+00	8.5338447870237810e-01
211	1.1677173329457977e+00	1.2873306222836669e+00	8.5338447870237810e-01
212	1.2171968809519760e+00	1.3418785300075515e+00	8.5338447870237788e-01
213	1.2666764289581540e+00	1.3964264377314357e+00	8.5338447870237788e-01
214	1.3161559769643316e+00	1.4509743454553194e+00	8.5338447870237788e-01
215	1.3656355249705097e+00	1.5055222531792041e+00	8.5338447870237788e-01
216	1.4151150729766873e+00	1.5600701609030880e+00	8.5338447870237788e-01
217	1.4645946209828655e+00	1.6146180686269722e+00	8.5338447870237788e-01
218	1.4975809863203171e+00	1.6509833404428949e+00	8.5338447870237788e-01
219	1.5140741689890431e+00	1.6691659763508568e+00	8.5338447870237788e-01
220	5.9779341215195214e-01	8.0360480994710703e-01	8.5743836408387897e-01
221	6.1244521146940201e-01	8.2330100626934022e-01	8.5743836408387897e-01
222	6.4174881010430151e-01	8.6269339891380625e-01	8.5743836408387897e-01
223	6.8570420805665089e-01	9.2178198788050514e-01	8.5743836408387897e-01
224	7.2965960600900026e-01	9.8087057684720413e-01	8.5743836408387897e-01
225	7.7361500396134975e-01	1.0399591658139034e+00	8.5743836408387897e-01
226	8.1757040191369912e-01	1.0990477547806021e+00	8.5743836408387897e-01
227	8.6152579986604860e-01	1.1581363437473013e+00	8.5743836408387897e-01
228	9.0548119781839809e-01	1.2172249327140006e+00	8.5743836408387897e-01
229	9.4943659577074746e-01	1.2763135216806996e+00	8.5743836408387897e-01
230	9.9339199372309694e-01	1.3354021106473983e+00	8.5743836408387908e-01
231	1.0373473916754461e+00	1.3944906996140978e+00	8.5743836408387908e-01
232	1.0813027896277958e+00	1.4535792885807968e+00	8.5743836408387897e-01
233	1.1252581875801455e+00	1.5126678775474960e+00	8.5743836408387897e-01
234	1.1692135855324945e+00	1.5717564665141948e+00	8.5743836408387897e-01
235	1.2131689834848443e+00	1.6308450554808940e+00	8.5743836408387897e-01
236	1.2571243814371933e+00	1.6899336444475928e+00	8.5743836408387897e-01
237	1.3010797793895430e+00	1.7490222334142922e+00	8.5743836408387897e-01
238	1.3303833780244425e+00	1.7884146260587579e+00	8.5743836408387897e-01
239	1.3450351773418923e+00	1.8081108223809910e+00	8.5743836408387897e-01
240	5.1760893872671021e-01	8.5741479680596144e-01	8.6554613484688114e-01
241	5.3029543232295318e-01	8.7842986535512713e-01	8.6554613484688114e-01
242	5.5566841951543888e-01	9.2046000245345860e-01	8.6554613484688114e-01
243	5.9372790030416756e-01	9.8350520810095565e-01	8.6554613484688114e-01
244	6.3178738109289645e-01	1.0465504137484529e+00	8.6554613484688092e-01
245	6.6984686188162523e-01	1.1095956193959502e+00	8.6554613484688092e-01
246	7.0790634267035379e-01	1.1726408250434472e+00	8.6554613484688092e-01
247	7.4596582345908247e-01	1.2356860306909443e+00	8.6554613484688114e-01
248	7.8402530424781125e-01	1.2987312363384416e+00	8.6554613484688114e-01
249	8.2208478503653992e-01	1.3617764419859388e+00	8.6554613484688114e-01
250	8.6014426582526871e-01	1.4248216476334359e+00	8.6554613484688114e-01
251	8.9820374661399716e-01	1.4878668532809332e+00	8.6554613484688114e-01
252	9.3626322740272594e-01	1.5509120589284304e+00	8.6554613484688114e-01
253	9.7432270819145472e-01	1.6139572645759275e+00	8.6554613484688114e-01
254	1.0123821889801832e+00	1.6770024702234243e+00	8.6554613484688114e-01
255	1.0504416697689121e+00	1.7400476758709218e+00	8.6554613484688114e-01
256	1.0885011505576405e+00	1.8030928815184184e+00	8.6554613484688114e-01
257	1.1265606313463694e+00	1.8661380871659159e+00	8.6554613484688114e-01
258	1.1519336185388549e+00	1.9081682242642475e+00	8.6554613484688114e-01
259	1.1646201121350981e+00	1.9291832928134132e+00	8.6554613484688114e-01
260	4.3361959554354029e-01	9.0275603264552673e-01	8.7770779099138430e-01
261	4.4424752680686241e-01	9.2488240599468174e-01	8.7770779099138430e-01
262	4.6550338933350655e-01	9.6913515269299200e-01	8.7770779099138418e-01
263	4.9738718312347280e-01	1.0355142727404572e+00	8.7770779099138418e-01
264	5.2927097691343894e-01	1.1018933927879224e+00	8.7770779099138418e-01
265	5.6115477070340525e-01	1.1682725128353875e+00	8.7770779099138418e-01
266	5.9303856449337145e-01	1.2346516328828527e+00	8.7770779099138418e-01
267	6.2492235828333753e-01	1.3010307529303178e+00	8.7770779099138430e-01
268	6.5680615207330384e-01	1.3674098729777830e+00	8.7770779099138430e-01
269	6.8868994586327004e-01	1.4337889930252485e+00	8.7770779099138430e-01
270	7.2057373965323623e-01	1.5001681130727134e+00	8.7770779099138441e-01
271	7.5245753344320232e-01	1.5665472331201786e+00	8.7770779099138441e-01
272	7.8434132723316863e-01	1.6329263531676439e+00	8.7770779099138430e-01
273	8.1622512102313483e-01	1.6993054732151094e+00	8.7770779099138430e-01
274	8.4810891481310102e-01	1.7656845932625742e+00	8.7770779099138430e-01
275	8.7999270860306733e-01	1.8320637133100397e+00	8.7770779099138430e-01
276	9.1187650239303342e-01	1.8984428333575047e+00	8.7770779099138430e-01
277	9.4376029618299961e-01	1.9648219534049700e+00	8.7770779099138430e-01
278	9.6501615870964352e-01	2.0090747001032803e+00	8.7770779099138430e-01
279	9.7564408997296592e-01	2.0312010734524351e+00	8.7770779099138430e-01
280	3.4712333514758986e-01	9.3935730583386701e-01	8.9392333251738854e-01
281	3.5563126002865830e-01	9.6238076921214810e-01	8.9392333251738854e-01
282	3.7264710979079502e-01	1.0084276959687102e+00	8.9392333251738854e-01
283	3.9817088443400023e-01	1.0774980861035535e+00	8.9392333251738854e-01
284	4.2369465907720538e-01	1.1465684762383967e+00	8.9392333251738842e-01
285	4.4921843372041054e-01	1.2156388663732400e+00	8.9392333251738831e-01
286	4.7474220836361564e-01	1.2847092565080831e+00	8.9392333251738842e-01
287	5.0026598300682079e-01	1.3537796466429259e+00	8.9392333251738854e-01
288	5.2578975765002589e-01	1.4228500367777694e+00	8.9392333251738854e-01
289	5.5131353229323110e-01	1.4919204269126127e+00	8.9392333251738854e-01
290	5.7683730693643609e-01	1.5609908170474553e+00	8.9392333251738865e-01
291	6.0236108157964119e-01	1.6300612071822989e+00	8.9392333251738865e-01
292	6.2788485622284640e-01	1.6991315973171421e+00	8.9392333251738854e-01
293	6.5340863086605161e-01	1.7682019874519852e+00	8.9392333251738854e-01
294	6.7893240550925671e-01	1.8372723775868280e+00	8.9392333251738854e-01
295	7.0445618015246203e-01	1.9063427677216715e+00	8.9392333251738854e-01
296	7.2997995479566702e-01	1.9754131578565146e+00	8.9392333251738854e-01
297	7.5550372943887223e-01	2.0444835479913577e+00	8.9392333251738854e-01
298	7.7251957920100889e-01	2.0905304747479199e+00	8.9392333251738854e-01
299	7.8102750408207733e-01	2.1135539381262012e+00	8.9392333251738854e-01
300	2.5940423119303857e-01	9.6719678025727251e-01	9.1419275942489397e-01
301	2.6576217803600527e-01	9.9090258369495077e-01	9.1419275942489397e-01
302	2.7847807172193850e-01	1.0383141905703073e+00	9.1419275942489386e-01
303	2.9755191225083844e-01	1.1094316008833423e+00	9.1419275942489386e-01
304	3.1662575277973837e-01	1.1805490111963770e+00	9.1419275942489375e-01
305	3.3569959330863836e-01	1.2516664215094118e+00	9.1419275942489375e-01
306	3.5477343383753818e-01	1.3227838318224465e+00	9.1419275942489375e-01
307	3.7384727436643805e-01	1.3939012421354808e+00	9.1419275942489397e-01
308	3.9292111489533788e-01	1.4650186524485158e+00	9.1419275942489397e-01
309	4.1199495542423786e-01	1.5361360627615508e+00	9.1419275942489397e-01
310	4.3106879595313780e-01	1.6072534730745855e+00	9.1419275942489397e-01
311	4.5014263648203762e-01	1.6783708833876203e+00	9.1419275942489397e-01
312	4.6921647701093749e-01	1.7494882937006548e+00	9.1419275942489397e-01
313	4.8829031753983754e-01	1.8206057040136896e+00	9.1419275942489397e-01
314	5.0736415806873725e-01	1.8917231143267244e+00	9.1419275942489397e-01
315	5.2643799859763729e-01	1.9628405246397591e+00	9.1419275942489397e-01
316	5.4551183912653711e-01	2.0339579349527939e+00	9.1419275942489397e-01
317	5.6458567965543693e-01	2.1050753452658286e+00	9.1419275942489397e-01
318	5.7730157334137022e-01	2.1524869521411847e+00	9.1419275942489397e-01
319	5.8365952018433687e-01	2.1761927555788629e+00	9.1419275942489397e-01
320	1.7167821234470554e-01	9.8648139515696109e-01	9.3851607171390028e-01
321	1.7588601166687970e-01	1.0106598607245336e+00	9.3851607171390028e-01
322	1.8430161031122796e-01	1.0590167918596787e+00	9.3851607171390028e-01
323	1.9692500827775047e-01	1.1315521885623965e+00	9.3851607171390028e-01
324	2.0954840624427293e-01	1.2040875852651143e+00	9.3851607171390017e-01
325	2.2217180421079541e-01	1.2766229819678321e+00	9.3851607171390017e-01
326	2.3479520217731786e-01	1.3491583786705499e+00	9.3851607171390017e-01
327	2.4741860014384032e-01	1.4216937753732675e+00	9.3851607171390028e-01
328	2.6004199811036283e-01	1.4942291720759855e+00	9.3851607171390028e-01
329	2.7266539607688528e-01	1.5667645687787031e+00	9.3851607171390028e-01
330	2.8528879404340768e-01	1.6392999654814207e+00	9.3851607171390039e-01
331	2.9791219200993013e-01	1.7118353621841385e+00	9.3851607171390039e-01
332	3.1053558997645264e-01	1.7843707588868563e+00	9.3851607171390028e-01
333	3.2315898794297521e-01	1.8569061555895743e+00	9.3851607171390028e-01
334	3.3578238590949760e-01	1.9294415522922916e+00	9.3851607171390028e-01
335	3.4840578387602006e-01	2.0019769489950092e+00	9.3851607171390028e-01
336	3.6102918184254257e-01	2.0745123456977268e+00	9.3851607171390028e-01
337	3.7365257980906502e-01	2.1470477424004448e+00	9.3851607171390028e-01
338	3.8206817845341323e-01	2.1954046735355899e+00	9.3851607171390028e-01
339	3.8627597777558748e-01	2.2195831391031624e+00	9.3851607171390028e-01
340	8.5049224911165025e-02	9.9761420919142418e-01	9.6689326938440789e-01
341	8.7133764737419073e-02	1.0220655378480767e+00	9.6689326938440789e-01
342	9.1302844389927154e-02	1.0709681951613819e+00	9.6689326938440778e-01
343	9.7556463868689311e-02	1.1443221811313395e+00	9.6689326938440767e-01
344	1.0381008334745141e-01	1.2176761671012972e+00	9.6689326938440778e-01
345	1.1006370282621358e-01	1.2910301530712551e+00	9.6689326938440767e-01
346	1.1631732230497570e-01	1.3643841390412126e+00	9.6689326938440778e-01
347	1.2257094178373783e-01	1.4377381250111698e+00	9.6689326938440789e-01
348	1.2882456126249994e-01	1.5110921109811279e+00	9.6689326938440789e-01
349	1.3507818074126210e-01	1.5844460969510856e+00	9.6689326938440789e-01
350	1.4133180022002426e-01	1.6578000829210431e+00	9.6689326938440789e-01
351	1.4758541969878633e-01	1.7311540688910008e+00	9.6689326938440789e-01
352	1.5383903917754846e-01	1.8045080548609584e+00	9.6689326938440789e-01
353	1.6009265865631067e-01	1.8778620408309163e+00	9.6689326938440789e-01
354	1.6634627813507274e-01	1.9512160268008738e+00	9.6689326938440789e-01
355	1.7259989761383493e-01	2.0245700127708313e+00	9.6689326938440789e-01
356	1.7885351709259703e-01	2.0979239987407889e+00	9.6689326938440789e-01
357	1.8510713657135913e-01	2.1712779847107471e+00	9.6689326938440789e-01
358	1.8927621622386726e-01	2.2201806420240517e+00	9.6689326938440789e-01
359	1.9136075605012132e-01	2.2446319706807043e+00	9.6689326938440789e-01
360	2.8051881849221208e-02	1.0000000000000000e+00	9.8851399141908025e-01
361	2.8739427972976631e-02	1.0245098039215685e+00	9.8851399141908025e-01
362	3.0114520220487474e-02	1.0735294117647061e+00	9.8851399141908014e-01
363	3.2177158591753748e-02	1.1470588235294119e+00	9.8851399141908003e-01
364	3.4239796963020000e-02	1.2205882352941178e+00	9.8851399141908014e-01
365	3.6302435334286280e-02	1.2941176470588236e+00	9.8851399141908003e-01
366	3.8365073705552533e-02	1.3676470588235292e+00	9.8851399141908014e-01
367	4.0427712076818806e-02	1.4411764705882351e+00	9.8851399141908025e-01
368	4.2490350448085065e-02	1.5147058823529413e+00	9.8851399141908025e-01
369	4.4552988819351338e-02	1.5882352941176472e+00	9.8851399141908025e-01
370	4.6615627190617605e-02	1.6617647058823530e+00	9.8851399141908025e-01
371	4.8678265561883857e-02	1.7352941176470589e+00	9.8851399141908025e-01
372	5.0740903933150124e-02	1.8088235294117647e+00	9.8851399141908025e-01
373	5.2803542304416404e-02	1.8823529411764708e+00	9.8851399141908025e-01
374	5.4866180675682656e-02	1.9558823529411766e+00	9.8851399141908025e-01
375	5.6928819046948929e-02	2.0294117647058827e+00	9.8851399141908025e-01
376	5.8991457418215189e-02	2.1029411764705879e+00	9.8851399141908025e-01
377	6.1054095789481455e-02	2.1764705882352944e+00	9.8851399141908025e-01
378	6.2429188036992295e-02	2.2254901960784319e+00	9.8851399141908025e-01
379	6.3116734160747714e-02	2.2500000000000000e+00	9.8851399141908025e-01
380	0.0000000000000000e+00	1.0000000000000000e+00	1.0000000000000000e+00
381	0.0000000000000000e+00	1.0245098039215685e+00	1.0000000000000000e+00
382	0.0000000000000000e+00	1.0735294117647061e+00	9.9999999999999989e-01
383	0.0000000000000000e+00	1.1470588235294119e+00	9.9999999999999978e-01
384	0.0000000000000000e+00	1.2205882352941178e+00	9.9999999999999989e-01
385	0.0000000000000000e+00	1.2941176470588236e+00	9.9999999999999978e-01
386	0.0000000000000000e+00	1.3676470588235294e+00	9.9999999999999989e-01
387	0.0000000000000000e+00	1.4411764705882351e+00	1.0000000000000000e+00
388	0.0000000000000000e+00	1.5147058823529413e+00	1.0000000000000000e+00
389	0.0000000000000000e+00	1.5882352941176472e+00	1.0000000000000000e+00
390	0.0000000000000000e+00	1.6617647058823530e+00	1.0000000000000000e+00
391	0.0000000000000000e+00	1.7352941176470589e+00	1.0000000000000000e+00
392	0.0000000000000000e+00	1.8088235294117647e+00	1.0000000000000000e+00
393	0.0000000000000000e+00	1.8823529411764708e+00	1.0000000000000000e+00
394	0.0000000000000000e+00	1.9558823529411764e+00	1.0000000000000000e+00
395	0.0000000000000000e+00	2.0294117647058822e+00	1.0000000000000000e+00
396	0.0000000000000000e+00	2.1029411764705879e+00	1.0000000000000000e+00
397	0.0000000000000000e+00	2.1764705882352944e+00	1.0000000000000000e+00
398	0.0000000000000000e+00	2.2254901960784315e+00	1.0000000000000000e+00
399	0.0000000000000000e+00	2.2500000000000000e+00	1.0000000000000000e+00

0   1   0.0
1   1   0.0
2   1   0.0
3   1   0.0
4   1   0.0
5   1   0.0
6   1   0.0
7   1   0.0
8   1   0.0
9   1   0.0
10  1   0.0
11  1   0.0
12  1   0.0
13  1   0.0
14  1   0.0
15  1   0.0
16  1   0.0
17  1   0.0
18  1   0.0
19  1   0.0
39  1   0.0
59  1   0.0
79  1   0.0
99  1   0.0
119 1   0.0
139 1   0.0
159 1   0.0
179 1   0.0
199 1   0.0
219 1   0.0
239 1   0.0
259 1   0.0
279 1   0.0
299 1   0.0
319 1   0.0
339 1   0.0
359 1   0.0
379 1   0.0
399 1   0.0
19  0   0.0
39  0   0.0
59  0   0.0
79  0   0.0
99  0   0.0
119 0   0.0
139 0   0.0
159 0   0.0
179 0   0.0
199 0   0.0
219 0   0.0
239 0   0.0
259 0   0.0
279 0   0.0
299 0   0.0
319 0   0.0
339 0   0.0
359 0   0.0
379 0   0.0
380 0   0.0
381 0   0.0
382 0   0.0
383 0   0.0
384 0   0.0
385 0   0.0
386 0   0.0
387 0   0.0
388 0   0.0
389 0   0.0
390 0   0.0
391 0   0.0
392 0   0.0
393 0   0.0
394 0   0.0
395 0   0.0
396 0   0.0
397 0   0.0
398 0   0.0
399 0   0.0