206000  0.3

1

100

3	3

14	14

10	10

0   1   2   3   4   5   6   7   8   9   10   11   12   13   14   15   16   17   18   19   20   21   22   23   24   25   26   27   28   29   30   31   32   33   34   35   36   37   38   39   40   41   42   43   44   45   46   47   48   49   50   51   52   53   54   55   56   57   58   59   60   61   62   63   64   65   66   67   68   69   70   71   72   73   74   75   76   77   78   79   80   81   82   83   84   85   86   87   88   89   90   91   92   93   94   95   96   97   98   99

38  0   0

0.0000000000000000e+00	0.0000000000000000e+00	0.0000000000000000e+00	0.0000000000000000e+00	1.4285714285714285e-01	2.8571428571428570e-01	4.2857142857142855e-01	5.7142857142857140e-01	7.1428571428571430e-01	8.5714285714285710e-01	1.0000000000000000e+00	1.0000000000000000e+00	1.0000000000000000e+00	1.0000000000000000e+00
0.0000000000000000e+00	0.0000000000000000e+00	0.0000000000000000e+00	0.0000000000000000e+00	1.4285714285714285e-01	2.8571428571428570e-01	4.2857142857142855e-01	5.7142857142857140e-01	7.1428571428571430e-01	8.5714285714285710e-01	1.0000000000000000e+00	1.0000000000000000e+00	1.0000000000000000e+00	1.0000000000000000e+00

0	1.0000000000000000e+00	0.0000000000000000e+00	1.0000000000000000e+00
1	1.0595238095238095e+00	0.0000000000000000e+00	1.0000000000000000e+00
2	1.1785714285714286e+00	0.0000000000000000e+00	1.0000000000000000e+00
3	1.3571428571428572e+00	0.0000000000000000e+00	9.9999999999999989e-01
4	1.5357142857142856e+00	0.0000000000000000e+00	1.0000000000000000e+00
5	1.7142857142857144e+00	0.0000000000000000e+00	1.0000000000000000e+00
6	1.8928571428571428e+00	0.0000000000000000e+00	1.0000000000000000e+00
7	2.0714285714285716e+00	0.0000000000000000e+00	1.0000000000000000e+00
8	2.1904761904761902e+00	0.0000000000000000e+00	1.0000000000000000e+00
9	2.2500000000000000e+00	0.0000000000000000e+00	1.0000000000000000e+00
10	1.0000000000000000e+00	6.9275926699411725e-02	9.7210540773205223e-01
11	1.0595238095238098e+00	7.3399493764852899e-02	9.7210540773205223e-01
12	1.1785714285714286e+00	8.1646627895735235e-02	9.7210540773205223e-01
13	1.3571428571428572e+00	9.4017329092058760e-02	9.7210540773205212e-01
14	1.5357142857142856e+00	1.0638803028838230e-01	9.7210540773205223e-01
15	1.7142857142857146e+00	1.1875873148470582e-01	9.7210540773205223e-01
16	1.8928571428571428e+00	1.3112943268102939e-01	9.7210540773205223e-01
17	2.0714285714285716e+00	1.4350013387735286e-01	9.7210540773205223e-01
18	2.1904761904761902e+00	1.5174726800823521e-01	9.7210540773205223e-01
19	2.2500000000000000e+00	1.5587083507367638e-01	9.7210540773205223e-01
20	9.8528005335336311e-01	2.1248285440492004e-01	9.2428610670128442e-01
21	1.0439276755767775e+00	2.2513064335759381e-01	9.2428610670128453e-01
22	1.1612229200236064e+00	2.5042622126294145e-01	9.2428610670128442e-01
23	1.3371657866938502e+00	2.8836958812096297e-01	9.2428610670128419e-01
24	1.5131086533640932e+00	3.2631295497898438e-01	9.2428610670128442e-01
25	1.6890515200343368e+00	3.6425632183700585e-01	9.2428610670128442e-01
26	1.8649943867045800e+00	4.0219968869502731e-01	9.2428610670128442e-01
27	2.0409372533748238e+00	4.4014305555304861e-01	9.2428610670128442e-01
28	2.1582324978216523e+00	4.6543863345839626e-01	9.2428610670128442e-01
29	2.2168801200450670e+00	4.7808642241107013e-01	9.2428610670128442e-01
30	9.1462319908904877e-01	4.2564697568996424e-01	8.7646680567051660e-01
31	9.6906505617768246e-01	4.5098310519531920e-01	8.7646680567051671e-01
32	1.0779487703549504e+00	5.0165536420602919e-01	8.7646680567051660e-01
33	1.2412743416208523e+00	5.7766375272209436e-01	8.7646680567051638e-01
34	1.4045999128867532e+00	6.5367214123815942e-01	8.7646680567051660e-01
35	1.5679254841526553e+00	7.2968052975422448e-01	8.7646680567051660e-01
36	1.7312510554185565e+00	8.0568891827028966e-01	8.7646680567051660e-01
37	1.8945766266844586e+00	8.8169730678635450e-01	8.7646680567051660e-01
38	2.0034603408617255e+00	9.3236956579706454e-01	8.7646680567051660e-01
39	2.0579021979503596e+00	9.5770569530241956e-01	8.7646680567051660e-01
40	7.9254089039093678e-01	6.2497776339900124e-01	8.5255715515513286e-01
41	8.3971594339039735e-01	6.6217882074417989e-01	8.5255715515513286e-01
42	9.3406604938931825e-01	7.3658093543453718e-01	8.5255715515513286e-01
43	1.0755912083877004e+00	8.4818410747007322e-01	8.5255715515513253e-01
44	1.2171163673860814e+00	9.5978727950560905e-01	8.5255715515513286e-01
45	1.3586415263844633e+00	1.0713904515411450e+00	8.5255715515513286e-01
46	1.5001666853828448e+00	1.1829936235766811e+00	8.5255715515513286e-01
47	1.6416918443812265e+00	1.2945967956122169e+00	8.5255715515513286e-01
48	1.7360419503801474e+00	1.3689989103025741e+00	8.5255715515513286e-01
49	1.7832170033796082e+00	1.4061999676477528e+00	8.5255715515513286e-01
50	6.2497776339900124e-01	7.9254089039093689e-01	8.5255715515513286e-01
51	6.6217882074418000e-01	8.3971594339039746e-01	8.5255715515513286e-01
52	7.3658093543453718e-01	9.3406604938931836e-01	8.5255715515513286e-01
53	8.4818410747007333e-01	1.0755912083877004e+00	8.5255715515513253e-01
54	9.5978727950560905e-01	1.2171163673860814e+00	8.5255715515513286e-01
55	1.0713904515411450e+00	1.3586415263844633e+00	8.5255715515513286e-01
56	1.1829936235766809e+00	1.5001666853828450e+00	8.5255715515513286e-01
57	1.2945967956122171e+00	1.6416918443812265e+00	8.5255715515513286e-01
58	1.3689989103025741e+00	1.7360419503801474e+00	8.5255715515513286e-01
59	1.4061999676477530e+00	1.7832170033796080e+00	8.5255715515513286e-01
60	4.2564697568996418e-01	9.1462319908904866e-01	8.7646680567051671e-01
61	4.5098310519531920e-01	9.6906505617768246e-01	8.7646680567051671e-01
62	5.0165536420602919e-01	1.0779487703549500e+00	8.7646680567051671e-01
63	5.7766375272209436e-01	1.2412743416208520e+00	8.7646680567051649e-01
64	6.5367214123815931e-01	1.4045999128867535e+00	8.7646680567051671e-01
65	7.2968052975422426e-01	1.5679254841526551e+00	8.7646680567051671e-01
66	8.0568891827028932e-01	1.7312510554185565e+00	8.7646680567051671e-01
67	8.8169730678635450e-01	1.8945766266844579e+00	8.7646680567051671e-01
68	9.3236956579706443e-01	2.0034603408617255e+00	8.7646680567051671e-01
69	9.5770569530241945e-01	2.0579021979503596e+00	8.7646680567051671e-01
70	2.1248285440492004e-01	9.8528005335336299e-01	9.2428610670128442e-01
71	2.2513064335759386e-01	1.0439276755767775e+00	9.2428610670128442e-01
72	2.5042622126294140e-01	1.1612229200236064e+00	9.2428610670128442e-01
73	2.8836958812096297e-01	1.3371657866938498e+00	9.2428610670128419e-01
74	3.2631295497898438e-01	1.5131086533640932e+00	9.2428610670128442e-01
75	3.6425632183700574e-01	1.6890515200343368e+00	9.2428610670128442e-01
76	4.0219968869502720e-01	1.8649943867045802e+00	9.2428610670128442e-01
77	4.4014305555304861e-01	2.0409372533748238e+00	9.2428610670128442e-01
78	4.6543863345839620e-01	2.1582324978216523e+00	9.2428610670128442e-01
79	4.7808642241107002e-01	2.2168801200450670e+00	9.2428610670128442e-01
80	6.9275926699411738e-02	1.0000000000000000e+00	9.7210540773205212e-01
81	7.3399493764852941e-02	1.0595238095238095e+00	9.7210540773205212e-01
82	8.1646627895735263e-02	1.1785714285714284e+00	9.7210540773205212e-01
83	9.4017329092058816e-02	1.3571428571428570e+00	9.7210540773205201e-01
84	1.0638803028838234e-01	1.5357142857142856e+00	9.7210540773205212e-01
85	1.1875873148470585e-01	1.7142857142857144e+00	9.7210540773205212e-01
86	1.3112943268102939e-01	1.8928571428571430e+00	9.7210540773205212e-01
87	1.4350013387735291e-01	2.0714285714285716e+00	9.7210540773205212e-01
88	1.5174726800823524e-01	2.1904761904761902e+00	9.7210540773205212e-01
89	1.5587083507367644e-01	2.2500000000000000e+00	9.7210540773205212e-01
90	0.0000000000000000e+00	1.0000000000000000e+00	1.0000000000000000e+00
91	0.0000000000000000e+00	1.0595238095238095e+00	1.0000000000000000e+00
92	0.0000000000000000e+00	1.1785714285714286e+00	1.0000000000000000e+00
93	0.0000000000000000e+00	1.3571428571428572e+00	9.9999999999999989e-01
94	0.0000000000000000e+00	1.5357142857142856e+00	1.0000000000000000e+00
95	0.0000000000000000e+00	1.7142857142857144e+00	1.0000000000000000e+00
96	0.0000000000000000e+00	1.8928571428571428e+00	1.0000000000000000e+00
97	0.0000000000000000e+00	2.0714285714285716e+00	1.0000000000000000e+00
98	0.0000000000000000e+00	2.1904761904761902e+00	1.0000000000000000e+00
99	0.0000000000000000e+00	2.2500000000000000e+00	1.0000000000000000e+00

0   1   0.0
1   1   0.0
2   1   0.0
3   1   0.0
4   1   0.0
5   1   0.0
6   1   0.0
7   1   0.0
8   1   0.0
9   1   0.0
19  1   0.0
29  1   0.0
39  1   0.0
49  1   0.0
59  1   0.0
69  1   0.0
79  1   0.0
89  1   0.0
99  1   0.0
9   0   0.0
19  0   0.0
29  0   0.0
39  0   0.0
49  0   0.0
59  0   0.0
69  0   0.0
79  0   0.0
89  0   0.0
90  0   0.0
91  0   0.0
92  0   0.0
93  0   0.0
94  0   0.0
95  0   0.0
96  0   0.0
97  0   0.0
98  0   0.0
99  0   0.0