3

1   1   2

4   4   6

2   2   3

0.0 0.0 1.0 1.0
0.0 0.0 1.0 1.0
0.0 0.0 0.0 1.0 1.0 1.0

0    0.0 1.0 0.0 1.0
1    1.0 1.0 0.0 1.0
2    0.0 5.5 0.0 1.0
3    1.0 5.5 0.0 1.0
4    0.0 1.0 4.142135623730950e-01 9.238795325112867e-01
5    1.0 1.0 4.142135623730950e-01 9.238795325112867e-01
6    0.0 5.5 2.75 1.0
7    1.0 5.5 2.75 1.0
8    0.0 7.071067811865476e-01 7.071067811865476e-01 7.071067811865476e-01
9    1.0 7.071067811865476e-01 7.071067811865476e-01 7.071067811865476e-01
10   0.0 5.5 5.5 1.0
11   1.0 5.5 5.5 1.0

2   2   1

10  10  10

0   0   0