2

206000  0.3

1

25

3	3

9	9

5	5

0   1   2   3   4   5   6   7   8   9   10   11   12   13   14   15   16   17   18   19   20   21   22   23   24

18  0   0

0.0000000000000000e+00	0.0000000000000000e+00	0.0000000000000000e+00	0.0000000000000000e+00	5.0000000000000000e-01	1.0000000000000000e+00	1.0000000000000000e+00	1.0000000000000000e+00	1.0000000000000000e+00
0.0000000000000000e+00	0.0000000000000000e+00	0.0000000000000000e+00	0.0000000000000000e+00	5.0000000000000000e-01	1.0000000000000000e+00	1.0000000000000000e+00	1.0000000000000000e+00	1.0000000000000000e+00

0	1.0000000000000000e+00	0.0000000000000000e+00	1.0000000000000000e+00
1	1.1666666666666665e+00	0.0000000000000000e+00	1.0000000000000000e+00
2	1.5000000000000000e+00	0.0000000000000000e+00	1.0000000000000000e+00
3	1.8333333333333335e+00	0.0000000000000000e+00	1.0000000000000000e+00
4	2.0000000000000000e+00	0.0000000000000000e+00	1.0000000000000000e+00
5	1.0000000000000000e+00	2.6120387496374148e-01	9.0236892706218252e-01
6	1.1666666666666667e+00	3.0473785412436510e-01	9.0236892706218252e-01
7	1.5000000000000002e+00	3.9180581244561224e-01	9.0236892706218252e-01
8	1.8333333333333335e+00	4.7887377076685939e-01	9.0236892706218252e-01
9	2.0000000000000000e+00	5.2240774992748296e-01	9.0236892706218252e-01
10	7.9289321881345254e-01	7.9289321881345254e-01	8.0473785412436505e-01
11	9.2504208861569470e-01	9.2504208861569470e-01	8.0473785412436505e-01
12	1.1893398282201788e+00	1.1893398282201788e+00	8.0473785412436505e-01
13	1.4536375678246629e+00	1.4536375678246629e+00	8.0473785412436505e-01
14	1.5857864376269051e+00	1.5857864376269051e+00	8.0473785412436505e-01
15	2.6120387496374148e-01	1.0000000000000000e+00	9.0236892706218252e-01
16	3.0473785412436505e-01	1.1666666666666667e+00	9.0236892706218252e-01
17	3.9180581244561219e-01	1.5000000000000002e+00	9.0236892706218252e-01
18	4.7887377076685939e-01	1.8333333333333335e+00	9.0236892706218252e-01
19	5.2240774992748296e-01	2.0000000000000000e+00	9.0236892706218252e-01
20	0.0000000000000000e+00	1.0000000000000000e+00	1.0000000000000000e+00
21	0.0000000000000000e+00	1.1666666666666665e+00	1.0000000000000000e+00
22	0.0000000000000000e+00	1.5000000000000000e+00	1.0000000000000000e+00
23	0.0000000000000000e+00	1.8333333333333335e+00	1.0000000000000000e+00
24	0.0000000000000000e+00	2.0000000000000000e+00	1.0000000000000000e+00

0   1   0.0
1   1   0.0
2   1   0.0
3   1   0.0
4   1   0.0
9   1   0.0
14  1   0.0
19  1   0.0
24  1   0.0
4   0   0.0
9   0   0.0
14  0   0.0
19  0   0.0
20  0   0.0
21  0   0.0
22  0   0.0
23  0   0.0
24  0   0.0