2

206000  0.3

1

100

3	3

14	14

10	10

0   1   2   3   4   5   6   7   8   9   10   11   12   13   14   15   16   17   18   19   20   21   22   23   24   25   26   27   28   29   30   31   32   33   34   35   36   37   38   39   40   41   42   43   44   45   46   47   48   49   50   51   52   53   54   55   56   57   58   59   60   61   62   63   64   65   66   67   68   69   70   71   72   73   74   75   76   77   78   79   80   81   82   83   84   85   86   87   88   89   90   91   92   93   94   95   96   97   98   99

38  0   0

0.0000000000000000e+00	0.0000000000000000e+00	0.0000000000000000e+00	0.0000000000000000e+00	1.4285714285714285e-01	2.8571428571428570e-01	4.2857142857142855e-01	5.7142857142857140e-01	7.1428571428571430e-01	8.5714285714285710e-01	1.0000000000000000e+00	1.0000000000000000e+00	1.0000000000000000e+00	1.0000000000000000e+00
0.0000000000000000e+00	0.0000000000000000e+00	0.0000000000000000e+00	0.0000000000000000e+00	1.4285714285714285e-01	2.8571428571428570e-01	4.2857142857142855e-01	5.7142857142857140e-01	7.1428571428571430e-01	8.5714285714285710e-01	1.0000000000000000e+00	1.0000000000000000e+00	1.0000000000000000e+00	1.0000000000000000e+00

0	1.0000000000000000e+00	0.0000000000000000e+00	1.0000000000000000e+00
1	1.0476190476190477e+00	0.0000000000000000e+00	1.0000000000000000e+00
2	1.1428571428571428e+00	0.0000000000000000e+00	1.0000000000000000e+00
3	1.2857142857142858e+00	0.0000000000000000e+00	9.9999999999999989e-01
4	1.4285714285714286e+00	0.0000000000000000e+00	1.0000000000000000e+00
5	1.5714285714285714e+00	0.0000000000000000e+00	1.0000000000000000e+00
6	1.7142857142857144e+00	0.0000000000000000e+00	1.0000000000000000e+00
7	1.8571428571428572e+00	0.0000000000000000e+00	1.0000000000000000e+00
8	1.9523809523809523e+00	0.0000000000000000e+00	1.0000000000000000e+00
9	2.0000000000000000e+00	0.0000000000000000e+00	1.0000000000000000e+00
10	1.0000000000000000e+00	6.9275926699411725e-02	9.7210540773205223e-01
11	1.0476190476190477e+00	7.2574780351764664e-02	9.7210540773205223e-01
12	1.1428571428571428e+00	7.9172487656470530e-02	9.7210540773205223e-01
13	1.2857142857142858e+00	8.9069048613529378e-02	9.7210540773205212e-01
14	1.4285714285714284e+00	9.8965609570588170e-02	9.7210540773205223e-01
15	1.5714285714285714e+00	1.0886217052764698e-01	9.7210540773205223e-01
16	1.7142857142857146e+00	1.1875873148470580e-01	9.7210540773205223e-01
17	1.8571428571428572e+00	1.2865529244176460e-01	9.7210540773205223e-01
18	1.9523809523809523e+00	1.3525299974647051e-01	9.7210540773205223e-01
19	2.0000000000000000e+00	1.3855185339882345e-01	9.7210540773205223e-01
20	9.8528005335336311e-01	2.1248285440492004e-01	9.2428610670128442e-01
21	1.0321981511320946e+00	2.2260108556705907e-01	9.2428610670128453e-01
22	1.1260343466895577e+00	2.4283754789133716e-01	9.2428610670128442e-01
23	1.2667886400257526e+00	2.7319224137775439e-01	9.2428610670128419e-01
24	1.4075429333619471e+00	3.0354693486417150e-01	9.2428610670128442e-01
25	1.5482972266981418e+00	3.3390162835058856e-01	9.2428610670128442e-01
26	1.6890515200343366e+00	3.6425632183700574e-01	9.2428610670128442e-01
27	1.8298058133705313e+00	3.9461101532342285e-01	9.2428610670128442e-01
28	1.9236420089279942e+00	4.1484747764770097e-01	9.2428610670128442e-01
29	1.9705601067067262e+00	4.2496570880984008e-01	9.2428610670128442e-01
30	9.1462319908904877e-01	4.2564697568996424e-01	8.7646680567051660e-01
31	9.5817668475995577e-01	4.4591587929424825e-01	8.7646680567051671e-01
32	1.0452836561017702e+00	4.8645368650281623e-01	8.7646680567051660e-01
33	1.1759441131144914e+00	5.4726039731566845e-01	8.7646680567051638e-01
34	1.3066045701272124e+00	6.0806710812852016e-01	8.7646680567051660e-01
35	1.4372650271399339e+00	6.6887381894137243e-01	8.7646680567051660e-01
36	1.5679254841526549e+00	7.2968052975422426e-01	8.7646680567051660e-01
37	1.6985859411653761e+00	7.9048724056707631e-01	8.7646680567051660e-01
38	1.7856929125071905e+00	8.3102504777564434e-01	8.7646680567051660e-01
39	1.8292463981780975e+00	8.5129395137992847e-01	8.7646680567051660e-01
40	7.9254089039093678e-01	6.2497776339900124e-01	8.5255715515513286e-01
41	8.3028093279050552e-01	6.5473860927514416e-01	8.5255715515513286e-01
42	9.0576101758964211e-01	7.1426030102742999e-01	8.5255715515513286e-01
43	1.0189811447883477e+00	8.0354283865585907e-01	8.5255715515513253e-01
44	1.1322012719870524e+00	8.9282537628428760e-01	8.5255715515513286e-01
45	1.2454213991857577e+00	9.8210791391271601e-01	8.5255715515513286e-01
46	1.3586415263844633e+00	1.0713904515411448e+00	8.5255715515513286e-01
47	1.4718616535831686e+00	1.1606729891695735e+00	8.5255715515513286e-01
48	1.5473417383823054e+00	1.2201946809218593e+00	8.5255715515513286e-01
49	1.5850817807818736e+00	1.2499555267980025e+00	8.5255715515513286e-01
50	6.2497776339900124e-01	7.9254089039093689e-01	8.5255715515513286e-01
51	6.5473860927514416e-01	8.3028093279050541e-01	8.5255715515513286e-01
52	7.1426030102742999e-01	9.0576101758964211e-01	8.5255715515513286e-01
53	8.0354283865585907e-01	1.0189811447883477e+00	8.5255715515513253e-01
54	8.9282537628428738e-01	1.1322012719870524e+00	8.5255715515513286e-01
55	9.8210791391271635e-01	1.2454213991857579e+00	8.5255715515513286e-01
56	1.0713904515411450e+00	1.3586415263844629e+00	8.5255715515513286e-01
57	1.1606729891695737e+00	1.4718616535831683e+00	8.5255715515513286e-01
58	1.2201946809218593e+00	1.5473417383823052e+00	8.5255715515513286e-01
59	1.2499555267980025e+00	1.5850817807818738e+00	8.5255715515513286e-01
60	4.2564697568996418e-01	9.1462319908904866e-01	8.7646680567051671e-01
61	4.4591587929424825e-01	9.5817668475995599e-01	8.7646680567051671e-01
62	4.8645368650281617e-01	1.0452836561017700e+00	8.7646680567051671e-01
63	5.4726039731566833e-01	1.1759441131144914e+00	8.7646680567051649e-01
64	6.0806710812852005e-01	1.3066045701272122e+00	8.7646680567051671e-01
65	6.6887381894137232e-01	1.4372650271399336e+00	8.7646680567051671e-01
66	7.2968052975422426e-01	1.5679254841526549e+00	8.7646680567051671e-01
67	7.9048724056707631e-01	1.6985859411653761e+00	8.7646680567051671e-01
68	8.3102504777564423e-01	1.7856929125071903e+00	8.7646680567051671e-01
69	8.5129395137992836e-01	1.8292463981780973e+00	8.7646680567051671e-01
70	2.1248285440492004e-01	9.8528005335336299e-01	9.2428610670128442e-01
71	2.2260108556705913e-01	1.0321981511320946e+00	9.2428610670128442e-01
72	2.4283754789133716e-01	1.1260343466895577e+00	9.2428610670128442e-01
73	2.7319224137775433e-01	1.2667886400257526e+00	9.2428610670128419e-01
74	3.0354693486417145e-01	1.4075429333619471e+00	9.2428610670128442e-01
75	3.3390162835058856e-01	1.5482972266981418e+00	9.2428610670128442e-01
76	3.6425632183700574e-01	1.6890515200343366e+00	9.2428610670128442e-01
77	3.9461101532342291e-01	1.8298058133705313e+00	9.2428610670128442e-01
78	4.1484747764770097e-01	1.9236420089279942e+00	9.2428610670128442e-01
79	4.2496570880984008e-01	1.9705601067067260e+00	9.2428610670128442e-01
80	6.9275926699411738e-02	1.0000000000000000e+00	9.7210540773205212e-01
81	7.2574780351764692e-02	1.0476190476190477e+00	9.7210540773205212e-01
82	7.9172487656470572e-02	1.1428571428571428e+00	9.7210540773205212e-01
83	8.9069048613529392e-02	1.2857142857142858e+00	9.7210540773205201e-01
84	9.8965609570588212e-02	1.4285714285714286e+00	9.7210540773205212e-01
85	1.0886217052764703e-01	1.5714285714285714e+00	9.7210540773205212e-01
86	1.1875873148470585e-01	1.7142857142857144e+00	9.7210540773205212e-01
87	1.2865529244176468e-01	1.8571428571428574e+00	9.7210540773205212e-01
88	1.3525299974647056e-01	1.9523809523809523e+00	9.7210540773205212e-01
89	1.3855185339882348e-01	2.0000000000000000e+00	9.7210540773205212e-01
90	0.0000000000000000e+00	1.0000000000000000e+00	1.0000000000000000e+00
91	0.0000000000000000e+00	1.0476190476190477e+00	1.0000000000000000e+00
92	0.0000000000000000e+00	1.1428571428571428e+00	1.0000000000000000e+00
93	0.0000000000000000e+00	1.2857142857142858e+00	9.9999999999999989e-01
94	0.0000000000000000e+00	1.4285714285714286e+00	1.0000000000000000e+00
95	0.0000000000000000e+00	1.5714285714285714e+00	1.0000000000000000e+00
96	0.0000000000000000e+00	1.7142857142857144e+00	1.0000000000000000e+00
97	0.0000000000000000e+00	1.8571428571428572e+00	1.0000000000000000e+00
98	0.0000000000000000e+00	1.9523809523809523e+00	1.0000000000000000e+00
99	0.0000000000000000e+00	2.0000000000000000e+00	1.0000000000000000e+00

0   1   0.0
1   1   0.0
2   1   0.0
3   1   0.0
4   1   0.0
5   1   0.0
6   1   0.0
7   1   0.0
8   1   0.0
9   1   0.0
19  1   0.0
29  1   0.0
39  1   0.0
49  1   0.0
59  1   0.0
69  1   0.0
79  1   0.0
89  1   0.0
99  1   0.0
9   0   0.0
19  0   0.0
29  0   0.0
39  0   0.0
49  0   0.0
59  0   0.0
69  0   0.0
79  0   0.0
89  0   0.0
90  0   0.0
91  0   0.0
92  0   0.0
93  0   0.0
94  0   0.0
95  0   0.0
96  0   0.0
97  0   0.0
98  0   0.0
99  0   0.0