2

206000  0.3

1

900

3	3

34	34

30	30

0   1   2   3   4   5   6   7   8   9   10   11   12   13   14   15   16   17   18   19   20   21   22   23   24   25   26   27   28   29   30   31   32   33   34   35   36   37   38   39   40   41   42   43   44   45   46   47   48   49   50   51   52   53   54   55   56   57   58   59   60   61   62   63   64   65   66   67   68   69   70   71   72   73   74   75   76   77   78   79   80   81   82   83   84   85   86   87   88   89   90   91   92   93   94   95   96   97   98   99   100   101   102   103   104   105   106   107   108   109   110   111   112   113   114   115   116   117   118   119   120   121   122   123   124   125   126   127   128   129   130   131   132   133   134   135   136   137   138   139   140   141   142   143   144   145   146   147   148   149   150   151   152   153   154   155   156   157   158   159   160   161   162   163   164   165   166   167   168   169   170   171   172   173   174   175   176   177   178   179   180   181   182   183   184   185   186   187   188   189   190   191   192   193   194   195   196   197   198   199   200   201   202   203   204   205   206   207   208   209   210   211   212   213   214   215   216   217   218   219   220   221   222   223   224   225   226   227   228   229   230   231   232   233   234   235   236   237   238   239   240   241   242   243   244   245   246   247   248   249   250   251   252   253   254   255   256   257   258   259   260   261   262   263   264   265   266   267   268   269   270   271   272   273   274   275   276   277   278   279   280   281   282   283   284   285   286   287   288   289   290   291   292   293   294   295   296   297   298   299   300   301   302   303   304   305   306   307   308   309   310   311   312   313   314   315   316   317   318   319   320   321   322   323   324   325   326   327   328   329   330   331   332   333   334   335   336   337   338   339   340   341   342   343   344   345   346   347   348   349   350   351   352   353   354   355   356   357   358   359   360   361   362   363   364   365   366   367   368   369   370   371   372   373   374   375   376   377   378   379   380   381   382   383   384   385   386   387   388   389   390   391   392   393   394   395   396   397   398   399   400   401   402   403   404   405   406   407   408   409   410   411   412   413   414   415   416   417   418   419   420   421   422   423   424   425   426   427   428   429   430   431   432   433   434   435   436   437   438   439   440   441   442   443   444   445   446   447   448   449   450   451   452   453   454   455   456   457   458   459   460   461   462   463   464   465   466   467   468   469   470   471   472   473   474   475   476   477   478   479   480   481   482   483   484   485   486   487   488   489   490   491   492   493   494   495   496   497   498   499   500   501   502   503   504   505   506   507   508   509   510   511   512   513   514   515   516   517   518   519   520   521   522   523   524   525   526   527   528   529   530   531   532   533   534   535   536   537   538   539   540   541   542   543   544   545   546   547   548   549   550   551   552   553   554   555   556   557   558   559   560   561   562   563   564   565   566   567   568   569   570   571   572   573   574   575   576   577   578   579   580   581   582   583   584   585   586   587   588   589   590   591   592   593   594   595   596   597   598   599   600   601   602   603   604   605   606   607   608   609   610   611   612   613   614   615   616   617   618   619   620   621   622   623   624   625   626   627   628   629   630   631   632   633   634   635   636   637   638   639   640   641   642   643   644   645   646   647   648   649   650   651   652   653   654   655   656   657   658   659   660   661   662   663   664   665   666   667   668   669   670   671   672   673   674   675   676   677   678   679   680   681   682   683   684   685   686   687   688   689   690   691   692   693   694   695   696   697   698   699   700   701   702   703   704   705   706   707   708   709   710   711   712   713   714   715   716   717   718   719   720   721   722   723   724   725   726   727   728   729   730   731   732   733   734   735   736   737   738   739   740   741   742   743   744   745   746   747   748   749   750   751   752   753   754   755   756   757   758   759   760   761   762   763   764   765   766   767   768   769   770   771   772   773   774   775   776   777   778   779   780   781   782   783   784   785   786   787   788   789   790   791   792   793   794   795   796   797   798   799   800   801   802   803   804   805   806   807   808   809   810   811   812   813   814   815   816   817   818   819   820   821   822   823   824   825   826   827   828   829   830   831   832   833   834   835   836   837   838   839   840   841   842   843   844   845   846   847   848   849   850   851   852   853   854   855   856   857   858   859   860   861   862   863   864   865   866   867   868   869   870   871   872   873   874   875   876   877   878   879   880   881   882   883   884   885   886   887   888   889   890   891   892   893   894   895   896   897   898   899

60  0   1

0.0000000000000000e+00	0.0000000000000000e+00	0.0000000000000000e+00	0.0000000000000000e+00	3.7037037037037035e-02	7.4074074074074070e-02	1.1111111111111110e-01	1.4814814814814814e-01	1.8518518518518517e-01	2.2222222222222221e-01	2.5925925925925924e-01	2.9629629629629628e-01	3.3333333333333331e-01	3.7037037037037035e-01	4.0740740740740738e-01	4.4444444444444442e-01	4.8148148148148145e-01	5.1851851851851849e-01	5.5555555555555558e-01	5.9259259259259256e-01	6.2962962962962965e-01	6.6666666666666663e-01	7.0370370370370372e-01	7.4074074074074070e-01	7.7777777777777779e-01	8.1481481481481477e-01	8.5185185185185186e-01	8.8888888888888884e-01	9.2592592592592593e-01	9.6296296296296291e-01	1.0000000000000000e+00	1.0000000000000000e+00	1.0000000000000000e+00	1.0000000000000000e+00
0.0000000000000000e+00	0.0000000000000000e+00	0.0000000000000000e+00	0.0000000000000000e+00	3.7037037037037035e-02	7.4074074074074070e-02	1.1111111111111110e-01	1.4814814814814814e-01	1.8518518518518517e-01	2.2222222222222221e-01	2.5925925925925924e-01	2.9629629629629628e-01	3.3333333333333331e-01	3.7037037037037035e-01	4.0740740740740738e-01	4.4444444444444442e-01	4.8148148148148145e-01	5.1851851851851849e-01	5.5555555555555558e-01	5.9259259259259256e-01	6.2962962962962965e-01	6.6666666666666663e-01	7.0370370370370372e-01	7.4074074074074070e-01	7.7777777777777779e-01	8.1481481481481477e-01	8.5185185185185186e-01	8.8888888888888884e-01	9.2592592592592593e-01	9.6296296296296291e-01	1.0000000000000000e+00	1.0000000000000000e+00	1.0000000000000000e+00	1.0000000000000000e+00

0	0.0000000000000000e+00	0.0000000000000000e+00	1.0000000000000000e+00
1	1.2345679012345681e-01	0.0000000000000000e+00	1.0000000000000000e+00
2	3.7037037037037046e-01	0.0000000000000000e+00	1.0000000000000000e+00
3	7.4074074074074081e-01	0.0000000000000000e+00	1.0000000000000000e+00
4	1.1111111111111114e+00	0.0000000000000000e+00	9.9999999999999989e-01
5	1.4814814814814814e+00	0.0000000000000000e+00	1.0000000000000000e+00
6	1.8518518518518521e+00	0.0000000000000000e+00	1.0000000000000000e+00
7	2.2222222222222223e+00	0.0000000000000000e+00	1.0000000000000000e+00
8	2.5925925925925930e+00	0.0000000000000000e+00	9.9999999999999989e-01
9	2.9629629629629632e+00	0.0000000000000000e+00	1.0000000000000000e+00
10	3.3333333333333335e+00	0.0000000000000000e+00	1.0000000000000000e+00
11	3.7037037037037033e+00	0.0000000000000000e+00	1.0000000000000002e+00
12	4.0740740740740753e+00	0.0000000000000000e+00	9.9999999999999989e-01
13	4.4444444444444446e+00	0.0000000000000000e+00	1.0000000000000000e+00
14	4.8148148148148149e+00	0.0000000000000000e+00	1.0000000000000000e+00
15	5.1851851851851860e+00	0.0000000000000000e+00	1.0000000000000000e+00
16	5.5555555555555562e+00	0.0000000000000000e+00	9.9999999999999989e-01
17	5.9259259259259265e+00	0.0000000000000000e+00	1.0000000000000000e+00
18	6.2962962962962967e+00	0.0000000000000000e+00	9.9999999999999989e-01
19	6.6666666666666661e+00	0.0000000000000000e+00	1.0000000000000000e+00
20	7.0370370370370372e+00	0.0000000000000000e+00	1.0000000000000000e+00
21	7.4074074074074066e+00	0.0000000000000000e+00	1.0000000000000000e+00
22	7.7777777777777768e+00	0.0000000000000000e+00	1.0000000000000000e+00
23	8.1481481481481488e+00	0.0000000000000000e+00	1.0000000000000000e+00
24	8.5185185185185190e+00	0.0000000000000000e+00	1.0000000000000000e+00
25	8.8888888888888893e+00	0.0000000000000000e+00	1.0000000000000000e+00
26	9.2592592592592577e+00	0.0000000000000000e+00	1.0000000000000000e+00
27	9.6296296296296298e+00	0.0000000000000000e+00	1.0000000000000000e+00
28	9.8765432098765444e+00	0.0000000000000000e+00	1.0000000000000000e+00
29	1.0000000000000000e+01	0.0000000000000000e+00	1.0000000000000000e+00
30	0.0000000000000000e+00	1.2345679012345681e-01	1.0000000000000000e+00
31	1.2345679012345682e-01	1.2345679012345682e-01	1.0000000000000000e+00
32	3.7037037037037052e-01	1.2345679012345681e-01	1.0000000000000000e+00
33	7.4074074074074092e-01	1.2345679012345681e-01	1.0000000000000000e+00
34	1.1111111111111114e+00	1.2345679012345682e-01	9.9999999999999989e-01
35	1.4814814814814816e+00	1.2345679012345682e-01	1.0000000000000000e+00
36	1.8518518518518523e+00	1.2345679012345681e-01	1.0000000000000000e+00
37	2.2222222222222223e+00	1.2345679012345681e-01	1.0000000000000000e+00
38	2.5925925925925934e+00	1.2345679012345680e-01	9.9999999999999989e-01
39	2.9629629629629637e+00	1.2345679012345681e-01	1.0000000000000000e+00
40	3.3333333333333339e+00	1.2345679012345682e-01	1.0000000000000000e+00
41	3.7037037037037037e+00	1.2345679012345681e-01	1.0000000000000002e+00
42	4.0740740740740753e+00	1.2345679012345682e-01	9.9999999999999989e-01
43	4.4444444444444446e+00	1.2345679012345681e-01	1.0000000000000000e+00
44	4.8148148148148149e+00	1.2345679012345682e-01	1.0000000000000000e+00
45	5.1851851851851860e+00	1.2345679012345678e-01	1.0000000000000000e+00
46	5.5555555555555562e+00	1.2345679012345680e-01	9.9999999999999989e-01
47	5.9259259259259274e+00	1.2345679012345681e-01	1.0000000000000000e+00
48	6.2962962962962967e+00	1.2345679012345684e-01	9.9999999999999989e-01
49	6.6666666666666670e+00	1.2345679012345681e-01	1.0000000000000000e+00
50	7.0370370370370372e+00	1.2345679012345681e-01	1.0000000000000000e+00
51	7.4074074074074074e+00	1.2345679012345681e-01	1.0000000000000000e+00
52	7.7777777777777768e+00	1.2345679012345681e-01	1.0000000000000000e+00
53	8.1481481481481488e+00	1.2345679012345681e-01	1.0000000000000000e+00
54	8.5185185185185190e+00	1.2345679012345682e-01	1.0000000000000000e+00
55	8.8888888888888893e+00	1.2345679012345681e-01	1.0000000000000000e+00
56	9.2592592592592595e+00	1.2345679012345678e-01	1.0000000000000000e+00
57	9.6296296296296298e+00	1.2345679012345681e-01	1.0000000000000000e+00
58	9.8765432098765444e+00	1.2345679012345681e-01	1.0000000000000000e+00
59	1.0000000000000000e+01	1.2345679012345681e-01	1.0000000000000000e+00
60	0.0000000000000000e+00	3.7037037037037046e-01	1.0000000000000000e+00
61	1.2345679012345682e-01	3.7037037037037052e-01	1.0000000000000000e+00
62	3.7037037037037052e-01	3.7037037037037046e-01	1.0000000000000000e+00
63	7.4074074074074092e-01	3.7037037037037046e-01	1.0000000000000000e+00
64	1.1111111111111114e+00	3.7037037037037046e-01	1.0000000000000000e+00
65	1.4814814814814814e+00	3.7037037037037052e-01	1.0000000000000000e+00
66	1.8518518518518521e+00	3.7037037037037046e-01	1.0000000000000000e+00
67	2.2222222222222228e+00	3.7037037037037046e-01	1.0000000000000000e+00
68	2.5925925925925930e+00	3.7037037037037041e-01	1.0000000000000000e+00
69	2.9629629629629637e+00	3.7037037037037046e-01	1.0000000000000000e+00
70	3.3333333333333335e+00	3.7037037037037052e-01	1.0000000000000000e+00
71	3.7037037037037033e+00	3.7037037037037046e-01	1.0000000000000002e+00
72	4.0740740740740753e+00	3.7037037037037046e-01	1.0000000000000000e+00
73	4.4444444444444455e+00	3.7037037037037046e-01	1.0000000000000000e+00
74	4.8148148148148149e+00	3.7037037037037052e-01	1.0000000000000000e+00
75	5.1851851851851869e+00	3.7037037037037041e-01	1.0000000000000000e+00
76	5.5555555555555562e+00	3.7037037037037041e-01	1.0000000000000000e+00
77	5.9259259259259274e+00	3.7037037037037046e-01	1.0000000000000000e+00
78	6.2962962962962967e+00	3.7037037037037052e-01	1.0000000000000000e+00
79	6.6666666666666661e+00	3.7037037037037046e-01	1.0000000000000000e+00
80	7.0370370370370381e+00	3.7037037037037046e-01	1.0000000000000000e+00
81	7.4074074074074074e+00	3.7037037037037046e-01	1.0000000000000000e+00
82	7.7777777777777777e+00	3.7037037037037046e-01	1.0000000000000000e+00
83	8.1481481481481506e+00	3.7037037037037046e-01	1.0000000000000000e+00
84	8.5185185185185190e+00	3.7037037037037052e-01	1.0000000000000000e+00
85	8.8888888888888911e+00	3.7037037037037046e-01	1.0000000000000000e+00
86	9.2592592592592577e+00	3.7037037037037041e-01	1.0000000000000000e+00
87	9.6296296296296298e+00	3.7037037037037046e-01	1.0000000000000000e+00
88	9.8765432098765462e+00	3.7037037037037046e-01	1.0000000000000000e+00
89	1.0000000000000000e+01	3.7037037037037046e-01	1.0000000000000000e+00
90	0.0000000000000000e+00	7.4074074074074081e-01	1.0000000000000000e+00
91	1.2345679012345681e-01	7.4074074074074081e-01	1.0000000000000000e+00
92	3.7037037037037046e-01	7.4074074074074081e-01	1.0000000000000000e+00
93	7.4074074074074070e-01	7.4074074074074081e-01	1.0000000000000000e+00
94	1.1111111111111114e+00	7.4074074074074092e-01	9.9999999999999989e-01
95	1.4814814814814814e+00	7.4074074074074081e-01	1.0000000000000000e+00
96	1.8518518518518521e+00	7.4074074074074081e-01	1.0000000000000000e+00
97	2.2222222222222223e+00	7.4074074074074081e-01	1.0000000000000000e+00
98	2.5925925925925930e+00	7.4074074074074081e-01	9.9999999999999989e-01
99	2.9629629629629628e+00	7.4074074074074081e-01	1.0000000000000000e+00
100	3.3333333333333335e+00	7.4074074074074081e-01	1.0000000000000000e+00
101	3.7037037037037033e+00	7.4074074074074081e-01	1.0000000000000002e+00
102	4.0740740740740753e+00	7.4074074074074092e-01	9.9999999999999989e-01
103	4.4444444444444446e+00	7.4074074074074081e-01	1.0000000000000000e+00
104	4.8148148148148149e+00	7.4074074074074081e-01	1.0000000000000000e+00
105	5.1851851851851869e+00	7.4074074074074070e-01	1.0000000000000000e+00
106	5.5555555555555554e+00	7.4074074074074081e-01	9.9999999999999989e-01
107	5.9259259259259256e+00	7.4074074074074081e-01	1.0000000000000000e+00
108	6.2962962962962958e+00	7.4074074074074092e-01	9.9999999999999989e-01
109	6.6666666666666661e+00	7.4074074074074081e-01	1.0000000000000000e+00
110	7.0370370370370372e+00	7.4074074074074081e-01	1.0000000000000000e+00
111	7.4074074074074074e+00	7.4074074074074081e-01	1.0000000000000000e+00
112	7.7777777777777768e+00	7.4074074074074081e-01	1.0000000000000000e+00
113	8.1481481481481488e+00	7.4074074074074081e-01	1.0000000000000000e+00
114	8.5185185185185173e+00	7.4074074074074081e-01	1.0000000000000000e+00
115	8.8888888888888893e+00	7.4074074074074081e-01	1.0000000000000000e+00
116	9.2592592592592577e+00	7.4074074074074070e-01	1.0000000000000000e+00
117	9.6296296296296298e+00	7.4074074074074081e-01	1.0000000000000000e+00
118	9.8765432098765444e+00	7.4074074074074081e-01	1.0000000000000000e+00
119	9.9999999999999982e+00	7.4074074074074081e-01	1.0000000000000000e+00
120	0.0000000000000000e+00	1.1111111111111114e+00	9.9999999999999989e-01
121	1.2345679012345681e-01	1.1111111111111116e+00	9.9999999999999989e-01
122	3.7037037037037046e-01	1.1111111111111114e+00	9.9999999999999989e-01
123	7.4074074074074081e-01	1.1111111111111114e+00	9.9999999999999989e-01
124	1.1111111111111114e+00	1.1111111111111114e+00	9.9999999999999978e-01
125	1.4814814814814816e+00	1.1111111111111116e+00	9.9999999999999989e-01
126	1.8518518518518519e+00	1.1111111111111114e+00	9.9999999999999989e-01
127	2.2222222222222228e+00	1.1111111111111114e+00	9.9999999999999989e-01
128	2.5925925925925930e+00	1.1111111111111114e+00	9.9999999999999978e-01
129	2.9629629629629632e+00	1.1111111111111114e+00	9.9999999999999989e-01
130	3.3333333333333335e+00	1.1111111111111116e+00	9.9999999999999989e-01
131	3.7037037037037042e+00	1.1111111111111114e+00	1.0000000000000000e+00
132	4.0740740740740753e+00	1.1111111111111114e+00	9.9999999999999978e-01
133	4.4444444444444455e+00	1.1111111111111114e+00	9.9999999999999989e-01
134	4.8148148148148149e+00	1.1111111111111116e+00	9.9999999999999989e-01
135	5.1851851851851860e+00	1.1111111111111114e+00	9.9999999999999989e-01
136	5.5555555555555554e+00	1.1111111111111114e+00	9.9999999999999978e-01
137	5.9259259259259265e+00	1.1111111111111114e+00	9.9999999999999989e-01
138	6.2962962962962976e+00	1.1111111111111116e+00	9.9999999999999978e-01
139	6.6666666666666670e+00	1.1111111111111114e+00	9.9999999999999989e-01
140	7.0370370370370372e+00	1.1111111111111114e+00	9.9999999999999989e-01
141	7.4074074074074057e+00	1.1111111111111114e+00	9.9999999999999989e-01
142	7.7777777777777777e+00	1.1111111111111114e+00	9.9999999999999989e-01
143	8.1481481481481506e+00	1.1111111111111114e+00	9.9999999999999989e-01
144	8.5185185185185208e+00	1.1111111111111116e+00	9.9999999999999989e-01
145	8.8888888888888911e+00	1.1111111111111114e+00	9.9999999999999989e-01
146	9.2592592592592595e+00	1.1111111111111114e+00	9.9999999999999989e-01
147	9.6296296296296298e+00	1.1111111111111114e+00	9.9999999999999989e-01
148	9.8765432098765444e+00	1.1111111111111114e+00	9.9999999999999989e-01
149	1.0000000000000000e+01	1.1111111111111114e+00	9.9999999999999989e-01
150	0.0000000000000000e+00	1.4814814814814814e+00	1.0000000000000000e+00
151	1.2345679012345681e-01	1.4814814814814818e+00	1.0000000000000000e+00
152	3.7037037037037046e-01	1.4814814814814814e+00	1.0000000000000000e+00
153	7.4074074074074081e-01	1.4814814814814814e+00	1.0000000000000000e+00
154	1.1111111111111116e+00	1.4814814814814816e+00	9.9999999999999978e-01
155	1.4814814814814816e+00	1.4814814814814818e+00	1.0000000000000000e+00
156	1.8518518518518521e+00	1.4814814814814814e+00	1.0000000000000000e+00
157	2.2222222222222228e+00	1.4814814814814814e+00	1.0000000000000000e+00
158	2.5925925925925930e+00	1.4814814814814814e+00	9.9999999999999978e-01
159	2.9629629629629632e+00	1.4814814814814816e+00	1.0000000000000000e+00
160	3.3333333333333335e+00	1.4814814814814818e+00	1.0000000000000000e+00
161	3.7037037037037033e+00	1.4814814814814816e+00	1.0000000000000002e+00
162	4.0740740740740753e+00	1.4814814814814816e+00	9.9999999999999978e-01
163	4.4444444444444455e+00	1.4814814814814814e+00	1.0000000000000000e+00
164	4.8148148148148158e+00	1.4814814814814818e+00	1.0000000000000000e+00
165	5.1851851851851860e+00	1.4814814814814814e+00	1.0000000000000000e+00
166	5.5555555555555562e+00	1.4814814814814816e+00	9.9999999999999978e-01
167	5.9259259259259265e+00	1.4814814814814814e+00	1.0000000000000000e+00
168	6.2962962962962976e+00	1.4814814814814818e+00	9.9999999999999978e-01
169	6.6666666666666670e+00	1.4814814814814814e+00	1.0000000000000000e+00
170	7.0370370370370372e+00	1.4814814814814816e+00	1.0000000000000000e+00
171	7.4074074074074074e+00	1.4814814814814814e+00	1.0000000000000000e+00
172	7.7777777777777768e+00	1.4814814814814814e+00	1.0000000000000000e+00
173	8.1481481481481488e+00	1.4814814814814814e+00	1.0000000000000000e+00
174	8.5185185185185190e+00	1.4814814814814818e+00	1.0000000000000000e+00
175	8.8888888888888911e+00	1.4814814814814814e+00	1.0000000000000000e+00
176	9.2592592592592577e+00	1.4814814814814812e+00	1.0000000000000000e+00
177	9.6296296296296315e+00	1.4814814814814814e+00	1.0000000000000000e+00
178	9.8765432098765444e+00	1.4814814814814814e+00	1.0000000000000000e+00
179	1.0000000000000000e+01	1.4814814814814814e+00	1.0000000000000000e+00
180	0.0000000000000000e+00	1.8518518518518521e+00	1.0000000000000000e+00
181	1.2345679012345682e-01	1.8518518518518523e+00	1.0000000000000000e+00
182	3.7037037037037046e-01	1.8518518518518521e+00	1.0000000000000000e+00
183	7.4074074074074092e-01	1.8518518518518521e+00	1.0000000000000000e+00
184	1.1111111111111116e+00	1.8518518518518523e+00	9.9999999999999989e-01
185	1.4814814814814816e+00	1.8518518518518521e+00	1.0000000000000000e+00
186	1.8518518518518523e+00	1.8518518518518521e+00	1.0000000000000000e+00
187	2.2222222222222228e+00	1.8518518518518521e+00	1.0000000000000000e+00
188	2.5925925925925939e+00	1.8518518518518523e+00	9.9999999999999989e-01
189	2.9629629629629637e+00	1.8518518518518521e+00	1.0000000000000000e+00
190	3.3333333333333335e+00	1.8518518518518523e+00	1.0000000000000000e+00
191	3.7037037037037037e+00	1.8518518518518521e+00	1.0000000000000002e+00
192	4.0740740740740753e+00	1.8518518518518523e+00	9.9999999999999989e-01
193	4.4444444444444455e+00	1.8518518518518521e+00	1.0000000000000000e+00
194	4.8148148148148149e+00	1.8518518518518521e+00	1.0000000000000000e+00
195	5.1851851851851869e+00	1.8518518518518521e+00	1.0000000000000000e+00
196	5.5555555555555571e+00	1.8518518518518523e+00	9.9999999999999989e-01
197	5.9259259259259274e+00	1.8518518518518521e+00	1.0000000000000000e+00
198	6.2962962962962976e+00	1.8518518518518523e+00	9.9999999999999989e-01
199	6.6666666666666670e+00	1.8518518518518521e+00	1.0000000000000000e+00
200	7.0370370370370381e+00	1.8518518518518521e+00	1.0000000000000000e+00
201	7.4074074074074074e+00	1.8518518518518521e+00	1.0000000000000000e+00
202	7.7777777777777777e+00	1.8518518518518521e+00	1.0000000000000000e+00
203	8.1481481481481488e+00	1.8518518518518521e+00	1.0000000000000000e+00
204	8.5185185185185208e+00	1.8518518518518523e+00	1.0000000000000000e+00
205	8.8888888888888911e+00	1.8518518518518521e+00	1.0000000000000000e+00
206	9.2592592592592595e+00	1.8518518518518521e+00	1.0000000000000000e+00
207	9.6296296296296298e+00	1.8518518518518521e+00	1.0000000000000000e+00
208	9.8765432098765444e+00	1.8518518518518521e+00	1.0000000000000000e+00
209	1.0000000000000002e+01	1.8518518518518521e+00	1.0000000000000000e+00
210	0.0000000000000000e+00	2.2222222222222223e+00	1.0000000000000000e+00
211	1.2345679012345681e-01	2.2222222222222223e+00	1.0000000000000000e+00
212	3.7037037037037046e-01	2.2222222222222223e+00	1.0000000000000000e+00
213	7.4074074074074081e-01	2.2222222222222223e+00	1.0000000000000000e+00
214	1.1111111111111109e+00	2.2222222222222223e+00	1.0000000000000000e+00
215	1.4814814814814816e+00	2.2222222222222223e+00	1.0000000000000000e+00
216	1.8518518518518523e+00	2.2222222222222223e+00	1.0000000000000000e+00
217	2.2222222222222219e+00	2.2222222222222223e+00	1.0000000000000000e+00
218	2.5925925925925930e+00	2.2222222222222223e+00	1.0000000000000000e+00
219	2.9629629629629632e+00	2.2222222222222223e+00	1.0000000000000000e+00
220	3.3333333333333335e+00	2.2222222222222223e+00	1.0000000000000000e+00
221	3.7037037037037042e+00	2.2222222222222223e+00	1.0000000000000002e+00
222	4.0740740740740744e+00	2.2222222222222223e+00	1.0000000000000000e+00
223	4.4444444444444438e+00	2.2222222222222223e+00	1.0000000000000000e+00
224	4.8148148148148158e+00	2.2222222222222223e+00	1.0000000000000000e+00
225	5.1851851851851869e+00	2.2222222222222223e+00	1.0000000000000000e+00
226	5.5555555555555562e+00	2.2222222222222223e+00	1.0000000000000000e+00
227	5.9259259259259265e+00	2.2222222222222223e+00	1.0000000000000000e+00
228	6.2962962962962967e+00	2.2222222222222223e+00	1.0000000000000000e+00
229	6.6666666666666661e+00	2.2222222222222223e+00	1.0000000000000000e+00
230	7.0370370370370363e+00	2.2222222222222223e+00	1.0000000000000000e+00
231	7.4074074074074074e+00	2.2222222222222223e+00	1.0000000000000000e+00
232	7.7777777777777759e+00	2.2222222222222223e+00	1.0000000000000000e+00
233	8.1481481481481488e+00	2.2222222222222223e+00	1.0000000000000000e+00
234	8.5185185185185208e+00	2.2222222222222223e+00	1.0000000000000000e+00
235	8.8888888888888875e+00	2.2222222222222223e+00	1.0000000000000000e+00
236	9.2592592592592595e+00	2.2222222222222223e+00	1.0000000000000000e+00
237	9.6296296296296315e+00	2.2222222222222223e+00	1.0000000000000000e+00
238	9.8765432098765444e+00	2.2222222222222223e+00	1.0000000000000000e+00
239	1.0000000000000000e+01	2.2222222222222223e+00	1.0000000000000000e+00
240	0.0000000000000000e+00	2.5925925925925930e+00	9.9999999999999989e-01
241	1.2345679012345681e-01	2.5925925925925934e+00	9.9999999999999989e-01
242	3.7037037037037052e-01	2.5925925925925930e+00	9.9999999999999989e-01
243	7.4074074074074092e-01	2.5925925925925930e+00	9.9999999999999989e-01
244	1.1111111111111112e+00	2.5925925925925930e+00	9.9999999999999978e-01
245	1.4814814814814816e+00	2.5925925925925934e+00	9.9999999999999989e-01
246	1.8518518518518521e+00	2.5925925925925930e+00	9.9999999999999989e-01
247	2.2222222222222223e+00	2.5925925925925930e+00	9.9999999999999989e-01
248	2.5925925925925930e+00	2.5925925925925930e+00	9.9999999999999978e-01
249	2.9629629629629637e+00	2.5925925925925934e+00	9.9999999999999989e-01
250	3.3333333333333335e+00	2.5925925925925934e+00	9.9999999999999989e-01
251	3.7037037037037033e+00	2.5925925925925930e+00	1.0000000000000002e+00
252	4.0740740740740753e+00	2.5925925925925930e+00	9.9999999999999978e-01
253	4.4444444444444446e+00	2.5925925925925930e+00	9.9999999999999989e-01
254	4.8148148148148149e+00	2.5925925925925934e+00	9.9999999999999989e-01
255	5.1851851851851860e+00	2.5925925925925930e+00	9.9999999999999989e-01
256	5.5555555555555562e+00	2.5925925925925930e+00	9.9999999999999978e-01
257	5.9259259259259274e+00	2.5925925925925930e+00	9.9999999999999989e-01
258	6.2962962962962976e+00	2.5925925925925934e+00	9.9999999999999978e-01
259	6.6666666666666670e+00	2.5925925925925930e+00	9.9999999999999989e-01
260	7.0370370370370363e+00	2.5925925925925934e+00	9.9999999999999989e-01
261	7.4074074074074074e+00	2.5925925925925930e+00	9.9999999999999989e-01
262	7.7777777777777768e+00	2.5925925925925930e+00	9.9999999999999989e-01
263	8.1481481481481506e+00	2.5925925925925930e+00	9.9999999999999989e-01
264	8.5185185185185208e+00	2.5925925925925934e+00	9.9999999999999989e-01
265	8.8888888888888893e+00	2.5925925925925930e+00	9.9999999999999989e-01
266	9.2592592592592595e+00	2.5925925925925930e+00	9.9999999999999989e-01
267	9.6296296296296298e+00	2.5925925925925930e+00	9.9999999999999989e-01
268	9.8765432098765462e+00	2.5925925925925930e+00	9.9999999999999989e-01
269	1.0000000000000002e+01	2.5925925925925930e+00	9.9999999999999989e-01
270	0.0000000000000000e+00	2.9629629629629632e+00	1.0000000000000000e+00
271	1.2345679012345681e-01	2.9629629629629632e+00	1.0000000000000000e+00
272	3.7037037037037046e-01	2.9629629629629632e+00	1.0000000000000000e+00
273	7.4074074074074092e-01	2.9629629629629632e+00	1.0000000000000000e+00
274	1.1111111111111114e+00	2.9629629629629637e+00	9.9999999999999989e-01
275	1.4814814814814816e+00	2.9629629629629632e+00	1.0000000000000000e+00
276	1.8518518518518521e+00	2.9629629629629637e+00	1.0000000000000000e+00
277	2.2222222222222223e+00	2.9629629629629632e+00	1.0000000000000000e+00
278	2.5925925925925934e+00	2.9629629629629632e+00	9.9999999999999989e-01
279	2.9629629629629637e+00	2.9629629629629632e+00	1.0000000000000000e+00
280	3.3333333333333339e+00	2.9629629629629637e+00	1.0000000000000000e+00
281	3.7037037037037033e+00	2.9629629629629632e+00	1.0000000000000002e+00
282	4.0740740740740753e+00	2.9629629629629637e+00	9.9999999999999989e-01
283	4.4444444444444446e+00	2.9629629629629632e+00	1.0000000000000000e+00
284	4.8148148148148158e+00	2.9629629629629632e+00	1.0000000000000000e+00
285	5.1851851851851860e+00	2.9629629629629628e+00	1.0000000000000000e+00
286	5.5555555555555562e+00	2.9629629629629632e+00	9.9999999999999989e-01
287	5.9259259259259274e+00	2.9629629629629632e+00	1.0000000000000000e+00
288	6.2962962962962976e+00	2.9629629629629637e+00	9.9999999999999989e-01
289	6.6666666666666670e+00	2.9629629629629632e+00	1.0000000000000000e+00
290	7.0370370370370363e+00	2.9629629629629632e+00	1.0000000000000000e+00
291	7.4074074074074074e+00	2.9629629629629632e+00	1.0000000000000000e+00
292	7.7777777777777768e+00	2.9629629629629632e+00	1.0000000000000000e+00
293	8.1481481481481488e+00	2.9629629629629632e+00	1.0000000000000000e+00
294	8.5185185185185208e+00	2.9629629629629632e+00	1.0000000000000000e+00
295	8.8888888888888893e+00	2.9629629629629632e+00	1.0000000000000000e+00
296	9.2592592592592577e+00	2.9629629629629628e+00	1.0000000000000000e+00
297	9.6296296296296315e+00	2.9629629629629632e+00	1.0000000000000000e+00
298	9.8765432098765444e+00	2.9629629629629632e+00	1.0000000000000000e+00
299	1.0000000000000000e+01	2.9629629629629632e+00	1.0000000000000000e+00
300	0.0000000000000000e+00	3.3333333333333335e+00	1.0000000000000000e+00
301	1.2345679012345681e-01	3.3333333333333339e+00	1.0000000000000000e+00
302	3.7037037037037046e-01	3.3333333333333335e+00	1.0000000000000000e+00
303	7.4074074074074081e-01	3.3333333333333335e+00	1.0000000000000000e+00
304	1.1111111111111112e+00	3.3333333333333335e+00	1.0000000000000000e+00
305	1.4814814814814816e+00	3.3333333333333335e+00	1.0000000000000000e+00
306	1.8518518518518523e+00	3.3333333333333335e+00	1.0000000000000000e+00
307	2.2222222222222223e+00	3.3333333333333335e+00	1.0000000000000000e+00
308	2.5925925925925930e+00	3.3333333333333330e+00	1.0000000000000000e+00
309	2.9629629629629632e+00	3.3333333333333335e+00	1.0000000000000000e+00
310	3.3333333333333339e+00	3.3333333333333339e+00	1.0000000000000000e+00
311	3.7037037037037033e+00	3.3333333333333330e+00	1.0000000000000004e+00
312	4.0740740740740744e+00	3.3333333333333335e+00	1.0000000000000000e+00
313	4.4444444444444446e+00	3.3333333333333335e+00	1.0000000000000000e+00
314	4.8148148148148149e+00	3.3333333333333335e+00	1.0000000000000000e+00
315	5.1851851851851860e+00	3.3333333333333335e+00	1.0000000000000000e+00
316	5.5555555555555562e+00	3.3333333333333335e+00	1.0000000000000000e+00
317	5.9259259259259265e+00	3.3333333333333335e+00	1.0000000000000000e+00
318	6.2962962962962967e+00	3.3333333333333335e+00	1.0000000000000000e+00
319	6.6666666666666679e+00	3.3333333333333335e+00	1.0000000000000000e+00
320	7.0370370370370381e+00	3.3333333333333335e+00	1.0000000000000000e+00
321	7.4074074074074074e+00	3.3333333333333335e+00	1.0000000000000000e+00
322	7.7777777777777777e+00	3.3333333333333335e+00	1.0000000000000000e+00
323	8.1481481481481488e+00	3.3333333333333335e+00	1.0000000000000000e+00
324	8.5185185185185190e+00	3.3333333333333339e+00	1.0000000000000000e+00
325	8.8888888888888893e+00	3.3333333333333335e+00	1.0000000000000000e+00
326	9.2592592592592577e+00	3.3333333333333330e+00	1.0000000000000000e+00
327	9.6296296296296298e+00	3.3333333333333335e+00	1.0000000000000000e+00
328	9.8765432098765462e+00	3.3333333333333335e+00	1.0000000000000000e+00
329	1.0000000000000002e+01	3.3333333333333335e+00	1.0000000000000000e+00
330	0.0000000000000000e+00	3.7037037037037033e+00	1.0000000000000002e+00
331	1.2345679012345680e-01	3.7037037037037037e+00	1.0000000000000002e+00
332	3.7037037037037041e-01	3.7037037037037033e+00	1.0000000000000002e+00
333	7.4074074074074059e-01	3.7037037037037033e+00	1.0000000000000002e+00
334	1.1111111111111114e+00	3.7037037037037037e+00	1.0000000000000000e+00
335	1.4814814814814812e+00	3.7037037037037033e+00	1.0000000000000002e+00
336	1.8518518518518519e+00	3.7037037037037033e+00	1.0000000000000002e+00
337	2.2222222222222223e+00	3.7037037037037033e+00	1.0000000000000002e+00
338	2.5925925925925930e+00	3.7037037037037037e+00	1.0000000000000000e+00
339	2.9629629629629624e+00	3.7037037037037037e+00	1.0000000000000002e+00
340	3.3333333333333330e+00	3.7037037037037037e+00	1.0000000000000002e+00
341	3.7037037037037037e+00	3.7037037037037037e+00	1.0000000000000002e+00
342	4.0740740740740753e+00	3.7037037037037037e+00	1.0000000000000000e+00
343	4.4444444444444446e+00	3.7037037037037033e+00	1.0000000000000002e+00
344	4.8148148148148149e+00	3.7037037037037033e+00	1.0000000000000002e+00
345	5.1851851851851851e+00	3.7037037037037028e+00	1.0000000000000002e+00
346	5.5555555555555562e+00	3.7037037037037037e+00	1.0000000000000000e+00
347	5.9259259259259247e+00	3.7037037037037033e+00	1.0000000000000002e+00
348	6.2962962962962967e+00	3.7037037037037037e+00	1.0000000000000000e+00
349	6.6666666666666661e+00	3.7037037037037028e+00	1.0000000000000002e+00
350	7.0370370370370354e+00	3.7037037037037037e+00	1.0000000000000002e+00
351	7.4074074074074057e+00	3.7037037037037028e+00	1.0000000000000002e+00
352	7.7777777777777750e+00	3.7037037037037033e+00	1.0000000000000002e+00
353	8.1481481481481488e+00	3.7037037037037033e+00	1.0000000000000002e+00
354	8.5185185185185190e+00	3.7037037037037037e+00	1.0000000000000002e+00
355	8.8888888888888893e+00	3.7037037037037033e+00	1.0000000000000002e+00
356	9.2592592592592577e+00	3.7037037037037028e+00	1.0000000000000002e+00
357	9.6296296296296280e+00	3.7037037037037033e+00	1.0000000000000002e+00
358	9.8765432098765444e+00	3.7037037037037033e+00	1.0000000000000002e+00
359	1.0000000000000000e+01	3.7037037037037033e+00	1.0000000000000002e+00
360	0.0000000000000000e+00	4.0740740740740753e+00	9.9999999999999989e-01
361	1.2345679012345682e-01	4.0740740740740753e+00	9.9999999999999989e-01
362	3.7037037037037052e-01	4.0740740740740753e+00	9.9999999999999989e-01
363	7.4074074074074092e-01	4.0740740740740753e+00	9.9999999999999989e-01
364	1.1111111111111114e+00	4.0740740740740753e+00	9.9999999999999978e-01
365	1.4814814814814818e+00	4.0740740740740753e+00	9.9999999999999989e-01
366	1.8518518518518523e+00	4.0740740740740753e+00	9.9999999999999989e-01
367	2.2222222222222228e+00	4.0740740740740753e+00	9.9999999999999989e-01
368	2.5925925925925934e+00	4.0740740740740744e+00	9.9999999999999978e-01
369	2.9629629629629637e+00	4.0740740740740753e+00	9.9999999999999989e-01
370	3.3333333333333335e+00	4.0740740740740753e+00	9.9999999999999989e-01
371	3.7037037037037037e+00	4.0740740740740735e+00	1.0000000000000002e+00
372	4.0740740740740753e+00	4.0740740740740753e+00	9.9999999999999978e-01
373	4.4444444444444455e+00	4.0740740740740753e+00	9.9999999999999989e-01
374	4.8148148148148158e+00	4.0740740740740753e+00	9.9999999999999989e-01
375	5.1851851851851869e+00	4.0740740740740753e+00	9.9999999999999989e-01
376	5.5555555555555562e+00	4.0740740740740753e+00	9.9999999999999978e-01
377	5.9259259259259274e+00	4.0740740740740753e+00	9.9999999999999989e-01
378	6.2962962962962985e+00	4.0740740740740753e+00	9.9999999999999978e-01
379	6.6666666666666670e+00	4.0740740740740753e+00	9.9999999999999989e-01
380	7.0370370370370390e+00	4.0740740740740753e+00	9.9999999999999989e-01
381	7.4074074074074074e+00	4.0740740740740753e+00	9.9999999999999989e-01
382	7.7777777777777777e+00	4.0740740740740753e+00	9.9999999999999989e-01
383	8.1481481481481506e+00	4.0740740740740753e+00	9.9999999999999989e-01
384	8.5185185185185208e+00	4.0740740740740753e+00	9.9999999999999989e-01
385	8.8888888888888911e+00	4.0740740740740753e+00	9.9999999999999989e-01
386	9.2592592592592595e+00	4.0740740740740744e+00	9.9999999999999989e-01
387	9.6296296296296315e+00	4.0740740740740753e+00	9.9999999999999989e-01
388	9.8765432098765462e+00	4.0740740740740753e+00	9.9999999999999989e-01
389	1.0000000000000002e+01	4.0740740740740753e+00	9.9999999999999989e-01
390	0.0000000000000000e+00	4.4444444444444446e+00	1.0000000000000000e+00
391	1.2345679012345681e-01	4.4444444444444446e+00	1.0000000000000000e+00
392	3.7037037037037052e-01	4.4444444444444446e+00	1.0000000000000000e+00
393	7.4074074074074092e-01	4.4444444444444446e+00	1.0000000000000000e+00
394	1.1111111111111114e+00	4.4444444444444455e+00	9.9999999999999978e-01
395	1.4814814814814818e+00	4.4444444444444446e+00	1.0000000000000000e+00
396	1.8518518518518523e+00	4.4444444444444446e+00	1.0000000000000000e+00
397	2.2222222222222223e+00	4.4444444444444446e+00	1.0000000000000000e+00
398	2.5925925925925934e+00	4.4444444444444455e+00	9.9999999999999978e-01
399	2.9629629629629637e+00	4.4444444444444446e+00	1.0000000000000000e+00
400	3.3333333333333335e+00	4.4444444444444455e+00	1.0000000000000000e+00
401	3.7037037037037037e+00	4.4444444444444446e+00	1.0000000000000002e+00
402	4.0740740740740753e+00	4.4444444444444455e+00	9.9999999999999978e-01
403	4.4444444444444446e+00	4.4444444444444446e+00	1.0000000000000000e+00
404	4.8148148148148158e+00	4.4444444444444446e+00	1.0000000000000000e+00
405	5.1851851851851860e+00	4.4444444444444446e+00	1.0000000000000000e+00
406	5.5555555555555571e+00	4.4444444444444455e+00	9.9999999999999978e-01
407	5.9259259259259274e+00	4.4444444444444446e+00	1.0000000000000000e+00
408	6.2962962962962976e+00	4.4444444444444455e+00	9.9999999999999978e-01
409	6.6666666666666670e+00	4.4444444444444446e+00	1.0000000000000000e+00
410	7.0370370370370381e+00	4.4444444444444446e+00	1.0000000000000000e+00
411	7.4074074074074074e+00	4.4444444444444446e+00	1.0000000000000000e+00
412	7.7777777777777768e+00	4.4444444444444446e+00	1.0000000000000000e+00
413	8.1481481481481488e+00	4.4444444444444446e+00	1.0000000000000000e+00
414	8.5185185185185190e+00	4.4444444444444446e+00	1.0000000000000000e+00
415	8.8888888888888893e+00	4.4444444444444446e+00	1.0000000000000000e+00
416	9.2592592592592595e+00	4.4444444444444446e+00	1.0000000000000000e+00
417	9.6296296296296298e+00	4.4444444444444446e+00	1.0000000000000000e+00
418	9.8765432098765462e+00	4.4444444444444446e+00	1.0000000000000000e+00
419	1.0000000000000000e+01	4.4444444444444446e+00	1.0000000000000000e+00
420	0.0000000000000000e+00	4.8148148148148149e+00	1.0000000000000000e+00
421	1.2345679012345682e-01	4.8148148148148158e+00	1.0000000000000000e+00
422	3.7037037037037052e-01	4.8148148148148149e+00	1.0000000000000000e+00
423	7.4074074074074092e-01	4.8148148148148149e+00	1.0000000000000000e+00
424	1.1111111111111114e+00	4.8148148148148149e+00	1.0000000000000000e+00
425	1.4814814814814818e+00	4.8148148148148158e+00	1.0000000000000000e+00
426	1.8518518518518525e+00	4.8148148148148149e+00	1.0000000000000000e+00
427	2.2222222222222228e+00	4.8148148148148149e+00	1.0000000000000000e+00
428	2.5925925925925930e+00	4.8148148148148149e+00	1.0000000000000000e+00
429	2.9629629629629637e+00	4.8148148148148158e+00	1.0000000000000000e+00
430	3.3333333333333335e+00	4.8148148148148158e+00	1.0000000000000000e+00
431	3.7037037037037033e+00	4.8148148148148149e+00	1.0000000000000004e+00
432	4.0740740740740744e+00	4.8148148148148149e+00	1.0000000000000000e+00
433	4.4444444444444455e+00	4.8148148148148149e+00	1.0000000000000000e+00
434	4.8148148148148158e+00	4.8148148148148158e+00	1.0000000000000000e+00
435	5.1851851851851869e+00	4.8148148148148149e+00	1.0000000000000000e+00
436	5.5555555555555562e+00	4.8148148148148149e+00	1.0000000000000000e+00
437	5.9259259259259274e+00	4.8148148148148149e+00	1.0000000000000000e+00
438	6.2962962962962967e+00	4.8148148148148158e+00	1.0000000000000000e+00
439	6.6666666666666670e+00	4.8148148148148149e+00	1.0000000000000000e+00
440	7.0370370370370372e+00	4.8148148148148158e+00	1.0000000000000000e+00
441	7.4074074074074074e+00	4.8148148148148149e+00	1.0000000000000000e+00
442	7.7777777777777786e+00	4.8148148148148149e+00	1.0000000000000000e+00
443	8.1481481481481488e+00	4.8148148148148149e+00	1.0000000000000000e+00
444	8.5185185185185190e+00	4.8148148148148158e+00	1.0000000000000000e+00
445	8.8888888888888911e+00	4.8148148148148149e+00	1.0000000000000000e+00
446	9.2592592592592577e+00	4.8148148148148149e+00	1.0000000000000000e+00
447	9.6296296296296298e+00	4.8148148148148149e+00	1.0000000000000000e+00
448	9.8765432098765444e+00	4.8148148148148149e+00	1.0000000000000000e+00
449	1.0000000000000000e+01	4.8148148148148149e+00	1.0000000000000000e+00
450	0.0000000000000000e+00	5.1851851851851860e+00	1.0000000000000000e+00
451	1.2345679012345680e-01	5.1851851851851860e+00	1.0000000000000000e+00
452	3.7037037037037046e-01	5.1851851851851860e+00	1.0000000000000000e+00
453	7.4074074074074092e-01	5.1851851851851851e+00	1.0000000000000000e+00
454	1.1111111111111114e+00	5.1851851851851860e+00	9.9999999999999989e-01
455	1.4814814814814818e+00	5.1851851851851860e+00	1.0000000000000000e+00
456	1.8518518518518523e+00	5.1851851851851860e+00	1.0000000000000000e+00
457	2.2222222222222223e+00	5.1851851851851860e+00	1.0000000000000000e+00
458	2.5925925925925930e+00	5.1851851851851860e+00	9.9999999999999989e-01
459	2.9629629629629637e+00	5.1851851851851860e+00	1.0000000000000000e+00
460	3.3333333333333335e+00	5.1851851851851860e+00	1.0000000000000000e+00
461	3.7037037037037037e+00	5.1851851851851851e+00	1.0000000000000002e+00
462	4.0740740740740753e+00	5.1851851851851860e+00	9.9999999999999989e-01
463	4.4444444444444446e+00	5.1851851851851860e+00	1.0000000000000000e+00
464	4.8148148148148167e+00	5.1851851851851860e+00	1.0000000000000000e+00
465	5.1851851851851860e+00	5.1851851851851860e+00	1.0000000000000000e+00
466	5.5555555555555571e+00	5.1851851851851860e+00	9.9999999999999989e-01
467	5.9259259259259274e+00	5.1851851851851860e+00	1.0000000000000000e+00
468	6.2962962962962976e+00	5.1851851851851869e+00	9.9999999999999989e-01
469	6.6666666666666670e+00	5.1851851851851851e+00	1.0000000000000000e+00
470	7.0370370370370381e+00	5.1851851851851860e+00	1.0000000000000000e+00
471	7.4074074074074083e+00	5.1851851851851851e+00	1.0000000000000000e+00
472	7.7777777777777768e+00	5.1851851851851860e+00	1.0000000000000000e+00
473	8.1481481481481488e+00	5.1851851851851860e+00	1.0000000000000000e+00
474	8.5185185185185190e+00	5.1851851851851860e+00	1.0000000000000000e+00
475	8.8888888888888893e+00	5.1851851851851860e+00	1.0000000000000000e+00
476	9.2592592592592577e+00	5.1851851851851851e+00	1.0000000000000000e+00
477	9.6296296296296298e+00	5.1851851851851860e+00	1.0000000000000000e+00
478	9.8765432098765444e+00	5.1851851851851860e+00	1.0000000000000000e+00
479	1.0000000000000000e+01	5.1851851851851860e+00	1.0000000000000000e+00
480	0.0000000000000000e+00	5.5555555555555562e+00	9.9999999999999989e-01
481	1.2345679012345682e-01	5.5555555555555562e+00	9.9999999999999989e-01
482	3.7037037037037046e-01	5.5555555555555562e+00	9.9999999999999989e-01
483	7.4074074074074092e-01	5.5555555555555562e+00	9.9999999999999989e-01
484	1.1111111111111114e+00	5.5555555555555554e+00	9.9999999999999978e-01
485	1.4814814814814818e+00	5.5555555555555562e+00	9.9999999999999989e-01
486	1.8518518518518521e+00	5.5555555555555562e+00	9.9999999999999989e-01
487	2.2222222222222228e+00	5.5555555555555562e+00	9.9999999999999989e-01
488	2.5925925925925934e+00	5.5555555555555562e+00	9.9999999999999978e-01
489	2.9629629629629637e+00	5.5555555555555562e+00	9.9999999999999989e-01
490	3.3333333333333339e+00	5.5555555555555571e+00	9.9999999999999989e-01
491	3.7037037037037042e+00	5.5555555555555562e+00	1.0000000000000000e+00
492	4.0740740740740753e+00	5.5555555555555562e+00	9.9999999999999978e-01
493	4.4444444444444455e+00	5.5555555555555562e+00	9.9999999999999989e-01
494	4.8148148148148158e+00	5.5555555555555562e+00	9.9999999999999989e-01
495	5.1851851851851869e+00	5.5555555555555562e+00	9.9999999999999989e-01
496	5.5555555555555562e+00	5.5555555555555562e+00	9.9999999999999978e-01
497	5.9259259259259274e+00	5.5555555555555562e+00	9.9999999999999989e-01
498	6.2962962962962976e+00	5.5555555555555562e+00	9.9999999999999978e-01
499	6.6666666666666679e+00	5.5555555555555562e+00	9.9999999999999989e-01
500	7.0370370370370372e+00	5.5555555555555562e+00	9.9999999999999989e-01
501	7.4074074074074074e+00	5.5555555555555562e+00	9.9999999999999989e-01
502	7.7777777777777777e+00	5.5555555555555562e+00	9.9999999999999989e-01
503	8.1481481481481506e+00	5.5555555555555562e+00	9.9999999999999989e-01
504	8.5185185185185208e+00	5.5555555555555562e+00	9.9999999999999989e-01
505	8.8888888888888911e+00	5.5555555555555562e+00	9.9999999999999989e-01
506	9.2592592592592595e+00	5.5555555555555562e+00	9.9999999999999989e-01
507	9.6296296296296315e+00	5.5555555555555562e+00	9.9999999999999989e-01
508	9.8765432098765462e+00	5.5555555555555562e+00	9.9999999999999989e-01
509	1.0000000000000000e+01	5.5555555555555562e+00	9.9999999999999989e-01
510	0.0000000000000000e+00	5.9259259259259265e+00	1.0000000000000000e+00
511	1.2345679012345681e-01	5.9259259259259274e+00	1.0000000000000000e+00
512	3.7037037037037046e-01	5.9259259259259265e+00	1.0000000000000000e+00
513	7.4074074074074092e-01	5.9259259259259256e+00	1.0000000000000000e+00
514	1.1111111111111114e+00	5.9259259259259265e+00	9.9999999999999978e-01
515	1.4814814814814816e+00	5.9259259259259265e+00	1.0000000000000000e+00
516	1.8518518518518521e+00	5.9259259259259274e+00	1.0000000000000000e+00
517	2.2222222222222223e+00	5.9259259259259265e+00	1.0000000000000000e+00
518	2.5925925925925934e+00	5.9259259259259265e+00	9.9999999999999978e-01
519	2.9629629629629637e+00	5.9259259259259265e+00	1.0000000000000000e+00
520	3.3333333333333335e+00	5.9259259259259274e+00	1.0000000000000000e+00
521	3.7037037037037033e+00	5.9259259259259265e+00	1.0000000000000002e+00
522	4.0740740740740753e+00	5.9259259259259265e+00	9.9999999999999978e-01
523	4.4444444444444446e+00	5.9259259259259265e+00	1.0000000000000000e+00
524	4.8148148148148149e+00	5.9259259259259265e+00	1.0000000000000000e+00
525	5.1851851851851860e+00	5.9259259259259256e+00	1.0000000000000000e+00
526	5.5555555555555562e+00	5.9259259259259265e+00	9.9999999999999978e-01
527	5.9259259259259274e+00	5.9259259259259265e+00	1.0000000000000000e+00
528	6.2962962962962985e+00	5.9259259259259265e+00	9.9999999999999978e-01
529	6.6666666666666661e+00	5.9259259259259256e+00	1.0000000000000000e+00
530	7.0370370370370381e+00	5.9259259259259265e+00	1.0000000000000000e+00
531	7.4074074074074074e+00	5.9259259259259256e+00	1.0000000000000000e+00
532	7.7777777777777768e+00	5.9259259259259265e+00	1.0000000000000000e+00
533	8.1481481481481488e+00	5.9259259259259265e+00	1.0000000000000000e+00
534	8.5185185185185190e+00	5.9259259259259274e+00	1.0000000000000000e+00
535	8.8888888888888893e+00	5.9259259259259265e+00	1.0000000000000000e+00
536	9.2592592592592577e+00	5.9259259259259256e+00	1.0000000000000000e+00
537	9.6296296296296298e+00	5.9259259259259265e+00	1.0000000000000000e+00
538	9.8765432098765444e+00	5.9259259259259265e+00	1.0000000000000000e+00
539	1.0000000000000000e+01	5.9259259259259265e+00	1.0000000000000000e+00
540	0.0000000000000000e+00	6.2962962962962967e+00	9.9999999999999989e-01
541	1.2345679012345682e-01	6.2962962962962976e+00	9.9999999999999989e-01
542	3.7037037037037052e-01	6.2962962962962967e+00	9.9999999999999989e-01
543	7.4074074074074092e-01	6.2962962962962967e+00	9.9999999999999989e-01
544	1.1111111111111114e+00	6.2962962962962967e+00	9.9999999999999989e-01
545	1.4814814814814818e+00	6.2962962962962967e+00	9.9999999999999989e-01
546	1.8518518518518523e+00	6.2962962962962976e+00	9.9999999999999989e-01
547	2.2222222222222228e+00	6.2962962962962967e+00	9.9999999999999989e-01
548	2.5925925925925934e+00	6.2962962962962967e+00	9.9999999999999989e-01
549	2.9629629629629637e+00	6.2962962962962976e+00	9.9999999999999989e-01
550	3.3333333333333335e+00	6.2962962962962985e+00	9.9999999999999989e-01
551	3.7037037037037037e+00	6.2962962962962958e+00	1.0000000000000002e+00
552	4.0740740740740753e+00	6.2962962962962967e+00	9.9999999999999989e-01
553	4.4444444444444455e+00	6.2962962962962967e+00	9.9999999999999989e-01
554	4.8148148148148158e+00	6.2962962962962967e+00	9.9999999999999989e-01
555	5.1851851851851869e+00	6.2962962962962967e+00	9.9999999999999989e-01
556	5.5555555555555562e+00	6.2962962962962967e+00	9.9999999999999989e-01
557	5.9259259259259274e+00	6.2962962962962967e+00	9.9999999999999989e-01
558	6.2962962962962967e+00	6.2962962962962967e+00	9.9999999999999989e-01
559	6.6666666666666670e+00	6.2962962962962967e+00	9.9999999999999989e-01
560	7.0370370370370381e+00	6.2962962962962976e+00	9.9999999999999989e-01
561	7.4074074074074074e+00	6.2962962962962967e+00	9.9999999999999989e-01
562	7.7777777777777777e+00	6.2962962962962967e+00	9.9999999999999989e-01
563	8.1481481481481506e+00	6.2962962962962967e+00	9.9999999999999989e-01
564	8.5185185185185208e+00	6.2962962962962976e+00	9.9999999999999989e-01
565	8.8888888888888911e+00	6.2962962962962967e+00	9.9999999999999989e-01
566	9.2592592592592595e+00	6.2962962962962967e+00	9.9999999999999989e-01
567	9.6296296296296315e+00	6.2962962962962967e+00	9.9999999999999989e-01
568	9.8765432098765462e+00	6.2962962962962967e+00	9.9999999999999989e-01
569	1.0000000000000002e+01	6.2962962962962967e+00	9.9999999999999989e-01
570	0.0000000000000000e+00	6.6666666666666661e+00	1.0000000000000000e+00
571	1.2345679012345681e-01	6.6666666666666670e+00	1.0000000000000000e+00
572	3.7037037037037046e-01	6.6666666666666661e+00	1.0000000000000000e+00
573	7.4074074074074081e-01	6.6666666666666661e+00	1.0000000000000000e+00
574	1.1111111111111114e+00	6.6666666666666679e+00	9.9999999999999978e-01
575	1.4814814814814814e+00	6.6666666666666661e+00	1.0000000000000000e+00
576	1.8518518518518519e+00	6.6666666666666670e+00	1.0000000000000000e+00
577	2.2222222222222223e+00	6.6666666666666661e+00	1.0000000000000000e+00
578	2.5925925925925930e+00	6.6666666666666679e+00	9.9999999999999978e-01
579	2.9629629629629632e+00	6.6666666666666670e+00	1.0000000000000000e+00
580	3.3333333333333330e+00	6.6666666666666679e+00	1.0000000000000000e+00
581	3.7037037037037037e+00	6.6666666666666661e+00	1.0000000000000002e+00
582	4.0740740740740753e+00	6.6666666666666679e+00	9.9999999999999978e-01
583	4.4444444444444446e+00	6.6666666666666661e+00	1.0000000000000000e+00
584	4.8148148148148158e+00	6.6666666666666661e+00	1.0000000000000000e+00
585	5.1851851851851851e+00	6.6666666666666661e+00	1.0000000000000000e+00
586	5.5555555555555562e+00	6.6666666666666679e+00	9.9999999999999978e-01
587	5.9259259259259265e+00	6.6666666666666661e+00	1.0000000000000000e+00
588	6.2962962962962985e+00	6.6666666666666679e+00	9.9999999999999978e-01
589	6.6666666666666661e+00	6.6666666666666661e+00	1.0000000000000000e+00
590	7.0370370370370363e+00	6.6666666666666670e+00	1.0000000000000000e+00
591	7.4074074074074066e+00	6.6666666666666661e+00	1.0000000000000000e+00
592	7.7777777777777768e+00	6.6666666666666661e+00	1.0000000000000000e+00
593	8.1481481481481488e+00	6.6666666666666661e+00	1.0000000000000000e+00
594	8.5185185185185190e+00	6.6666666666666670e+00	1.0000000000000000e+00
595	8.8888888888888893e+00	6.6666666666666661e+00	1.0000000000000000e+00
596	9.2592592592592577e+00	6.6666666666666661e+00	1.0000000000000000e+00
597	9.6296296296296298e+00	6.6666666666666661e+00	1.0000000000000000e+00
598	9.8765432098765444e+00	6.6666666666666661e+00	1.0000000000000000e+00
599	1.0000000000000000e+01	6.6666666666666661e+00	1.0000000000000000e+00
600	0.0000000000000000e+00	7.0370370370370372e+00	1.0000000000000000e+00
601	1.2345679012345681e-01	7.0370370370370372e+00	1.0000000000000000e+00
602	3.7037037037037046e-01	7.0370370370370372e+00	1.0000000000000000e+00
603	7.4074074074074092e-01	7.0370370370370363e+00	1.0000000000000000e+00
604	1.1111111111111114e+00	7.0370370370370381e+00	9.9999999999999978e-01
605	1.4814814814814816e+00	7.0370370370370372e+00	1.0000000000000000e+00
606	1.8518518518518521e+00	7.0370370370370381e+00	1.0000000000000000e+00
607	2.2222222222222223e+00	7.0370370370370372e+00	1.0000000000000000e+00
608	2.5925925925925934e+00	7.0370370370370381e+00	9.9999999999999978e-01
609	2.9629629629629637e+00	7.0370370370370372e+00	1.0000000000000000e+00
610	3.3333333333333339e+00	7.0370370370370381e+00	1.0000000000000000e+00
611	3.7037037037037037e+00	7.0370370370370363e+00	1.0000000000000002e+00
612	4.0740740740740753e+00	7.0370370370370381e+00	9.9999999999999978e-01
613	4.4444444444444446e+00	7.0370370370370372e+00	1.0000000000000000e+00
614	4.8148148148148149e+00	7.0370370370370372e+00	1.0000000000000000e+00
615	5.1851851851851860e+00	7.0370370370370363e+00	1.0000000000000000e+00
616	5.5555555555555562e+00	7.0370370370370381e+00	9.9999999999999978e-01
617	5.9259259259259274e+00	7.0370370370370372e+00	1.0000000000000000e+00
618	6.2962962962962976e+00	7.0370370370370381e+00	9.9999999999999978e-01
619	6.6666666666666679e+00	7.0370370370370363e+00	1.0000000000000000e+00
620	7.0370370370370372e+00	7.0370370370370372e+00	1.0000000000000000e+00
621	7.4074074074074066e+00	7.0370370370370363e+00	1.0000000000000000e+00
622	7.7777777777777768e+00	7.0370370370370372e+00	1.0000000000000000e+00
623	8.1481481481481488e+00	7.0370370370370372e+00	1.0000000000000000e+00
624	8.5185185185185190e+00	7.0370370370370372e+00	1.0000000000000000e+00
625	8.8888888888888893e+00	7.0370370370370372e+00	1.0000000000000000e+00
626	9.2592592592592577e+00	7.0370370370370363e+00	1.0000000000000000e+00
627	9.6296296296296298e+00	7.0370370370370372e+00	1.0000000000000000e+00
628	9.8765432098765444e+00	7.0370370370370372e+00	1.0000000000000000e+00
629	1.0000000000000000e+01	7.0370370370370372e+00	1.0000000000000000e+00
630	0.0000000000000000e+00	7.4074074074074066e+00	1.0000000000000000e+00
631	1.2345679012345681e-01	7.4074074074074074e+00	1.0000000000000000e+00
632	3.7037037037037046e-01	7.4074074074074066e+00	1.0000000000000000e+00
633	7.4074074074074092e-01	7.4074074074074066e+00	1.0000000000000000e+00
634	1.1111111111111114e+00	7.4074074074074074e+00	9.9999999999999978e-01
635	1.4814814814814814e+00	7.4074074074074074e+00	1.0000000000000000e+00
636	1.8518518518518521e+00	7.4074074074074083e+00	1.0000000000000000e+00
637	2.2222222222222223e+00	7.4074074074074066e+00	1.0000000000000000e+00
638	2.5925925925925930e+00	7.4074074074074083e+00	9.9999999999999978e-01
639	2.9629629629629637e+00	7.4074074074074074e+00	1.0000000000000000e+00
640	3.3333333333333330e+00	7.4074074074074083e+00	1.0000000000000000e+00
641	3.7037037037037033e+00	7.4074074074074066e+00	1.0000000000000002e+00
642	4.0740740740740753e+00	7.4074074074074083e+00	9.9999999999999978e-01
643	4.4444444444444446e+00	7.4074074074074066e+00	1.0000000000000000e+00
644	4.8148148148148149e+00	7.4074074074074074e+00	1.0000000000000000e+00
645	5.1851851851851860e+00	7.4074074074074066e+00	1.0000000000000000e+00
646	5.5555555555555562e+00	7.4074074074074083e+00	9.9999999999999978e-01
647	5.9259259259259274e+00	7.4074074074074066e+00	1.0000000000000000e+00
648	6.2962962962962976e+00	7.4074074074074083e+00	9.9999999999999978e-01
649	6.6666666666666661e+00	7.4074074074074066e+00	1.0000000000000000e+00
650	7.0370370370370363e+00	7.4074074074074074e+00	1.0000000000000000e+00
651	7.4074074074074066e+00	7.4074074074074066e+00	1.0000000000000000e+00
652	7.7777777777777768e+00	7.4074074074074066e+00	1.0000000000000000e+00
653	8.1481481481481488e+00	7.4074074074074066e+00	1.0000000000000000e+00
654	8.5185185185185190e+00	7.4074074074074074e+00	1.0000000000000000e+00
655	8.8888888888888893e+00	7.4074074074074066e+00	1.0000000000000000e+00
656	9.2592592592592577e+00	7.4074074074074066e+00	1.0000000000000000e+00
657	9.6296296296296298e+00	7.4074074074074066e+00	1.0000000000000000e+00
658	9.8765432098765444e+00	7.4074074074074066e+00	1.0000000000000000e+00
659	1.0000000000000000e+01	7.4074074074074066e+00	1.0000000000000000e+00
660	0.0000000000000000e+00	7.7777777777777768e+00	1.0000000000000000e+00
661	1.2345679012345681e-01	7.7777777777777768e+00	1.0000000000000000e+00
662	3.7037037037037046e-01	7.7777777777777768e+00	1.0000000000000000e+00
663	7.4074074074074081e-01	7.7777777777777768e+00	1.0000000000000000e+00
664	1.1111111111111114e+00	7.7777777777777768e+00	9.9999999999999989e-01
665	1.4814814814814814e+00	7.7777777777777768e+00	1.0000000000000000e+00
666	1.8518518518518521e+00	7.7777777777777786e+00	1.0000000000000000e+00
667	2.2222222222222223e+00	7.7777777777777768e+00	1.0000000000000000e+00
668	2.5925925925925930e+00	7.7777777777777777e+00	9.9999999999999989e-01
669	2.9629629629629632e+00	7.7777777777777768e+00	1.0000000000000000e+00
670	3.3333333333333335e+00	7.7777777777777786e+00	1.0000000000000000e+00
671	3.7037037037037033e+00	7.7777777777777768e+00	1.0000000000000002e+00
672	4.0740740740740753e+00	7.7777777777777777e+00	9.9999999999999989e-01
673	4.4444444444444446e+00	7.7777777777777768e+00	1.0000000000000000e+00
674	4.8148148148148149e+00	7.7777777777777768e+00	1.0000000000000000e+00
675	5.1851851851851851e+00	7.7777777777777768e+00	1.0000000000000000e+00
676	5.5555555555555562e+00	7.7777777777777768e+00	9.9999999999999989e-01
677	5.9259259259259265e+00	7.7777777777777768e+00	1.0000000000000000e+00
678	6.2962962962962967e+00	7.7777777777777777e+00	9.9999999999999989e-01
679	6.6666666666666661e+00	7.7777777777777768e+00	1.0000000000000000e+00
680	7.0370370370370363e+00	7.7777777777777768e+00	1.0000000000000000e+00
681	7.4074074074074066e+00	7.7777777777777768e+00	1.0000000000000000e+00
682	7.7777777777777768e+00	7.7777777777777768e+00	1.0000000000000000e+00
683	8.1481481481481488e+00	7.7777777777777768e+00	1.0000000000000000e+00
684	8.5185185185185190e+00	7.7777777777777768e+00	1.0000000000000000e+00
685	8.8888888888888893e+00	7.7777777777777768e+00	1.0000000000000000e+00
686	9.2592592592592577e+00	7.7777777777777768e+00	1.0000000000000000e+00
687	9.6296296296296298e+00	7.7777777777777768e+00	1.0000000000000000e+00
688	9.8765432098765444e+00	7.7777777777777768e+00	1.0000000000000000e+00
689	1.0000000000000000e+01	7.7777777777777768e+00	1.0000000000000000e+00
690	0.0000000000000000e+00	8.1481481481481488e+00	1.0000000000000000e+00
691	1.2345679012345681e-01	8.1481481481481488e+00	1.0000000000000000e+00
692	3.7037037037037046e-01	8.1481481481481488e+00	1.0000000000000000e+00
693	7.4074074074074092e-01	8.1481481481481488e+00	1.0000000000000000e+00
694	1.1111111111111114e+00	8.1481481481481506e+00	9.9999999999999989e-01
695	1.4814814814814816e+00	8.1481481481481488e+00	1.0000000000000000e+00
696	1.8518518518518521e+00	8.1481481481481488e+00	1.0000000000000000e+00
697	2.2222222222222223e+00	8.1481481481481488e+00	1.0000000000000000e+00
698	2.5925925925925930e+00	8.1481481481481506e+00	9.9999999999999989e-01
699	2.9629629629629637e+00	8.1481481481481488e+00	1.0000000000000000e+00
700	3.3333333333333335e+00	8.1481481481481506e+00	1.0000000000000000e+00
701	3.7037037037037042e+00	8.1481481481481488e+00	1.0000000000000002e+00
702	4.0740740740740753e+00	8.1481481481481506e+00	9.9999999999999989e-01
703	4.4444444444444446e+00	8.1481481481481488e+00	1.0000000000000000e+00
704	4.8148148148148149e+00	8.1481481481481488e+00	1.0000000000000000e+00
705	5.1851851851851860e+00	8.1481481481481488e+00	1.0000000000000000e+00
706	5.5555555555555562e+00	8.1481481481481506e+00	9.9999999999999989e-01
707	5.9259259259259274e+00	8.1481481481481488e+00	1.0000000000000000e+00
708	6.2962962962962967e+00	8.1481481481481506e+00	9.9999999999999989e-01
709	6.6666666666666661e+00	8.1481481481481488e+00	1.0000000000000000e+00
710	7.0370370370370381e+00	8.1481481481481488e+00	1.0000000000000000e+00
711	7.4074074074074074e+00	8.1481481481481488e+00	1.0000000000000000e+00
712	7.7777777777777768e+00	8.1481481481481488e+00	1.0000000000000000e+00
713	8.1481481481481488e+00	8.1481481481481488e+00	1.0000000000000000e+00
714	8.5185185185185190e+00	8.1481481481481488e+00	1.0000000000000000e+00
715	8.8888888888888893e+00	8.1481481481481488e+00	1.0000000000000000e+00
716	9.2592592592592577e+00	8.1481481481481488e+00	1.0000000000000000e+00
717	9.6296296296296298e+00	8.1481481481481488e+00	1.0000000000000000e+00
718	9.8765432098765444e+00	8.1481481481481488e+00	1.0000000000000000e+00
719	1.0000000000000000e+01	8.1481481481481488e+00	1.0000000000000000e+00
720	0.0000000000000000e+00	8.5185185185185190e+00	1.0000000000000000e+00
721	1.2345679012345681e-01	8.5185185185185190e+00	1.0000000000000000e+00
722	3.7037037037037046e-01	8.5185185185185190e+00	1.0000000000000000e+00
723	7.4074074074074092e-01	8.5185185185185190e+00	1.0000000000000000e+00
724	1.1111111111111114e+00	8.5185185185185190e+00	9.9999999999999989e-01
725	1.4814814814814816e+00	8.5185185185185190e+00	1.0000000000000000e+00
726	1.8518518518518521e+00	8.5185185185185190e+00	1.0000000000000000e+00
727	2.2222222222222223e+00	8.5185185185185190e+00	1.0000000000000000e+00
728	2.5925925925925930e+00	8.5185185185185208e+00	9.9999999999999989e-01
729	2.9629629629629637e+00	8.5185185185185190e+00	1.0000000000000000e+00
730	3.3333333333333339e+00	8.5185185185185208e+00	1.0000000000000000e+00
731	3.7037037037037037e+00	8.5185185185185190e+00	1.0000000000000002e+00
732	4.0740740740740753e+00	8.5185185185185208e+00	9.9999999999999989e-01
733	4.4444444444444446e+00	8.5185185185185190e+00	1.0000000000000000e+00
734	4.8148148148148158e+00	8.5185185185185190e+00	1.0000000000000000e+00
735	5.1851851851851860e+00	8.5185185185185190e+00	1.0000000000000000e+00
736	5.5555555555555562e+00	8.5185185185185208e+00	9.9999999999999989e-01
737	5.9259259259259274e+00	8.5185185185185190e+00	1.0000000000000000e+00
738	6.2962962962962976e+00	8.5185185185185208e+00	9.9999999999999989e-01
739	6.6666666666666679e+00	8.5185185185185190e+00	1.0000000000000000e+00
740	7.0370370370370372e+00	8.5185185185185190e+00	1.0000000000000000e+00
741	7.4074074074074074e+00	8.5185185185185190e+00	1.0000000000000000e+00
742	7.7777777777777768e+00	8.5185185185185190e+00	1.0000000000000000e+00
743	8.1481481481481488e+00	8.5185185185185190e+00	1.0000000000000000e+00
744	8.5185185185185190e+00	8.5185185185185190e+00	1.0000000000000000e+00
745	8.8888888888888893e+00	8.5185185185185190e+00	1.0000000000000000e+00
746	9.2592592592592595e+00	8.5185185185185190e+00	1.0000000000000000e+00
747	9.6296296296296298e+00	8.5185185185185190e+00	1.0000000000000000e+00
748	9.8765432098765444e+00	8.5185185185185190e+00	1.0000000000000000e+00
749	1.0000000000000000e+01	8.5185185185185190e+00	1.0000000000000000e+00
750	0.0000000000000000e+00	8.8888888888888893e+00	1.0000000000000000e+00
751	1.2345679012345682e-01	8.8888888888888893e+00	1.0000000000000000e+00
752	3.7037037037037046e-01	8.8888888888888893e+00	1.0000000000000000e+00
753	7.4074074074074081e-01	8.8888888888888875e+00	1.0000000000000000e+00
754	1.1111111111111114e+00	8.8888888888888893e+00	9.9999999999999989e-01
755	1.4814814814814814e+00	8.8888888888888893e+00	1.0000000000000000e+00
756	1.8518518518518523e+00	8.8888888888888911e+00	1.0000000000000000e+00
757	2.2222222222222223e+00	8.8888888888888893e+00	1.0000000000000000e+00
758	2.5925925925925934e+00	8.8888888888888911e+00	9.9999999999999989e-01
759	2.9629629629629632e+00	8.8888888888888893e+00	1.0000000000000000e+00
760	3.3333333333333335e+00	8.8888888888888911e+00	1.0000000000000000e+00
761	3.7037037037037037e+00	8.8888888888888893e+00	1.0000000000000002e+00
762	4.0740740740740753e+00	8.8888888888888911e+00	9.9999999999999989e-01
763	4.4444444444444446e+00	8.8888888888888893e+00	1.0000000000000000e+00
764	4.8148148148148149e+00	8.8888888888888893e+00	1.0000000000000000e+00
765	5.1851851851851869e+00	8.8888888888888893e+00	1.0000000000000000e+00
766	5.5555555555555562e+00	8.8888888888888893e+00	9.9999999999999989e-01
767	5.9259259259259265e+00	8.8888888888888893e+00	1.0000000000000000e+00
768	6.2962962962962976e+00	8.8888888888888911e+00	9.9999999999999989e-01
769	6.6666666666666661e+00	8.8888888888888893e+00	1.0000000000000000e+00
770	7.0370370370370381e+00	8.8888888888888893e+00	1.0000000000000000e+00
771	7.4074074074074066e+00	8.8888888888888893e+00	1.0000000000000000e+00
772	7.7777777777777777e+00	8.8888888888888893e+00	1.0000000000000000e+00
773	8.1481481481481488e+00	8.8888888888888893e+00	1.0000000000000000e+00
774	8.5185185185185190e+00	8.8888888888888893e+00	1.0000000000000000e+00
775	8.8888888888888893e+00	8.8888888888888893e+00	1.0000000000000000e+00
776	9.2592592592592577e+00	8.8888888888888893e+00	1.0000000000000000e+00
777	9.6296296296296298e+00	8.8888888888888893e+00	1.0000000000000000e+00
778	9.8765432098765462e+00	8.8888888888888893e+00	1.0000000000000000e+00
779	1.0000000000000000e+01	8.8888888888888893e+00	1.0000000000000000e+00
780	0.0000000000000000e+00	9.2592592592592577e+00	1.0000000000000000e+00
781	1.2345679012345680e-01	9.2592592592592577e+00	1.0000000000000000e+00
782	3.7037037037037046e-01	9.2592592592592577e+00	1.0000000000000000e+00
783	7.4074074074074070e-01	9.2592592592592577e+00	1.0000000000000000e+00
784	1.1111111111111114e+00	9.2592592592592595e+00	9.9999999999999978e-01
785	1.4814814814814814e+00	9.2592592592592577e+00	1.0000000000000000e+00
786	1.8518518518518519e+00	9.2592592592592595e+00	1.0000000000000000e+00
787	2.2222222222222223e+00	9.2592592592592577e+00	1.0000000000000000e+00
788	2.5925925925925930e+00	9.2592592592592595e+00	9.9999999999999978e-01
789	2.9629629629629628e+00	9.2592592592592577e+00	1.0000000000000000e+00
790	3.3333333333333330e+00	9.2592592592592595e+00	1.0000000000000000e+00
791	3.7037037037037033e+00	9.2592592592592577e+00	1.0000000000000002e+00
792	4.0740740740740753e+00	9.2592592592592595e+00	9.9999999999999978e-01
793	4.4444444444444446e+00	9.2592592592592577e+00	1.0000000000000000e+00
794	4.8148148148148149e+00	9.2592592592592577e+00	1.0000000000000000e+00
795	5.1851851851851851e+00	9.2592592592592577e+00	1.0000000000000000e+00
796	5.5555555555555562e+00	9.2592592592592595e+00	9.9999999999999978e-01
797	5.9259259259259256e+00	9.2592592592592577e+00	1.0000000000000000e+00
798	6.2962962962962976e+00	9.2592592592592595e+00	9.9999999999999978e-01
799	6.6666666666666661e+00	9.2592592592592577e+00	1.0000000000000000e+00
800	7.0370370370370363e+00	9.2592592592592577e+00	1.0000000000000000e+00
801	7.4074074074074066e+00	9.2592592592592577e+00	1.0000000000000000e+00
802	7.7777777777777768e+00	9.2592592592592577e+00	1.0000000000000000e+00
803	8.1481481481481488e+00	9.2592592592592577e+00	1.0000000000000000e+00
804	8.5185185185185190e+00	9.2592592592592577e+00	1.0000000000000000e+00
805	8.8888888888888893e+00	9.2592592592592577e+00	1.0000000000000000e+00
806	9.2592592592592577e+00	9.2592592592592577e+00	1.0000000000000000e+00
807	9.6296296296296298e+00	9.2592592592592577e+00	1.0000000000000000e+00
808	9.8765432098765444e+00	9.2592592592592577e+00	1.0000000000000000e+00
809	1.0000000000000000e+01	9.2592592592592577e+00	1.0000000000000000e+00
810	0.0000000000000000e+00	9.6296296296296298e+00	1.0000000000000000e+00
811	1.2345679012345681e-01	9.6296296296296298e+00	1.0000000000000000e+00
812	3.7037037037037046e-01	9.6296296296296298e+00	1.0000000000000000e+00
813	7.4074074074074081e-01	9.6296296296296280e+00	1.0000000000000000e+00
814	1.1111111111111114e+00	9.6296296296296298e+00	9.9999999999999989e-01
815	1.4814814814814814e+00	9.6296296296296298e+00	1.0000000000000000e+00
816	1.8518518518518521e+00	9.6296296296296315e+00	1.0000000000000000e+00
817	2.2222222222222223e+00	9.6296296296296298e+00	1.0000000000000000e+00
818	2.5925925925925930e+00	9.6296296296296315e+00	9.9999999999999989e-01
819	2.9629629629629632e+00	9.6296296296296298e+00	1.0000000000000000e+00
820	3.3333333333333335e+00	9.6296296296296315e+00	1.0000000000000000e+00
821	3.7037037037037033e+00	9.6296296296296298e+00	1.0000000000000002e+00
822	4.0740740740740753e+00	9.6296296296296315e+00	9.9999999999999989e-01
823	4.4444444444444446e+00	9.6296296296296298e+00	1.0000000000000000e+00
824	4.8148148148148149e+00	9.6296296296296298e+00	1.0000000000000000e+00
825	5.1851851851851860e+00	9.6296296296296298e+00	1.0000000000000000e+00
826	5.5555555555555562e+00	9.6296296296296298e+00	9.9999999999999989e-01
827	5.9259259259259265e+00	9.6296296296296298e+00	1.0000000000000000e+00
828	6.2962962962962967e+00	9.6296296296296315e+00	9.9999999999999989e-01
829	6.6666666666666670e+00	9.6296296296296298e+00	1.0000000000000000e+00
830	7.0370370370370372e+00	9.6296296296296298e+00	1.0000000000000000e+00
831	7.4074074074074066e+00	9.6296296296296298e+00	1.0000000000000000e+00
832	7.7777777777777768e+00	9.6296296296296298e+00	1.0000000000000000e+00
833	8.1481481481481488e+00	9.6296296296296298e+00	1.0000000000000000e+00
834	8.5185185185185190e+00	9.6296296296296298e+00	1.0000000000000000e+00
835	8.8888888888888893e+00	9.6296296296296298e+00	1.0000000000000000e+00
836	9.2592592592592577e+00	9.6296296296296298e+00	1.0000000000000000e+00
837	9.6296296296296298e+00	9.6296296296296298e+00	1.0000000000000000e+00
838	9.8765432098765444e+00	9.6296296296296298e+00	1.0000000000000000e+00
839	1.0000000000000000e+01	9.6296296296296298e+00	1.0000000000000000e+00
840	0.0000000000000000e+00	9.8765432098765444e+00	1.0000000000000000e+00
841	1.2345679012345681e-01	9.8765432098765444e+00	1.0000000000000000e+00
842	3.7037037037037046e-01	9.8765432098765444e+00	1.0000000000000000e+00
843	7.4074074074074081e-01	9.8765432098765427e+00	1.0000000000000000e+00
844	1.1111111111111114e+00	9.8765432098765444e+00	9.9999999999999989e-01
845	1.4814814814814814e+00	9.8765432098765444e+00	1.0000000000000000e+00
846	1.8518518518518521e+00	9.8765432098765462e+00	1.0000000000000000e+00
847	2.2222222222222223e+00	9.8765432098765444e+00	1.0000000000000000e+00
848	2.5925925925925930e+00	9.8765432098765462e+00	9.9999999999999989e-01
849	2.9629629629629632e+00	9.8765432098765444e+00	1.0000000000000000e+00
850	3.3333333333333335e+00	9.8765432098765462e+00	1.0000000000000000e+00
851	3.7037037037037033e+00	9.8765432098765444e+00	1.0000000000000002e+00
852	4.0740740740740753e+00	9.8765432098765462e+00	9.9999999999999989e-01
853	4.4444444444444446e+00	9.8765432098765444e+00	1.0000000000000000e+00
854	4.8148148148148149e+00	9.8765432098765444e+00	1.0000000000000000e+00
855	5.1851851851851860e+00	9.8765432098765444e+00	1.0000000000000000e+00
856	5.5555555555555562e+00	9.8765432098765444e+00	9.9999999999999989e-01
857	5.9259259259259265e+00	9.8765432098765444e+00	1.0000000000000000e+00
858	6.2962962962962967e+00	9.8765432098765462e+00	9.9999999999999989e-01
859	6.6666666666666661e+00	9.8765432098765444e+00	1.0000000000000000e+00
860	7.0370370370370372e+00	9.8765432098765444e+00	1.0000000000000000e+00
861	7.4074074074074066e+00	9.8765432098765444e+00	1.0000000000000000e+00
862	7.7777777777777768e+00	9.8765432098765444e+00	1.0000000000000000e+00
863	8.1481481481481488e+00	9.8765432098765444e+00	1.0000000000000000e+00
864	8.5185185185185190e+00	9.8765432098765444e+00	1.0000000000000000e+00
865	8.8888888888888893e+00	9.8765432098765444e+00	1.0000000000000000e+00
866	9.2592592592592577e+00	9.8765432098765444e+00	1.0000000000000000e+00
867	9.6296296296296298e+00	9.8765432098765444e+00	1.0000000000000000e+00
868	9.8765432098765444e+00	9.8765432098765444e+00	1.0000000000000000e+00
869	1.0000000000000000e+01	9.8765432098765444e+00	1.0000000000000000e+00
870	0.0000000000000000e+00	1.0000000000000000e+01	1.0000000000000000e+00
871	1.2345679012345681e-01	1.0000000000000000e+01	1.0000000000000000e+00
872	3.7037037037037046e-01	1.0000000000000000e+01	1.0000000000000000e+00
873	7.4074074074074081e-01	9.9999999999999982e+00	1.0000000000000000e+00
874	1.1111111111111114e+00	1.0000000000000000e+01	9.9999999999999989e-01
875	1.4814814814814814e+00	1.0000000000000000e+01	1.0000000000000000e+00
876	1.8518518518518521e+00	1.0000000000000002e+01	1.0000000000000000e+00
877	2.2222222222222223e+00	1.0000000000000000e+01	1.0000000000000000e+00
878	2.5925925925925930e+00	1.0000000000000002e+01	9.9999999999999989e-01
879	2.9629629629629632e+00	1.0000000000000000e+01	1.0000000000000000e+00
880	3.3333333333333335e+00	1.0000000000000002e+01	1.0000000000000000e+00
881	3.7037037037037033e+00	1.0000000000000000e+01	1.0000000000000002e+00
882	4.0740740740740753e+00	1.0000000000000002e+01	9.9999999999999989e-01
883	4.4444444444444446e+00	1.0000000000000000e+01	1.0000000000000000e+00
884	4.8148148148148149e+00	1.0000000000000000e+01	1.0000000000000000e+00
885	5.1851851851851860e+00	1.0000000000000000e+01	1.0000000000000000e+00
886	5.5555555555555562e+00	1.0000000000000000e+01	9.9999999999999989e-01
887	5.9259259259259265e+00	1.0000000000000000e+01	1.0000000000000000e+00
888	6.2962962962962967e+00	1.0000000000000002e+01	9.9999999999999989e-01
889	6.6666666666666661e+00	1.0000000000000000e+01	1.0000000000000000e+00
890	7.0370370370370372e+00	1.0000000000000000e+01	1.0000000000000000e+00
891	7.4074074074074066e+00	1.0000000000000000e+01	1.0000000000000000e+00
892	7.7777777777777768e+00	1.0000000000000000e+01	1.0000000000000000e+00
893	8.1481481481481488e+00	1.0000000000000000e+01	1.0000000000000000e+00
894	8.5185185185185190e+00	1.0000000000000000e+01	1.0000000000000000e+00
895	8.8888888888888893e+00	1.0000000000000000e+01	1.0000000000000000e+00
896	9.2592592592592577e+00	1.0000000000000000e+01	1.0000000000000000e+00
897	9.6296296296296298e+00	1.0000000000000000e+01	1.0000000000000000e+00
898	9.8765432098765444e+00	1.0000000000000000e+01	1.0000000000000000e+00
899	1.0000000000000000e+01	1.0000000000000000e+01	1.0000000000000000e+00

0   1   0.0
1   1   0.0
2   1   0.0
3   1   0.0
4   1   0.0
5   1   0.0
6   1   0.0
7   1   0.0
8   1   0.0
9   1   0.0
10  1   0.0
11  1   0.0
12  1   0.0
13  1   0.0
14  1   0.0
15  1   0.0
16  1   0.0
17  1   0.0
18  1   0.0
19  1   0.0
20  1   0.0
21  1   0.0
22  1   0.0
23  1   0.0
24  1   0.0
25  1   0.0
26  1   0.0
27  1   0.0
28  1   0.0
29  1   0.0
0   0   0.0
30  0   0.0
60  0   0.0
90  0   0.0
120 0   0.0
150 0   0.0
180 0   0.0
210 0   0.0
240 0   0.0
270 0   0.0
300 0   0.0
330 0   0.0
360 0   0.0
390 0   0.0
420 0   0.0
450 0   0.0
480 0   0.0
510 0   0.0
540 0   0.0
570 0   0.0
600 0   0.0
630 0   0.0
660 0   0.0
690 0   0.0
720 0   0.0
750 0   0.0
780 0   0.0
810 0   0.0
840 0   0.0
870 0   0.0

1   0   0   1.0   0.0   1.0   10.0    0.0 0.0