206000.000	0.300000

2

1300

2	2
3	3

33	33
24	24

30	30
20	20

0	1	2	3	4	5	6	7	8	9	10	11	12	13	14	15	16	17	18	19	20	21	22	23	24	25	26	27	28	29	30	31	32	33	34	35	36	37	38	39	40	41	42	43	44	45	46	47	48	49	50	51	52	53	54	55	56	57	58	59	60	61	62	63	64	65	66	67	68	69	70	71	72	73	74	75	76	77	78	79	80	81	82	83	84	85	86	87	88	89	90	91	92	93	94	95	96	97	98	99	100	101	102	103	104	105	106	107	108	109	110	111	112	113	114	115	116	117	118	119	120	121	122	123	124	125	126	127	128	129	130	131	132	133	134	135	136	137	138	139	140	141	142	143	144	145	146	147	148	149	150	151	152	153	154	155	156	157	158	159	160	161	162	163	164	165	166	167	168	169	170	171	172	173	174	175	176	177	178	179	180	181	182	183	184	185	186	187	188	189	190	191	192	193	194	195	196	197	198	199	200	201	202	203	204	205	206	207	208	209	210	211	212	213	214	215	216	217	218	219	220	221	222	223	224	225	226	227	228	229	230	231	232	233	234	235	236	237	238	239	240	241	242	243	244	245	246	247	248	249	250	251	252	253	254	255	256	257	258	259	260	261	262	263	264	265	266	267	268	269	270	271	272	273	274	275	276	277	278	279	280	281	282	283	284	285	286	287	288	289	290	291	292	293	294	295	296	297	298	299	300	301	302	303	304	305	306	307	308	309	310	311	312	313	314	315	316	317	318	319	320	321	322	323	324	325	326	327	328	329	330	331	332	333	334	335	336	337	338	339	340	341	342	343	344	345	346	347	348	349	350	351	352	353	354	355	356	357	358	359	360	361	362	363	364	365	366	367	368	369	370	371	372	373	374	375	376	377	378	379	380	381	382	383	384	385	386	387	388	389	390	391	392	393	394	395	396	397	398	399	400	401	402	403	404	405	406	407	408	409	410	411	412	413	414	415	416	417	418	419	420	421	422	423	424	425	426	427	428	429	430	431	432	433	434	435	436	437	438	439	440	441	442	443	444	445	446	447	448	449	450	451	452	453	454	455	456	457	458	459	460	461	462	463	464	465	466	467	468	469	470	471	472	473	474	475	476	477	478	479	480	481	482	483	484	485	486	487	488	489	490	491	492	493	494	495	496	497	498	499	500	501	502	503	504	505	506	507	508	509	510	511	512	513	514	515	516	517	518	519	520	521	522	523	524	525	526	527	528	529	530	531	532	533	534	535	536	537	538	539	540	541	542	543	544	545	546	547	548	549	550	551	552	553	554	555	556	557	558	559	560	561	562	563	564	565	566	567	568	569	570	571	572	573	574	575	576	577	578	579	580	581	582	583	584	585	586	587	588	589	590	591	592	593	594	595	596	597	598	599	600	601	602	603	604	605	606	607	608	609	610	611	612	613	614	615	616	617	618	619	620	621	622	623	624	625	626	627	628	629	630	631	632	633	634	635	636	637	638	639	640	641	642	643	644	645	646	647	648	649	650	651	652	653	654	655	656	657	658	659	660	661	662	663	664	665	666	667	668	669	670	671	672	673	674	675	676	677	678	679	680	681	682	683	684	685	686	687	688	689	690	691	692	693	694	695	696	697	698	699	700	701	702	703	704	705	706	707	708	709	710	711	712	713	714	715	716	717	718	719	720	721	722	723	724	725	726	727	728	729	730	731	732	733	734	735	736	737	738	739	740	741	742	743	744	745	746	747	748	749	750	751	752	753	754	755	756	757	758	759	760	761	762	763	764	765	766	767	768	769	770	771	772	773	774	775	776	777	778	779	780	781	782	783	784	785	786	787	788	789	790	791	792	793	794	795	796	797	798	799	800	801	802	803	804	805	806	807	808	809	810	811	812	813	814	815	816	817	818	819	820	821	822	823	824	825	826	827	828	829	830	831	832	833	834	835	836	837	838	839	840	841	842	843	844	845	846	847	848	849	850	851	852	853	854	855	856	857	858	859	860	861	862	863	864	865	866	867	868	869	870	871	872	873	874	875	876	877	878	879	880	881	882	883	884	885	886	887	888	889	890	891	892	893	894	895	896	897	898	899	
900	901	902	903	904	905	906	907	908	909	910	911	912	913	914	915	916	917	918	919	920	921	922	923	924	925	926	927	928	929	930	931	932	933	934	935	936	937	938	939	940	941	942	943	944	945	946	947	948	949	950	951	952	953	954	955	956	957	958	959	960	961	962	963	964	965	966	967	968	969	970	971	972	973	974	975	976	977	978	979	980	981	982	983	984	985	986	987	988	989	990	991	992	993	994	995	996	997	998	999	1000	1001	1002	1003	1004	1005	1006	1007	1008	1009	1010	1011	1012	1013	1014	1015	1016	1017	1018	1019	1020	1021	1022	1023	1024	1025	1026	1027	1028	1029	1030	1031	1032	1033	1034	1035	1036	1037	1038	1039	1040	1041	1042	1043	1044	1045	1046	1047	1048	1049	1050	1051	1052	1053	1054	1055	1056	1057	1058	1059	1060	1061	1062	1063	1064	1065	1066	1067	1068	1069	1070	1071	1072	1073	1074	1075	1076	1077	1078	1079	1080	1081	1082	1083	1084	1085	1086	1087	1088	1089	1090	1091	1092	1093	1094	1095	1096	1097	1098	1099	1100	1101	1102	1103	1104	1105	1106	1107	1108	1109	1110	1111	1112	1113	1114	1115	1116	1117	1118	1119	1120	1121	1122	1123	1124	1125	1126	1127	1128	1129	1130	1131	1132	1133	1134	1135	1136	1137	1138	1139	1140	1141	1142	1143	1144	1145	1146	1147	1148	1149	1150	1151	1152	1153	1154	1155	1156	1157	1158	1159	1160	1161	1162	1163	1164	1165	1166	1167	1168	1169	1170	1171	1172	1173	1174	1175	1176	1177	1178	1179	1180	1181	1182	1183	1184	1185	1186	1187	1188	1189	1190	1191	1192	1193	1194	1195	1196	1197	1198	1199	1200	1201	1202	1203	1204	1205	1206	1207	1208	1209	1210	1211	1212	1213	1214	1215	1216	1217	1218	1219	1220	1221	1222	1223	1224	1225	1226	1227	1228	1229	1230	1231	1232	1233	1234	1235	1236	1237	1238	1239	1240	1241	1242	1243	1244	1245	1246	1247	1248	1249	1250	1251	1252	1253	1254	1255	1256	1257	1258	1259	1260	1261	1262	1263	1264	1265	1266	1267	1268	1269	1270	1271	1272	1273	1274	1275	1276	1277	1278	1279	1280	1281	1282	1283	1284	1285	1286	1287	1288	1289	1290	1291	1292	1293	1294	1295	1296	1297	1298	1299	

138	0	1

0.00000	0.00000	0.00000	0.03571	0.07143	0.10714	0.14286	0.17857	0.21429	0.25000	0.28571	0.32143	0.35714	0.39286	0.42857	0.46429	0.50000	0.53571	0.57143	0.60714	0.64286	0.67857	0.71429	0.75000	0.78571	0.82143	0.85714	0.89286	0.92857	0.96429	1.00000	1.00000	1.00000	
0.00000	0.00000	0.00000	0.03571	0.07143	0.10714	0.14286	0.17857	0.21429	0.25000	0.28571	0.32143	0.35714	0.39286	0.42857	0.46429	0.50000	0.53571	0.57143	0.60714	0.64286	0.67857	0.71429	0.75000	0.78571	0.82143	0.85714	0.89286	0.92857	0.96429	1.00000	1.00000	1.00000	
0.00000	0.00000	0.00000	0.00000	0.05882	0.11765	0.17647	0.23529	0.29412	0.35294	0.41176	0.47059	0.52941	0.58824	0.64706	0.70588	0.76471	0.82353	0.88235	0.94118	1.00000	1.00000	1.00000	1.00000	
0.00000	0.00000	0.00000	0.00000	0.05882	0.11765	0.17647	0.23529	0.29412	0.35294	0.41176	0.47059	0.52941	0.58824	0.64706	0.70588	0.76471	0.82353	0.88235	0.94118	1.00000	1.00000	1.00000	1.00000	

0	0.0000000000	0.0000000000	1.0000000000	
1	0.1785714286	0.0000000000	1.0000000000	
2	0.5357142857	0.0000000000	1.0000000000	
3	0.8928571429	0.0000000000	1.0000000000	
4	1.2500000000	0.0000000000	1.0000000000	
5	1.6071428571	0.0000000000	1.0000000000	
6	1.9642857143	0.0000000000	1.0000000000	
7	2.3214285714	0.0000000000	1.0000000000	
8	2.6785714286	0.0000000000	1.0000000000	
9	3.0357142857	0.0000000000	1.0000000000	
10	3.3928571429	0.0000000000	1.0000000000	
11	3.7500000000	0.0000000000	1.0000000000	
12	4.1071428571	0.0000000000	1.0000000000	
13	4.4642857143	0.0000000000	1.0000000000	
14	4.8214285714	0.0000000000	1.0000000000	
15	5.1785714286	0.0000000000	1.0000000000	
16	5.5357142857	0.0000000000	1.0000000000	
17	5.8928571429	0.0000000000	1.0000000000	
18	6.2500000000	0.0000000000	1.0000000000	
19	6.6071428571	0.0000000000	1.0000000000	
20	6.9642857143	0.0000000000	1.0000000000	
21	7.3214285714	0.0000000000	1.0000000000	
22	7.6785714286	0.0000000000	1.0000000000	
23	8.0357142857	0.0000000000	1.0000000000	
24	8.3928571429	0.0000000000	1.0000000000	
25	8.7500000000	0.0000000000	1.0000000000	
26	9.1071428571	0.0000000000	1.0000000000	
27	9.4642857143	0.0000000000	1.0000000000	
28	9.8214285714	0.0000000000	1.0000000000	
29	10.0000000000	0.0000000000	1.0000000000	
30	0.0000000000	0.1785714286	1.0000000000	
31	0.1785714286	0.1785714286	1.0000000000	
32	0.5357142857	0.1785714286	1.0000000000	
33	0.8928571429	0.1785714286	1.0000000000	
34	1.2500000000	0.1785714286	1.0000000000	
35	1.6071428571	0.1785714286	1.0000000000	
36	1.9642857143	0.1785714286	1.0000000000	
37	2.3214285714	0.1785714286	1.0000000000	
38	2.6785714286	0.1785714286	1.0000000000	
39	3.0357142857	0.1785714286	1.0000000000	
40	3.3928571429	0.1785714286	1.0000000000	
41	3.7500000000	0.1785714286	1.0000000000	
42	4.1071428571	0.1785714286	1.0000000000	
43	4.4642857143	0.1785714286	1.0000000000	
44	4.8214285714	0.1785714286	1.0000000000	
45	5.1785714286	0.1785714286	1.0000000000	
46	5.5357142857	0.1785714286	1.0000000000	
47	5.8928571429	0.1785714286	1.0000000000	
48	6.2500000000	0.1785714286	1.0000000000	
49	6.6071428571	0.1785714286	1.0000000000	
50	6.9642857143	0.1785714286	1.0000000000	
51	7.3214285714	0.1785714286	1.0000000000	
52	7.6785714286	0.1785714286	1.0000000000	
53	8.0357142857	0.1785714286	1.0000000000	
54	8.3928571429	0.1785714286	1.0000000000	
55	8.7500000000	0.1785714286	1.0000000000	
56	9.1071428571	0.1785714286	1.0000000000	
57	9.4642857143	0.1785714286	1.0000000000	
58	9.8214285714	0.1785714286	1.0000000000	
59	10.0000000000	0.1785714286	1.0000000000	
60	0.0000000000	0.5357142857	1.0000000000	
61	0.1785714286	0.5357142857	1.0000000000	
62	0.5357142857	0.5357142857	1.0000000000	
63	0.8928571429	0.5357142857	1.0000000000	
64	1.2500000000	0.5357142857	1.0000000000	
65	1.6071428571	0.5357142857	1.0000000000	
66	1.9642857143	0.5357142857	1.0000000000	
67	2.3214285714	0.5357142857	1.0000000000	
68	2.6785714286	0.5357142857	1.0000000000	
69	3.0357142857	0.5357142857	1.0000000000	
70	3.3928571429	0.5357142857	1.0000000000	
71	3.7500000000	0.5357142857	1.0000000000	
72	4.1071428571	0.5357142857	1.0000000000	
73	4.4642857143	0.5357142857	1.0000000000	
74	4.8214285714	0.5357142857	1.0000000000	
75	5.1785714286	0.5357142857	1.0000000000	
76	5.5357142857	0.5357142857	1.0000000000	
77	5.8928571429	0.5357142857	1.0000000000	
78	6.2500000000	0.5357142857	1.0000000000	
79	6.6071428571	0.5357142857	1.0000000000	
80	6.9642857143	0.5357142857	1.0000000000	
81	7.3214285714	0.5357142857	1.0000000000	
82	7.6785714286	0.5357142857	1.0000000000	
83	8.0357142857	0.5357142857	1.0000000000	
84	8.3928571429	0.5357142857	1.0000000000	
85	8.7500000000	0.5357142857	1.0000000000	
86	9.1071428571	0.5357142857	1.0000000000	
87	9.4642857143	0.5357142857	1.0000000000	
88	9.8214285714	0.5357142857	1.0000000000	
89	10.0000000000	0.5357142857	1.0000000000	
90	0.0000000000	0.8928571429	1.0000000000	
91	0.1785714286	0.8928571429	1.0000000000	
92	0.5357142857	0.8928571429	1.0000000000	
93	0.8928571429	0.8928571429	1.0000000000	
94	1.2500000000	0.8928571429	1.0000000000	
95	1.6071428571	0.8928571429	1.0000000000	
96	1.9642857143	0.8928571429	1.0000000000	
97	2.3214285714	0.8928571429	1.0000000000	
98	2.6785714286	0.8928571429	1.0000000000	
99	3.0357142857	0.8928571429	1.0000000000	
100	3.3928571429	0.8928571429	1.0000000000	
101	3.7500000000	0.8928571429	1.0000000000	
102	4.1071428571	0.8928571429	1.0000000000	
103	4.4642857143	0.8928571429	1.0000000000	
104	4.8214285714	0.8928571429	1.0000000000	
105	5.1785714286	0.8928571429	1.0000000000	
106	5.5357142857	0.8928571429	1.0000000000	
107	5.8928571429	0.8928571429	1.0000000000	
108	6.2500000000	0.8928571429	1.0000000000	
109	6.6071428571	0.8928571429	1.0000000000	
110	6.9642857143	0.8928571429	1.0000000000	
111	7.3214285714	0.8928571429	1.0000000000	
112	7.6785714286	0.8928571429	1.0000000000	
113	8.0357142857	0.8928571429	1.0000000000	
114	8.3928571429	0.8928571429	1.0000000000	
115	8.7500000000	0.8928571429	1.0000000000	
116	9.1071428571	0.8928571429	1.0000000000	
117	9.4642857143	0.8928571429	1.0000000000	
118	9.8214285714	0.8928571429	1.0000000000	
119	10.0000000000	0.8928571429	1.0000000000	
120	0.0000000000	1.2500000000	1.0000000000	
121	0.1785714286	1.2500000000	1.0000000000	
122	0.5357142857	1.2500000000	1.0000000000	
123	0.8928571429	1.2500000000	1.0000000000	
124	1.2500000000	1.2500000000	1.0000000000	
125	1.6071428571	1.2500000000	1.0000000000	
126	1.9642857143	1.2500000000	1.0000000000	
127	2.3214285714	1.2500000000	1.0000000000	
128	2.6785714286	1.2500000000	1.0000000000	
129	3.0357142857	1.2500000000	1.0000000000	
130	3.3928571429	1.2500000000	1.0000000000	
131	3.7500000000	1.2500000000	1.0000000000	
132	4.1071428571	1.2500000000	1.0000000000	
133	4.4642857143	1.2500000000	1.0000000000	
134	4.8214285714	1.2500000000	1.0000000000	
135	5.1785714286	1.2500000000	1.0000000000	
136	5.5357142857	1.2500000000	1.0000000000	
137	5.8928571429	1.2500000000	1.0000000000	
138	6.2500000000	1.2500000000	1.0000000000	
139	6.6071428571	1.2500000000	1.0000000000	
140	6.9642857143	1.2500000000	1.0000000000	
141	7.3214285714	1.2500000000	1.0000000000	
142	7.6785714286	1.2500000000	1.0000000000	
143	8.0357142857	1.2500000000	1.0000000000	
144	8.3928571429	1.2500000000	1.0000000000	
145	8.7500000000	1.2500000000	1.0000000000	
146	9.1071428571	1.2500000000	1.0000000000	
147	9.4642857143	1.2500000000	1.0000000000	
148	9.8214285714	1.2500000000	1.0000000000	
149	10.0000000000	1.2500000000	1.0000000000	
150	0.0000000000	1.6071428571	1.0000000000	
151	0.1785714286	1.6071428571	1.0000000000	
152	0.5357142857	1.6071428571	1.0000000000	
153	0.8928571429	1.6071428571	1.0000000000	
154	1.2500000000	1.6071428571	1.0000000000	
155	1.6071428571	1.6071428571	1.0000000000	
156	1.9642857143	1.6071428571	1.0000000000	
157	2.3214285714	1.6071428571	1.0000000000	
158	2.6785714286	1.6071428571	1.0000000000	
159	3.0357142857	1.6071428571	1.0000000000	
160	3.3928571429	1.6071428571	1.0000000000	
161	3.7500000000	1.6071428571	1.0000000000	
162	4.1071428571	1.6071428571	1.0000000000	
163	4.4642857143	1.6071428571	1.0000000000	
164	4.8214285714	1.6071428571	1.0000000000	
165	5.1785714286	1.6071428571	1.0000000000	
166	5.5357142857	1.6071428571	1.0000000000	
167	5.8928571429	1.6071428571	1.0000000000	
168	6.2500000000	1.6071428571	1.0000000000	
169	6.6071428571	1.6071428571	1.0000000000	
170	6.9642857143	1.6071428571	1.0000000000	
171	7.3214285714	1.6071428571	1.0000000000	
172	7.6785714286	1.6071428571	1.0000000000	
173	8.0357142857	1.6071428571	1.0000000000	
174	8.3928571429	1.6071428571	1.0000000000	
175	8.7500000000	1.6071428571	1.0000000000	
176	9.1071428571	1.6071428571	1.0000000000	
177	9.4642857143	1.6071428571	1.0000000000	
178	9.8214285714	1.6071428571	1.0000000000	
179	10.0000000000	1.6071428571	1.0000000000	
180	0.0000000000	1.9642857143	1.0000000000	
181	0.1785714286	1.9642857143	1.0000000000	
182	0.5357142857	1.9642857143	1.0000000000	
183	0.8928571429	1.9642857143	1.0000000000	
184	1.2500000000	1.9642857143	1.0000000000	
185	1.6071428571	1.9642857143	1.0000000000	
186	1.9642857143	1.9642857143	1.0000000000	
187	2.3214285714	1.9642857143	1.0000000000	
188	2.6785714286	1.9642857143	1.0000000000	
189	3.0357142857	1.9642857143	1.0000000000	
190	3.3928571429	1.9642857143	1.0000000000	
191	3.7500000000	1.9642857143	1.0000000000	
192	4.1071428571	1.9642857143	1.0000000000	
193	4.4642857143	1.9642857143	1.0000000000	
194	4.8214285714	1.9642857143	1.0000000000	
195	5.1785714286	1.9642857143	1.0000000000	
196	5.5357142857	1.9642857143	1.0000000000	
197	5.8928571429	1.9642857143	1.0000000000	
198	6.2500000000	1.9642857143	1.0000000000	
199	6.6071428571	1.9642857143	1.0000000000	
200	6.9642857143	1.9642857143	1.0000000000	
201	7.3214285714	1.9642857143	1.0000000000	
202	7.6785714286	1.9642857143	1.0000000000	
203	8.0357142857	1.9642857143	1.0000000000	
204	8.3928571429	1.9642857143	1.0000000000	
205	8.7500000000	1.9642857143	1.0000000000	
206	9.1071428571	1.9642857143	1.0000000000	
207	9.4642857143	1.9642857143	1.0000000000	
208	9.8214285714	1.9642857143	1.0000000000	
209	10.0000000000	1.9642857143	1.0000000000	
210	0.0000000000	2.3214285714	1.0000000000	
211	0.1785714286	2.3214285714	1.0000000000	
212	0.5357142857	2.3214285714	1.0000000000	
213	0.8928571429	2.3214285714	1.0000000000	
214	1.2500000000	2.3214285714	1.0000000000	
215	1.6071428571	2.3214285714	1.0000000000	
216	1.9642857143	2.3214285714	1.0000000000	
217	2.3214285714	2.3214285714	1.0000000000	
218	2.6785714286	2.3214285714	1.0000000000	
219	3.0357142857	2.3214285714	1.0000000000	
220	3.3928571429	2.3214285714	1.0000000000	
221	3.7500000000	2.3214285714	1.0000000000	
222	4.1071428571	2.3214285714	1.0000000000	
223	4.4642857143	2.3214285714	1.0000000000	
224	4.8214285714	2.3214285714	1.0000000000	
225	5.1785714286	2.3214285714	1.0000000000	
226	5.5357142857	2.3214285714	1.0000000000	
227	5.8928571429	2.3214285714	1.0000000000	
228	6.2500000000	2.3214285714	1.0000000000	
229	6.6071428571	2.3214285714	1.0000000000	
230	6.9642857143	2.3214285714	1.0000000000	
231	7.3214285714	2.3214285714	1.0000000000	
232	7.6785714286	2.3214285714	1.0000000000	
233	8.0357142857	2.3214285714	1.0000000000	
234	8.3928571429	2.3214285714	1.0000000000	
235	8.7500000000	2.3214285714	1.0000000000	
236	9.1071428571	2.3214285714	1.0000000000	
237	9.4642857143	2.3214285714	1.0000000000	
238	9.8214285714	2.3214285714	1.0000000000	
239	10.0000000000	2.3214285714	1.0000000000	
240	0.0000000000	2.6785714286	1.0000000000	
241	0.1785714286	2.6785714286	1.0000000000	
242	0.5357142857	2.6785714286	1.0000000000	
243	0.8928571429	2.6785714286	1.0000000000	
244	1.2500000000	2.6785714286	1.0000000000	
245	1.6071428571	2.6785714286	1.0000000000	
246	1.9642857143	2.6785714286	1.0000000000	
247	2.3214285714	2.6785714286	1.0000000000	
248	2.6785714286	2.6785714286	1.0000000000	
249	3.0357142857	2.6785714286	1.0000000000	
250	3.3928571429	2.6785714286	1.0000000000	
251	3.7500000000	2.6785714286	1.0000000000	
252	4.1071428571	2.6785714286	1.0000000000	
253	4.4642857143	2.6785714286	1.0000000000	
254	4.8214285714	2.6785714286	1.0000000000	
255	5.1785714286	2.6785714286	1.0000000000	
256	5.5357142857	2.6785714286	1.0000000000	
257	5.8928571429	2.6785714286	1.0000000000	
258	6.2500000000	2.6785714286	1.0000000000	
259	6.6071428571	2.6785714286	1.0000000000	
260	6.9642857143	2.6785714286	1.0000000000	
261	7.3214285714	2.6785714286	1.0000000000	
262	7.6785714286	2.6785714286	1.0000000000	
263	8.0357142857	2.6785714286	1.0000000000	
264	8.3928571429	2.6785714286	1.0000000000	
265	8.7500000000	2.6785714286	1.0000000000	
266	9.1071428571	2.6785714286	1.0000000000	
267	9.4642857143	2.6785714286	1.0000000000	
268	9.8214285714	2.6785714286	1.0000000000	
269	10.0000000000	2.6785714286	1.0000000000	
270	0.0000000000	3.0357142857	1.0000000000	
271	0.1785714286	3.0357142857	1.0000000000	
272	0.5357142857	3.0357142857	1.0000000000	
273	0.8928571429	3.0357142857	1.0000000000	
274	1.2500000000	3.0357142857	1.0000000000	
275	1.6071428571	3.0357142857	1.0000000000	
276	1.9642857143	3.0357142857	1.0000000000	
277	2.3214285714	3.0357142857	1.0000000000	
278	2.6785714286	3.0357142857	1.0000000000	
279	3.0357142857	3.0357142857	1.0000000000	
280	3.3928571429	3.0357142857	1.0000000000	
281	3.7500000000	3.0357142857	1.0000000000	
282	4.1071428571	3.0357142857	1.0000000000	
283	4.4642857143	3.0357142857	1.0000000000	
284	4.8214285714	3.0357142857	1.0000000000	
285	5.1785714286	3.0357142857	1.0000000000	
286	5.5357142857	3.0357142857	1.0000000000	
287	5.8928571429	3.0357142857	1.0000000000	
288	6.2500000000	3.0357142857	1.0000000000	
289	6.6071428571	3.0357142857	1.0000000000	
290	6.9642857143	3.0357142857	1.0000000000	
291	7.3214285714	3.0357142857	1.0000000000	
292	7.6785714286	3.0357142857	1.0000000000	
293	8.0357142857	3.0357142857	1.0000000000	
294	8.3928571429	3.0357142857	1.0000000000	
295	8.7500000000	3.0357142857	1.0000000000	
296	9.1071428571	3.0357142857	1.0000000000	
297	9.4642857143	3.0357142857	1.0000000000	
298	9.8214285714	3.0357142857	1.0000000000	
299	10.0000000000	3.0357142857	1.0000000000	
300	0.0000000000	3.3928571429	1.0000000000	
301	0.1785714286	3.3928571429	1.0000000000	
302	0.5357142857	3.3928571429	1.0000000000	
303	0.8928571429	3.3928571429	1.0000000000	
304	1.2500000000	3.3928571429	1.0000000000	
305	1.6071428571	3.3928571429	1.0000000000	
306	1.9642857143	3.3928571429	1.0000000000	
307	2.3214285714	3.3928571429	1.0000000000	
308	2.6785714286	3.3928571429	1.0000000000	
309	3.0357142857	3.3928571429	1.0000000000	
310	3.3928571429	3.3928571429	1.0000000000	
311	3.7500000000	3.3928571429	1.0000000000	
312	4.1071428571	3.3928571429	1.0000000000	
313	4.4642857143	3.3928571429	1.0000000000	
314	4.8214285714	3.3928571429	1.0000000000	
315	5.1785714286	3.3928571429	1.0000000000	
316	5.5357142857	3.3928571429	1.0000000000	
317	5.8928571429	3.3928571429	1.0000000000	
318	6.2500000000	3.3928571429	1.0000000000	
319	6.6071428571	3.3928571429	1.0000000000	
320	6.9642857143	3.3928571429	1.0000000000	
321	7.3214285714	3.3928571429	1.0000000000	
322	7.6785714286	3.3928571429	1.0000000000	
323	8.0357142857	3.3928571429	1.0000000000	
324	8.3928571429	3.3928571429	1.0000000000	
325	8.7500000000	3.3928571429	1.0000000000	
326	9.1071428571	3.3928571429	1.0000000000	
327	9.4642857143	3.3928571429	1.0000000000	
328	9.8214285714	3.3928571429	1.0000000000	
329	10.0000000000	3.3928571429	1.0000000000	
330	0.0000000000	3.7500000000	1.0000000000	
331	0.1785714286	3.7500000000	1.0000000000	
332	0.5357142857	3.7500000000	1.0000000000	
333	0.8928571429	3.7500000000	1.0000000000	
334	1.2500000000	3.7500000000	1.0000000000	
335	1.6071428571	3.7500000000	1.0000000000	
336	1.9642857143	3.7500000000	1.0000000000	
337	2.3214285714	3.7500000000	1.0000000000	
338	2.6785714286	3.7500000000	1.0000000000	
339	3.0357142857	3.7500000000	1.0000000000	
340	3.3928571429	3.7500000000	1.0000000000	
341	3.7500000000	3.7500000000	1.0000000000	
342	4.1071428571	3.7500000000	1.0000000000	
343	4.4642857143	3.7500000000	1.0000000000	
344	4.8214285714	3.7500000000	1.0000000000	
345	5.1785714286	3.7500000000	1.0000000000	
346	5.5357142857	3.7500000000	1.0000000000	
347	5.8928571429	3.7500000000	1.0000000000	
348	6.2500000000	3.7500000000	1.0000000000	
349	6.6071428571	3.7500000000	1.0000000000	
350	6.9642857143	3.7500000000	1.0000000000	
351	7.3214285714	3.7500000000	1.0000000000	
352	7.6785714286	3.7500000000	1.0000000000	
353	8.0357142857	3.7500000000	1.0000000000	
354	8.3928571429	3.7500000000	1.0000000000	
355	8.7500000000	3.7500000000	1.0000000000	
356	9.1071428571	3.7500000000	1.0000000000	
357	9.4642857143	3.7500000000	1.0000000000	
358	9.8214285714	3.7500000000	1.0000000000	
359	10.0000000000	3.7500000000	1.0000000000	
360	0.0000000000	4.1071428571	1.0000000000	
361	0.1785714286	4.1071428571	1.0000000000	
362	0.5357142857	4.1071428571	1.0000000000	
363	0.8928571429	4.1071428571	1.0000000000	
364	1.2500000000	4.1071428571	1.0000000000	
365	1.6071428571	4.1071428571	1.0000000000	
366	1.9642857143	4.1071428571	1.0000000000	
367	2.3214285714	4.1071428571	1.0000000000	
368	2.6785714286	4.1071428571	1.0000000000	
369	3.0357142857	4.1071428571	1.0000000000	
370	3.3928571429	4.1071428571	1.0000000000	
371	3.7500000000	4.1071428571	1.0000000000	
372	4.1071428571	4.1071428571	1.0000000000	
373	4.4642857143	4.1071428571	1.0000000000	
374	4.8214285714	4.1071428571	1.0000000000	
375	5.1785714286	4.1071428571	1.0000000000	
376	5.5357142857	4.1071428571	1.0000000000	
377	5.8928571429	4.1071428571	1.0000000000	
378	6.2500000000	4.1071428571	1.0000000000	
379	6.6071428571	4.1071428571	1.0000000000	
380	6.9642857143	4.1071428571	1.0000000000	
381	7.3214285714	4.1071428571	1.0000000000	
382	7.6785714286	4.1071428571	1.0000000000	
383	8.0357142857	4.1071428571	1.0000000000	
384	8.3928571429	4.1071428571	1.0000000000	
385	8.7500000000	4.1071428571	1.0000000000	
386	9.1071428571	4.1071428571	1.0000000000	
387	9.4642857143	4.1071428571	1.0000000000	
388	9.8214285714	4.1071428571	1.0000000000	
389	10.0000000000	4.1071428571	1.0000000000	
390	0.0000000000	4.4642857143	1.0000000000	
391	0.1785714286	4.4642857143	1.0000000000	
392	0.5357142857	4.4642857143	1.0000000000	
393	0.8928571429	4.4642857143	1.0000000000	
394	1.2500000000	4.4642857143	1.0000000000	
395	1.6071428571	4.4642857143	1.0000000000	
396	1.9642857143	4.4642857143	1.0000000000	
397	2.3214285714	4.4642857143	1.0000000000	
398	2.6785714286	4.4642857143	1.0000000000	
399	3.0357142857	4.4642857143	1.0000000000	
400	3.3928571429	4.4642857143	1.0000000000	
401	3.7500000000	4.4642857143	1.0000000000	
402	4.1071428571	4.4642857143	1.0000000000	
403	4.4642857143	4.4642857143	1.0000000000	
404	4.8214285714	4.4642857143	1.0000000000	
405	5.1785714286	4.4642857143	1.0000000000	
406	5.5357142857	4.4642857143	1.0000000000	
407	5.8928571429	4.4642857143	1.0000000000	
408	6.2500000000	4.4642857143	1.0000000000	
409	6.6071428571	4.4642857143	1.0000000000	
410	6.9642857143	4.4642857143	1.0000000000	
411	7.3214285714	4.4642857143	1.0000000000	
412	7.6785714286	4.4642857143	1.0000000000	
413	8.0357142857	4.4642857143	1.0000000000	
414	8.3928571429	4.4642857143	1.0000000000	
415	8.7500000000	4.4642857143	1.0000000000	
416	9.1071428571	4.4642857143	1.0000000000	
417	9.4642857143	4.4642857143	1.0000000000	
418	9.8214285714	4.4642857143	1.0000000000	
419	10.0000000000	4.4642857143	1.0000000000	
420	0.0000000000	4.8214285714	1.0000000000	
421	0.1785714286	4.8214285714	1.0000000000	
422	0.5357142857	4.8214285714	1.0000000000	
423	0.8928571429	4.8214285714	1.0000000000	
424	1.2500000000	4.8214285714	1.0000000000	
425	1.6071428571	4.8214285714	1.0000000000	
426	1.9642857143	4.8214285714	1.0000000000	
427	2.3214285714	4.8214285714	1.0000000000	
428	2.6785714286	4.8214285714	1.0000000000	
429	3.0357142857	4.8214285714	1.0000000000	
430	3.3928571429	4.8214285714	1.0000000000	
431	3.7500000000	4.8214285714	1.0000000000	
432	4.1071428571	4.8214285714	1.0000000000	
433	4.4642857143	4.8214285714	1.0000000000	
434	4.8214285714	4.8214285714	1.0000000000	
435	5.1785714286	4.8214285714	1.0000000000	
436	5.5357142857	4.8214285714	1.0000000000	
437	5.8928571429	4.8214285714	1.0000000000	
438	6.2500000000	4.8214285714	1.0000000000	
439	6.6071428571	4.8214285714	1.0000000000	
440	6.9642857143	4.8214285714	1.0000000000	
441	7.3214285714	4.8214285714	1.0000000000	
442	7.6785714286	4.8214285714	1.0000000000	
443	8.0357142857	4.8214285714	1.0000000000	
444	8.3928571429	4.8214285714	1.0000000000	
445	8.7500000000	4.8214285714	1.0000000000	
446	9.1071428571	4.8214285714	1.0000000000	
447	9.4642857143	4.8214285714	1.0000000000	
448	9.8214285714	4.8214285714	1.0000000000	
449	10.0000000000	4.8214285714	1.0000000000	
450	0.0000000000	5.1785714286	1.0000000000	
451	0.1785714286	5.1785714286	1.0000000000	
452	0.5357142857	5.1785714286	1.0000000000	
453	0.8928571429	5.1785714286	1.0000000000	
454	1.2500000000	5.1785714286	1.0000000000	
455	1.6071428571	5.1785714286	1.0000000000	
456	1.9642857143	5.1785714286	1.0000000000	
457	2.3214285714	5.1785714286	1.0000000000	
458	2.6785714286	5.1785714286	1.0000000000	
459	3.0357142857	5.1785714286	1.0000000000	
460	3.3928571429	5.1785714286	1.0000000000	
461	3.7500000000	5.1785714286	1.0000000000	
462	4.1071428571	5.1785714286	1.0000000000	
463	4.4642857143	5.1785714286	1.0000000000	
464	4.8214285714	5.1785714286	1.0000000000	
465	5.1785714286	5.1785714286	1.0000000000	
466	5.5357142857	5.1785714286	1.0000000000	
467	5.8928571429	5.1785714286	1.0000000000	
468	6.2500000000	5.1785714286	1.0000000000	
469	6.6071428571	5.1785714286	1.0000000000	
470	6.9642857143	5.1785714286	1.0000000000	
471	7.3214285714	5.1785714286	1.0000000000	
472	7.6785714286	5.1785714286	1.0000000000	
473	8.0357142857	5.1785714286	1.0000000000	
474	8.3928571429	5.1785714286	1.0000000000	
475	8.7500000000	5.1785714286	1.0000000000	
476	9.1071428571	5.1785714286	1.0000000000	
477	9.4642857143	5.1785714286	1.0000000000	
478	9.8214285714	5.1785714286	1.0000000000	
479	10.0000000000	5.1785714286	1.0000000000	
480	0.0000000000	5.5357142857	1.0000000000	
481	0.1785714286	5.5357142857	1.0000000000	
482	0.5357142857	5.5357142857	1.0000000000	
483	0.8928571429	5.5357142857	1.0000000000	
484	1.2500000000	5.5357142857	1.0000000000	
485	1.6071428571	5.5357142857	1.0000000000	
486	1.9642857143	5.5357142857	1.0000000000	
487	2.3214285714	5.5357142857	1.0000000000	
488	2.6785714286	5.5357142857	1.0000000000	
489	3.0357142857	5.5357142857	1.0000000000	
490	3.3928571429	5.5357142857	1.0000000000	
491	3.7500000000	5.5357142857	1.0000000000	
492	4.1071428571	5.5357142857	1.0000000000	
493	4.4642857143	5.5357142857	1.0000000000	
494	4.8214285714	5.5357142857	1.0000000000	
495	5.1785714286	5.5357142857	1.0000000000	
496	5.5357142857	5.5357142857	1.0000000000	
497	5.8928571429	5.5357142857	1.0000000000	
498	6.2500000000	5.5357142857	1.0000000000	
499	6.6071428571	5.5357142857	1.0000000000	
500	6.9642857143	5.5357142857	1.0000000000	
501	7.3214285714	5.5357142857	1.0000000000	
502	7.6785714286	5.5357142857	1.0000000000	
503	8.0357142857	5.5357142857	1.0000000000	
504	8.3928571429	5.5357142857	1.0000000000	
505	8.7500000000	5.5357142857	1.0000000000	
506	9.1071428571	5.5357142857	1.0000000000	
507	9.4642857143	5.5357142857	1.0000000000	
508	9.8214285714	5.5357142857	1.0000000000	
509	10.0000000000	5.5357142857	1.0000000000	
510	0.0000000000	5.8928571429	1.0000000000	
511	0.1785714286	5.8928571429	1.0000000000	
512	0.5357142857	5.8928571429	1.0000000000	
513	0.8928571429	5.8928571429	1.0000000000	
514	1.2500000000	5.8928571429	1.0000000000	
515	1.6071428571	5.8928571429	1.0000000000	
516	1.9642857143	5.8928571429	1.0000000000	
517	2.3214285714	5.8928571429	1.0000000000	
518	2.6785714286	5.8928571429	1.0000000000	
519	3.0357142857	5.8928571429	1.0000000000	
520	3.3928571429	5.8928571429	1.0000000000	
521	3.7500000000	5.8928571429	1.0000000000	
522	4.1071428571	5.8928571429	1.0000000000	
523	4.4642857143	5.8928571429	1.0000000000	
524	4.8214285714	5.8928571429	1.0000000000	
525	5.1785714286	5.8928571429	1.0000000000	
526	5.5357142857	5.8928571429	1.0000000000	
527	5.8928571429	5.8928571429	1.0000000000	
528	6.2500000000	5.8928571429	1.0000000000	
529	6.6071428571	5.8928571429	1.0000000000	
530	6.9642857143	5.8928571429	1.0000000000	
531	7.3214285714	5.8928571429	1.0000000000	
532	7.6785714286	5.8928571429	1.0000000000	
533	8.0357142857	5.8928571429	1.0000000000	
534	8.3928571429	5.8928571429	1.0000000000	
535	8.7500000000	5.8928571429	1.0000000000	
536	9.1071428571	5.8928571429	1.0000000000	
537	9.4642857143	5.8928571429	1.0000000000	
538	9.8214285714	5.8928571429	1.0000000000	
539	10.0000000000	5.8928571429	1.0000000000	
540	0.0000000000	6.2500000000	1.0000000000	
541	0.1785714286	6.2500000000	1.0000000000	
542	0.5357142857	6.2500000000	1.0000000000	
543	0.8928571429	6.2500000000	1.0000000000	
544	1.2500000000	6.2500000000	1.0000000000	
545	1.6071428571	6.2500000000	1.0000000000	
546	1.9642857143	6.2500000000	1.0000000000	
547	2.3214285714	6.2500000000	1.0000000000	
548	2.6785714286	6.2500000000	1.0000000000	
549	3.0357142857	6.2500000000	1.0000000000	
550	3.3928571429	6.2500000000	1.0000000000	
551	3.7500000000	6.2500000000	1.0000000000	
552	4.1071428571	6.2500000000	1.0000000000	
553	4.4642857143	6.2500000000	1.0000000000	
554	4.8214285714	6.2500000000	1.0000000000	
555	5.1785714286	6.2500000000	1.0000000000	
556	5.5357142857	6.2500000000	1.0000000000	
557	5.8928571429	6.2500000000	1.0000000000	
558	6.2500000000	6.2500000000	1.0000000000	
559	6.6071428571	6.2500000000	1.0000000000	
560	6.9642857143	6.2500000000	1.0000000000	
561	7.3214285714	6.2500000000	1.0000000000	
562	7.6785714286	6.2500000000	1.0000000000	
563	8.0357142857	6.2500000000	1.0000000000	
564	8.3928571429	6.2500000000	1.0000000000	
565	8.7500000000	6.2500000000	1.0000000000	
566	9.1071428571	6.2500000000	1.0000000000	
567	9.4642857143	6.2500000000	1.0000000000	
568	9.8214285714	6.2500000000	1.0000000000	
569	10.0000000000	6.2500000000	1.0000000000	
570	0.0000000000	6.6071428571	1.0000000000	
571	0.1785714286	6.6071428571	1.0000000000	
572	0.5357142857	6.6071428571	1.0000000000	
573	0.8928571429	6.6071428571	1.0000000000	
574	1.2500000000	6.6071428571	1.0000000000	
575	1.6071428571	6.6071428571	1.0000000000	
576	1.9642857143	6.6071428571	1.0000000000	
577	2.3214285714	6.6071428571	1.0000000000	
578	2.6785714286	6.6071428571	1.0000000000	
579	3.0357142857	6.6071428571	1.0000000000	
580	3.3928571429	6.6071428571	1.0000000000	
581	3.7500000000	6.6071428571	1.0000000000	
582	4.1071428571	6.6071428571	1.0000000000	
583	4.4642857143	6.6071428571	1.0000000000	
584	4.8214285714	6.6071428571	1.0000000000	
585	5.1785714286	6.6071428571	1.0000000000	
586	5.5357142857	6.6071428571	1.0000000000	
587	5.8928571429	6.6071428571	1.0000000000	
588	6.2500000000	6.6071428571	1.0000000000	
589	6.6071428571	6.6071428571	1.0000000000	
590	6.9642857143	6.6071428571	1.0000000000	
591	7.3214285714	6.6071428571	1.0000000000	
592	7.6785714286	6.6071428571	1.0000000000	
593	8.0357142857	6.6071428571	1.0000000000	
594	8.3928571429	6.6071428571	1.0000000000	
595	8.7500000000	6.6071428571	1.0000000000	
596	9.1071428571	6.6071428571	1.0000000000	
597	9.4642857143	6.6071428571	1.0000000000	
598	9.8214285714	6.6071428571	1.0000000000	
599	10.0000000000	6.6071428571	1.0000000000	
600	0.0000000000	6.9642857143	1.0000000000	
601	0.1785714286	6.9642857143	1.0000000000	
602	0.5357142857	6.9642857143	1.0000000000	
603	0.8928571429	6.9642857143	1.0000000000	
604	1.2500000000	6.9642857143	1.0000000000	
605	1.6071428571	6.9642857143	1.0000000000	
606	1.9642857143	6.9642857143	1.0000000000	
607	2.3214285714	6.9642857143	1.0000000000	
608	2.6785714286	6.9642857143	1.0000000000	
609	3.0357142857	6.9642857143	1.0000000000	
610	3.3928571429	6.9642857143	1.0000000000	
611	3.7500000000	6.9642857143	1.0000000000	
612	4.1071428571	6.9642857143	1.0000000000	
613	4.4642857143	6.9642857143	1.0000000000	
614	4.8214285714	6.9642857143	1.0000000000	
615	5.1785714286	6.9642857143	1.0000000000	
616	5.5357142857	6.9642857143	1.0000000000	
617	5.8928571429	6.9642857143	1.0000000000	
618	6.2500000000	6.9642857143	1.0000000000	
619	6.6071428571	6.9642857143	1.0000000000	
620	6.9642857143	6.9642857143	1.0000000000	
621	7.3214285714	6.9642857143	1.0000000000	
622	7.6785714286	6.9642857143	1.0000000000	
623	8.0357142857	6.9642857143	1.0000000000	
624	8.3928571429	6.9642857143	1.0000000000	
625	8.7500000000	6.9642857143	1.0000000000	
626	9.1071428571	6.9642857143	1.0000000000	
627	9.4642857143	6.9642857143	1.0000000000	
628	9.8214285714	6.9642857143	1.0000000000	
629	10.0000000000	6.9642857143	1.0000000000	
630	0.0000000000	7.3214285714	1.0000000000	
631	0.1785714286	7.3214285714	1.0000000000	
632	0.5357142857	7.3214285714	1.0000000000	
633	0.8928571429	7.3214285714	1.0000000000	
634	1.2500000000	7.3214285714	1.0000000000	
635	1.6071428571	7.3214285714	1.0000000000	
636	1.9642857143	7.3214285714	1.0000000000	
637	2.3214285714	7.3214285714	1.0000000000	
638	2.6785714286	7.3214285714	1.0000000000	
639	3.0357142857	7.3214285714	1.0000000000	
640	3.3928571429	7.3214285714	1.0000000000	
641	3.7500000000	7.3214285714	1.0000000000	
642	4.1071428571	7.3214285714	1.0000000000	
643	4.4642857143	7.3214285714	1.0000000000	
644	4.8214285714	7.3214285714	1.0000000000	
645	5.1785714286	7.3214285714	1.0000000000	
646	5.5357142857	7.3214285714	1.0000000000	
647	5.8928571429	7.3214285714	1.0000000000	
648	6.2500000000	7.3214285714	1.0000000000	
649	6.6071428571	7.3214285714	1.0000000000	
650	6.9642857143	7.3214285714	1.0000000000	
651	7.3214285714	7.3214285714	1.0000000000	
652	7.6785714286	7.3214285714	1.0000000000	
653	8.0357142857	7.3214285714	1.0000000000	
654	8.3928571429	7.3214285714	1.0000000000	
655	8.7500000000	7.3214285714	1.0000000000	
656	9.1071428571	7.3214285714	1.0000000000	
657	9.4642857143	7.3214285714	1.0000000000	
658	9.8214285714	7.3214285714	1.0000000000	
659	10.0000000000	7.3214285714	1.0000000000	
660	0.0000000000	7.6785714286	1.0000000000	
661	0.1785714286	7.6785714286	1.0000000000	
662	0.5357142857	7.6785714286	1.0000000000	
663	0.8928571429	7.6785714286	1.0000000000	
664	1.2500000000	7.6785714286	1.0000000000	
665	1.6071428571	7.6785714286	1.0000000000	
666	1.9642857143	7.6785714286	1.0000000000	
667	2.3214285714	7.6785714286	1.0000000000	
668	2.6785714286	7.6785714286	1.0000000000	
669	3.0357142857	7.6785714286	1.0000000000	
670	3.3928571429	7.6785714286	1.0000000000	
671	3.7500000000	7.6785714286	1.0000000000	
672	4.1071428571	7.6785714286	1.0000000000	
673	4.4642857143	7.6785714286	1.0000000000	
674	4.8214285714	7.6785714286	1.0000000000	
675	5.1785714286	7.6785714286	1.0000000000	
676	5.5357142857	7.6785714286	1.0000000000	
677	5.8928571429	7.6785714286	1.0000000000	
678	6.2500000000	7.6785714286	1.0000000000	
679	6.6071428571	7.6785714286	1.0000000000	
680	6.9642857143	7.6785714286	1.0000000000	
681	7.3214285714	7.6785714286	1.0000000000	
682	7.6785714286	7.6785714286	1.0000000000	
683	8.0357142857	7.6785714286	1.0000000000	
684	8.3928571429	7.6785714286	1.0000000000	
685	8.7500000000	7.6785714286	1.0000000000	
686	9.1071428571	7.6785714286	1.0000000000	
687	9.4642857143	7.6785714286	1.0000000000	
688	9.8214285714	7.6785714286	1.0000000000	
689	10.0000000000	7.6785714286	1.0000000000	
690	0.0000000000	8.0357142857	1.0000000000	
691	0.1785714286	8.0357142857	1.0000000000	
692	0.5357142857	8.0357142857	1.0000000000	
693	0.8928571429	8.0357142857	1.0000000000	
694	1.2500000000	8.0357142857	1.0000000000	
695	1.6071428571	8.0357142857	1.0000000000	
696	1.9642857143	8.0357142857	1.0000000000	
697	2.3214285714	8.0357142857	1.0000000000	
698	2.6785714286	8.0357142857	1.0000000000	
699	3.0357142857	8.0357142857	1.0000000000	
700	3.3928571429	8.0357142857	1.0000000000	
701	3.7500000000	8.0357142857	1.0000000000	
702	4.1071428571	8.0357142857	1.0000000000	
703	4.4642857143	8.0357142857	1.0000000000	
704	4.8214285714	8.0357142857	1.0000000000	
705	5.1785714286	8.0357142857	1.0000000000	
706	5.5357142857	8.0357142857	1.0000000000	
707	5.8928571429	8.0357142857	1.0000000000	
708	6.2500000000	8.0357142857	1.0000000000	
709	6.6071428571	8.0357142857	1.0000000000	
710	6.9642857143	8.0357142857	1.0000000000	
711	7.3214285714	8.0357142857	1.0000000000	
712	7.6785714286	8.0357142857	1.0000000000	
713	8.0357142857	8.0357142857	1.0000000000	
714	8.3928571429	8.0357142857	1.0000000000	
715	8.7500000000	8.0357142857	1.0000000000	
716	9.1071428571	8.0357142857	1.0000000000	
717	9.4642857143	8.0357142857	1.0000000000	
718	9.8214285714	8.0357142857	1.0000000000	
719	10.0000000000	8.0357142857	1.0000000000	
720	0.0000000000	8.3928571429	1.0000000000	
721	0.1785714286	8.3928571429	1.0000000000	
722	0.5357142857	8.3928571429	1.0000000000	
723	0.8928571429	8.3928571429	1.0000000000	
724	1.2500000000	8.3928571429	1.0000000000	
725	1.6071428571	8.3928571429	1.0000000000	
726	1.9642857143	8.3928571429	1.0000000000	
727	2.3214285714	8.3928571429	1.0000000000	
728	2.6785714286	8.3928571429	1.0000000000	
729	3.0357142857	8.3928571429	1.0000000000	
730	3.3928571429	8.3928571429	1.0000000000	
731	3.7500000000	8.3928571429	1.0000000000	
732	4.1071428571	8.3928571429	1.0000000000	
733	4.4642857143	8.3928571429	1.0000000000	
734	4.8214285714	8.3928571429	1.0000000000	
735	5.1785714286	8.3928571429	1.0000000000	
736	5.5357142857	8.3928571429	1.0000000000	
737	5.8928571429	8.3928571429	1.0000000000	
738	6.2500000000	8.3928571429	1.0000000000	
739	6.6071428571	8.3928571429	1.0000000000	
740	6.9642857143	8.3928571429	1.0000000000	
741	7.3214285714	8.3928571429	1.0000000000	
742	7.6785714286	8.3928571429	1.0000000000	
743	8.0357142857	8.3928571429	1.0000000000	
744	8.3928571429	8.3928571429	1.0000000000	
745	8.7500000000	8.3928571429	1.0000000000	
746	9.1071428571	8.3928571429	1.0000000000	
747	9.4642857143	8.3928571429	1.0000000000	
748	9.8214285714	8.3928571429	1.0000000000	
749	10.0000000000	8.3928571429	1.0000000000	
750	0.0000000000	8.7500000000	1.0000000000	
751	0.1785714286	8.7500000000	1.0000000000	
752	0.5357142857	8.7500000000	1.0000000000	
753	0.8928571429	8.7500000000	1.0000000000	
754	1.2500000000	8.7500000000	1.0000000000	
755	1.6071428571	8.7500000000	1.0000000000	
756	1.9642857143	8.7500000000	1.0000000000	
757	2.3214285714	8.7500000000	1.0000000000	
758	2.6785714286	8.7500000000	1.0000000000	
759	3.0357142857	8.7500000000	1.0000000000	
760	3.3928571429	8.7500000000	1.0000000000	
761	3.7500000000	8.7500000000	1.0000000000	
762	4.1071428571	8.7500000000	1.0000000000	
763	4.4642857143	8.7500000000	1.0000000000	
764	4.8214285714	8.7500000000	1.0000000000	
765	5.1785714286	8.7500000000	1.0000000000	
766	5.5357142857	8.7500000000	1.0000000000	
767	5.8928571429	8.7500000000	1.0000000000	
768	6.2500000000	8.7500000000	1.0000000000	
769	6.6071428571	8.7500000000	1.0000000000	
770	6.9642857143	8.7500000000	1.0000000000	
771	7.3214285714	8.7500000000	1.0000000000	
772	7.6785714286	8.7500000000	1.0000000000	
773	8.0357142857	8.7500000000	1.0000000000	
774	8.3928571429	8.7500000000	1.0000000000	
775	8.7500000000	8.7500000000	1.0000000000	
776	9.1071428571	8.7500000000	1.0000000000	
777	9.4642857143	8.7500000000	1.0000000000	
778	9.8214285714	8.7500000000	1.0000000000	
779	10.0000000000	8.7500000000	1.0000000000	
780	0.0000000000	9.1071428571	1.0000000000	
781	0.1785714286	9.1071428571	1.0000000000	
782	0.5357142857	9.1071428571	1.0000000000	
783	0.8928571429	9.1071428571	1.0000000000	
784	1.2500000000	9.1071428571	1.0000000000	
785	1.6071428571	9.1071428571	1.0000000000	
786	1.9642857143	9.1071428571	1.0000000000	
787	2.3214285714	9.1071428571	1.0000000000	
788	2.6785714286	9.1071428571	1.0000000000	
789	3.0357142857	9.1071428571	1.0000000000	
790	3.3928571429	9.1071428571	1.0000000000	
791	3.7500000000	9.1071428571	1.0000000000	
792	4.1071428571	9.1071428571	1.0000000000	
793	4.4642857143	9.1071428571	1.0000000000	
794	4.8214285714	9.1071428571	1.0000000000	
795	5.1785714286	9.1071428571	1.0000000000	
796	5.5357142857	9.1071428571	1.0000000000	
797	5.8928571429	9.1071428571	1.0000000000	
798	6.2500000000	9.1071428571	1.0000000000	
799	6.6071428571	9.1071428571	1.0000000000	
800	6.9642857143	9.1071428571	1.0000000000	
801	7.3214285714	9.1071428571	1.0000000000	
802	7.6785714286	9.1071428571	1.0000000000	
803	8.0357142857	9.1071428571	1.0000000000	
804	8.3928571429	9.1071428571	1.0000000000	
805	8.7500000000	9.1071428571	1.0000000000	
806	9.1071428571	9.1071428571	1.0000000000	
807	9.4642857143	9.1071428571	1.0000000000	
808	9.8214285714	9.1071428571	1.0000000000	
809	10.0000000000	9.1071428571	1.0000000000	
810	0.0000000000	9.4642857143	1.0000000000	
811	0.1785714286	9.4642857143	1.0000000000	
812	0.5357142857	9.4642857143	1.0000000000	
813	0.8928571429	9.4642857143	1.0000000000	
814	1.2500000000	9.4642857143	1.0000000000	
815	1.6071428571	9.4642857143	1.0000000000	
816	1.9642857143	9.4642857143	1.0000000000	
817	2.3214285714	9.4642857143	1.0000000000	
818	2.6785714286	9.4642857143	1.0000000000	
819	3.0357142857	9.4642857143	1.0000000000	
820	3.3928571429	9.4642857143	1.0000000000	
821	3.7500000000	9.4642857143	1.0000000000	
822	4.1071428571	9.4642857143	1.0000000000	
823	4.4642857143	9.4642857143	1.0000000000	
824	4.8214285714	9.4642857143	1.0000000000	
825	5.1785714286	9.4642857143	1.0000000000	
826	5.5357142857	9.4642857143	1.0000000000	
827	5.8928571429	9.4642857143	1.0000000000	
828	6.2500000000	9.4642857143	1.0000000000	
829	6.6071428571	9.4642857143	1.0000000000	
830	6.9642857143	9.4642857143	1.0000000000	
831	7.3214285714	9.4642857143	1.0000000000	
832	7.6785714286	9.4642857143	1.0000000000	
833	8.0357142857	9.4642857143	1.0000000000	
834	8.3928571429	9.4642857143	1.0000000000	
835	8.7500000000	9.4642857143	1.0000000000	
836	9.1071428571	9.4642857143	1.0000000000	
837	9.4642857143	9.4642857143	1.0000000000	
838	9.8214285714	9.4642857143	1.0000000000	
839	10.0000000000	9.4642857143	1.0000000000	
840	0.0000000000	9.8214285714	1.0000000000	
841	0.1785714286	9.8214285714	1.0000000000	
842	0.5357142857	9.8214285714	1.0000000000	
843	0.8928571429	9.8214285714	1.0000000000	
844	1.2500000000	9.8214285714	1.0000000000	
845	1.6071428571	9.8214285714	1.0000000000	
846	1.9642857143	9.8214285714	1.0000000000	
847	2.3214285714	9.8214285714	1.0000000000	
848	2.6785714286	9.8214285714	1.0000000000	
849	3.0357142857	9.8214285714	1.0000000000	
850	3.3928571429	9.8214285714	1.0000000000	
851	3.7500000000	9.8214285714	1.0000000000	
852	4.1071428571	9.8214285714	1.0000000000	
853	4.4642857143	9.8214285714	1.0000000000	
854	4.8214285714	9.8214285714	1.0000000000	
855	5.1785714286	9.8214285714	1.0000000000	
856	5.5357142857	9.8214285714	1.0000000000	
857	5.8928571429	9.8214285714	1.0000000000	
858	6.2500000000	9.8214285714	1.0000000000	
859	6.6071428571	9.8214285714	1.0000000000	
860	6.9642857143	9.8214285714	1.0000000000	
861	7.3214285714	9.8214285714	1.0000000000	
862	7.6785714286	9.8214285714	1.0000000000	
863	8.0357142857	9.8214285714	1.0000000000	
864	8.3928571429	9.8214285714	1.0000000000	
865	8.7500000000	9.8214285714	1.0000000000	
866	9.1071428571	9.8214285714	1.0000000000	
867	9.4642857143	9.8214285714	1.0000000000	
868	9.8214285714	9.8214285714	1.0000000000	
869	10.0000000000	9.8214285714	1.0000000000	
870	0.0000000000	10.0000000000	1.0000000000	
871	0.1785714286	10.0000000000	1.0000000000	
872	0.5357142857	10.0000000000	1.0000000000	
873	0.8928571429	10.0000000000	1.0000000000	
874	1.2500000000	10.0000000000	1.0000000000	
875	1.6071428571	10.0000000000	1.0000000000	
876	1.9642857143	10.0000000000	1.0000000000	
877	2.3214285714	10.0000000000	1.0000000000	
878	2.6785714286	10.0000000000	1.0000000000	
879	3.0357142857	10.0000000000	1.0000000000	
880	3.3928571429	10.0000000000	1.0000000000	
881	3.7500000000	10.0000000000	1.0000000000	
882	4.1071428571	10.0000000000	1.0000000000	
883	4.4642857143	10.0000000000	1.0000000000	
884	4.8214285714	10.0000000000	1.0000000000	
885	5.1785714286	10.0000000000	1.0000000000	
886	5.5357142857	10.0000000000	1.0000000000	
887	5.8928571429	10.0000000000	1.0000000000	
888	6.2500000000	10.0000000000	1.0000000000	
889	6.6071428571	10.0000000000	1.0000000000	
890	6.9642857143	10.0000000000	1.0000000000	
891	7.3214285714	10.0000000000	1.0000000000	
892	7.6785714286	10.0000000000	1.0000000000	
893	8.0357142857	10.0000000000	1.0000000000	
894	8.3928571429	10.0000000000	1.0000000000	
895	8.7500000000	10.0000000000	1.0000000000	
896	9.1071428571	10.0000000000	1.0000000000	
897	9.4642857143	10.0000000000	1.0000000000	
898	9.8214285714	10.0000000000	1.0000000000	
899	10.0000000000	10.0000000000	1.0000000000	
900	1.0000000000	0.0000000000	1.0000000000	
901	1.0196078431	0.0000000000	1.0000000000	
902	1.0588235294	0.0000000000	1.0000000000	
903	1.1176470588	0.0000000000	1.0000000000	
904	1.1764705882	0.0000000000	1.0000000000	
905	1.2352941176	0.0000000000	1.0000000000	
906	1.2941176471	0.0000000000	1.0000000000	
907	1.3529411765	0.0000000000	1.0000000000	
908	1.4117647059	0.0000000000	1.0000000000	
909	1.4705882353	0.0000000000	1.0000000000	
910	1.5294117647	0.0000000000	1.0000000000	
911	1.5882352941	0.0000000000	1.0000000000	
912	1.6470588235	0.0000000000	1.0000000000	
913	1.7058823529	0.0000000000	1.0000000000	
914	1.7647058824	0.0000000000	1.0000000000	
915	1.8235294118	0.0000000000	1.0000000000	
916	1.8823529412	0.0000000000	1.0000000000	
917	1.9411764706	0.0000000000	1.0000000000	
918	1.9803921569	0.0000000000	1.0000000000	
919	2.0000000000	0.0000000000	1.0000000000	
920	1.0000000000	0.0280518818	0.9885139914	
921	1.0196078431	0.0286019187	0.9885139914	
922	1.0588235294	0.0297019925	0.9885139914	
923	1.1176470588	0.0313521032	0.9885139914	
924	1.1764705882	0.0330022139	0.9885139914	
925	1.2352941176	0.0346523246	0.9885139914	
926	1.2941176471	0.0363024353	0.9885139914	
927	1.3529411765	0.0379525460	0.9885139914	
928	1.4117647059	0.0396026567	0.9885139914	
929	1.4705882353	0.0412527674	0.9885139914	
930	1.5294117647	0.0429028781	0.9885139914	
931	1.5882352941	0.0445529888	0.9885139914	
932	1.6470588235	0.0462030995	0.9885139914	
933	1.7058823529	0.0478532102	0.9885139914	
934	1.7647058824	0.0495033209	0.9885139914	
935	1.8235294118	0.0511534316	0.9885139914	
936	1.8823529412	0.0528035423	0.9885139914	
937	1.9411764706	0.0544536530	0.9885139914	
938	1.9803921569	0.0555537268	0.9885139914	
939	2.0000000000	0.0561037637	0.9885139914	
940	0.9976142092	0.0850492249	0.9668932694	
941	1.0171752721	0.0867168568	0.9668932694	
942	1.0562973980	0.0900521205	0.9668932694	
943	1.1149805867	0.0950550161	0.9668932694	
944	1.1736637755	0.1000579117	0.9668932694	
945	1.2323469643	0.1050608072	0.9668932694	
946	1.2910301531	0.1100637028	0.9668932694	
947	1.3497133418	0.1150665984	0.9668932694	
948	1.4083965306	0.1200694940	0.9668932694	
949	1.4670797194	0.1250723896	0.9668932694	
950	1.5257629082	0.1300752852	0.9668932694	
951	1.5844460970	0.1350781807	0.9668932694	
952	1.6431292857	0.1400810763	0.9668932694	
953	1.7018124745	0.1450839719	0.9668932694	
954	1.7604956633	0.1500868675	0.9668932694	
955	1.8191788521	0.1550897631	0.9668932694	
956	1.8778620408	0.1600926587	0.9668932694	
957	1.9365452296	0.1650955542	0.9668932694	
958	1.9756673555	0.1684308180	0.9668932694	
959	1.9952284184	0.1700984498	0.9668932694	
960	0.9864813952	0.1716782123	0.9385160717	
961	1.0058241676	0.1750444518	0.9385160717	
962	1.0445097125	0.1817769307	0.9385160717	
963	1.1025380299	0.1918756491	0.9385160717	
964	1.1605663472	0.2019743675	0.9385160717	
965	1.2185946646	0.2120730858	0.9385160717	
966	1.2766229820	0.2221718042	0.9385160717	
967	1.3346512993	0.2322705226	0.9385160717	
968	1.3926796167	0.2423692410	0.9385160717	
969	1.4507079341	0.2524679593	0.9385160717	
970	1.5087362514	0.2625666777	0.9385160717	
971	1.5667645688	0.2726653961	0.9385160717	
972	1.6247928861	0.2827641145	0.9385160717	
973	1.6828212035	0.2928628328	0.9385160717	
974	1.7408495209	0.3029615512	0.9385160717	
975	1.7988778382	0.3130602696	0.9385160717	
976	1.8569061556	0.3231589879	0.9385160717	
977	1.9149344730	0.3332577063	0.9385160717	
978	1.9536200179	0.3399901852	0.9385160717	
979	1.9729627903	0.3433564247	0.9385160717	
980	0.9671967803	0.2594042312	0.9141927594	
981	0.9861614230	0.2644905887	0.9141927594	
982	1.0240907085	0.2746633036	0.9141927594	
983	1.0809846368	0.2899223760	0.9141927594	
984	1.1378785650	0.3051814485	0.9141927594	
985	1.1947724933	0.3204405209	0.9141927594	
986	1.2516664215	0.3356995933	0.9141927594	
987	1.3085603498	0.3509586657	0.9141927594	
988	1.3654542780	0.3662177382	0.9141927594	
989	1.4223482063	0.3814768106	0.9141927594	
990	1.4792421345	0.3967358830	0.9141927594	
991	1.5361360628	0.4119949554	0.9141927594	
992	1.5930299910	0.4272540278	0.9141927594	
993	1.6499239193	0.4425131003	0.9141927594	
994	1.7068178475	0.4577721727	0.9141927594	
995	1.7637117758	0.4730312451	0.9141927594	
996	1.8206057040	0.4882903175	0.9141927594	
997	1.8774996323	0.5035493900	0.9141927594	
998	1.9154289178	0.5137221049	0.9141927594	
999	1.9343935605	0.5188084624	0.9141927594	
1000	0.9393573058	0.3471233351	0.8939233325	
1001	0.9577760765	0.3539296751	0.8939233325	
1002	0.9946136179	0.3675423549	0.8939233325	
1003	1.0498699300	0.3879613746	0.8939233325	
1004	1.1051262422	0.4083803943	0.8939233325	
1005	1.1603825543	0.4287994140	0.8939233325	
1006	1.2156388664	0.4492184337	0.8939233325	
1007	1.2708951785	0.4696374534	0.8939233325	
1008	1.3261514906	0.4900564731	0.8939233325	
1009	1.3814078027	0.5104754929	0.8939233325	
1010	1.4366641148	0.5308945126	0.8939233325	
1011	1.4919204269	0.5513135323	0.8939233325	
1012	1.5471767390	0.5717325520	0.8939233325	
1013	1.6024330511	0.5921515717	0.8939233325	
1014	1.6576893632	0.6125705914	0.8939233325	
1015	1.7129456753	0.6329896112	0.8939233325	
1016	1.7682019875	0.6534086309	0.8939233325	
1017	1.8234582996	0.6738276506	0.8939233325	
1018	1.8602958410	0.6874403304	0.8939233325	
1019	1.8787146117	0.6942466703	0.8939233325	
1020	0.9027560326	0.4336195955	0.8777077910	
1021	0.9204571313	0.4421219406	0.8777077910	
1022	0.9558593287	0.4591266306	0.8777077910	
1023	1.0089626247	0.4846336656	0.8777077910	
1024	1.0620659208	0.5101407006	0.8777077910	
1025	1.1151692168	0.5356477357	0.8777077910	
1026	1.1682725128	0.5611547707	0.8777077910	
1027	1.2213758089	0.5866618057	0.8777077910	
1028	1.2744791049	0.6121688408	0.8777077910	
1029	1.3275824009	0.6376758758	0.8777077910	
1030	1.3806856970	0.6631829108	0.8777077910	
1031	1.4337889930	0.6886899459	0.8777077910	
1032	1.4868922891	0.7141969809	0.8777077910	
1033	1.5399955851	0.7397040159	0.8777077910	
1034	1.5930988811	0.7652110510	0.8777077910	
1035	1.6462021772	0.7907180860	0.8777077910	
1036	1.6993054732	0.8162251210	0.8777077910	
1037	1.7524087693	0.8417321561	0.8777077910	
1038	1.7878109666	0.8587368461	0.8777077910	
1039	1.8055120653	0.8672391911	0.8777077910	
1040	0.8574147968	0.5176089387	0.8655461348	
1041	0.8742268516	0.5277581336	0.8655461348	
1042	0.9078509613	0.5480565234	0.8655461348	
1043	0.9582871258	0.5785041080	0.8655461348	
1044	1.0087232904	0.6089516926	0.8655461348	
1045	1.0591594549	0.6393992773	0.8655461348	
1046	1.1095956194	0.6698468619	0.8655461348	
1047	1.1600317839	0.7002944465	0.8655461348	
1048	1.2104679484	0.7307420311	0.8655461348	
1049	1.2609041129	0.7611896158	0.8655461348	
1050	1.3113402775	0.7916372004	0.8655461348	
1051	1.3617764420	0.8220847850	0.8655461348	
1052	1.4122126065	0.8525323697	0.8655461348	
1053	1.4626487710	0.8829799543	0.8655461348	
1054	1.5130849355	0.9134275389	0.8655461348	
1055	1.5635211001	0.9438751236	0.8655461348	
1056	1.6139572646	0.9743227082	0.8655461348	
1057	1.6643934291	1.0047702928	0.8655461348	
1058	1.6980175388	1.0250686826	0.8655461348	
1059	1.7148295936	1.0352178775	0.8655461348	
1060	0.8036048099	0.5977934122	0.8574383641	
1061	0.8193617670	0.6095148516	0.8574383641	
1062	0.8508756811	0.6329577305	0.8574383641	
1063	0.8981465523	0.6681220489	0.8574383641	
1064	0.9454174235	0.7032863672	0.8574383641	
1065	0.9926882946	0.7384506856	0.8574383641	
1066	1.0399591658	0.7736150040	0.8574383641	
1067	1.0872300370	0.8087793223	0.8574383641	
1068	1.1345009082	0.8439436407	0.8574383641	
1069	1.1817717793	0.8791079590	0.8574383641	
1070	1.2290426505	0.9142722774	0.8574383641	
1071	1.2763135217	0.9494365958	0.8574383641	
1072	1.3235843929	0.9846009141	0.8574383641	
1073	1.3708552640	1.0197652325	0.8574383641	
1074	1.4181261352	1.0549295509	0.8574383641	
1075	1.4653970064	1.0900938692	0.8574383641	
1076	1.5126678775	1.1252581876	0.8574383641	
1077	1.5599387487	1.1604225059	0.8574383641	
1078	1.5914526628	1.1838653848	0.8574383641	
1079	1.6072096199	1.1955868243	0.8574383641	
1080	0.7418515450	0.6729218529	0.8533844787	
1081	0.7563976538	0.6861163990	0.8533844787	
1082	0.7854898712	0.7125054913	0.8533844787	
1083	0.8291281974	0.7520891297	0.8533844787	
1084	0.8727665236	0.7916727681	0.8533844787	
1085	0.9164048498	0.8312564065	0.8533844787	
1086	0.9600431759	0.8708400449	0.8533844787	
1087	1.0036815021	0.9104236833	0.8533844787	
1088	1.0473198283	0.9500073217	0.8533844787	
1089	1.0909581545	0.9895909601	0.8533844787	
1090	1.1345964807	1.0291745985	0.8533844787	
1091	1.1782348068	1.0687582369	0.8533844787	
1092	1.2218731330	1.1083418753	0.8533844787	
1093	1.2655114592	1.1479255137	0.8533844787	
1094	1.3091497854	1.1875091521	0.8533844787	
1095	1.3527881116	1.2270927906	0.8533844787	
1096	1.3964264377	1.2666764290	0.8533844787	
1097	1.4400647639	1.3062600674	0.8533844787	
1098	1.4691569814	1.3326491596	0.8533844787	
1099	1.4837030901	1.3458437058	0.8533844787	
1100	0.6729218529	0.7418515450	0.8533844787	
1101	0.6861163990	0.7563976538	0.8533844787	
1102	0.7125054913	0.7854898712	0.8533844787	
1103	0.7520891297	0.8291281974	0.8533844787	
1104	0.7916727681	0.8727665236	0.8533844787	
1105	0.8312564065	0.9164048498	0.8533844787	
1106	0.8708400449	0.9600431759	0.8533844787	
1107	0.9104236833	1.0036815021	0.8533844787	
1108	0.9500073217	1.0473198283	0.8533844787	
1109	0.9895909601	1.0909581545	0.8533844787	
1110	1.0291745985	1.1345964807	0.8533844787	
1111	1.0687582369	1.1782348068	0.8533844787	
1112	1.1083418753	1.2218731330	0.8533844787	
1113	1.1479255137	1.2655114592	0.8533844787	
1114	1.1875091521	1.3091497854	0.8533844787	
1115	1.2270927906	1.3527881116	0.8533844787	
1116	1.2666764290	1.3964264377	0.8533844787	
1117	1.3062600674	1.4400647639	0.8533844787	
1118	1.3326491596	1.4691569814	0.8533844787	
1119	1.3458437058	1.4837030901	0.8533844787	
1120	0.5977934122	0.8036048099	0.8574383641	
1121	0.6095148516	0.8193617670	0.8574383641	
1122	0.6329577305	0.8508756811	0.8574383641	
1123	0.6681220489	0.8981465523	0.8574383641	
1124	0.7032863672	0.9454174235	0.8574383641	
1125	0.7384506856	0.9926882946	0.8574383641	
1126	0.7736150040	1.0399591658	0.8574383641	
1127	0.8087793223	1.0872300370	0.8574383641	
1128	0.8439436407	1.1345009082	0.8574383641	
1129	0.8791079590	1.1817717793	0.8574383641	
1130	0.9142722774	1.2290426505	0.8574383641	
1131	0.9494365958	1.2763135217	0.8574383641	
1132	0.9846009141	1.3235843929	0.8574383641	
1133	1.0197652325	1.3708552640	0.8574383641	
1134	1.0549295509	1.4181261352	0.8574383641	
1135	1.0900938692	1.4653970064	0.8574383641	
1136	1.1252581876	1.5126678775	0.8574383641	
1137	1.1604225059	1.5599387487	0.8574383641	
1138	1.1838653848	1.5914526628	0.8574383641	
1139	1.1955868243	1.6072096199	0.8574383641	
1140	0.5176089387	0.8574147968	0.8655461348	
1141	0.5277581336	0.8742268516	0.8655461348	
1142	0.5480565234	0.9078509613	0.8655461348	
1143	0.5785041080	0.9582871258	0.8655461348	
1144	0.6089516926	1.0087232904	0.8655461348	
1145	0.6393992773	1.0591594549	0.8655461348	
1146	0.6698468619	1.1095956194	0.8655461348	
1147	0.7002944465	1.1600317839	0.8655461348	
1148	0.7307420311	1.2104679484	0.8655461348	
1149	0.7611896158	1.2609041129	0.8655461348	
1150	0.7916372004	1.3113402775	0.8655461348	
1151	0.8220847850	1.3617764420	0.8655461348	
1152	0.8525323697	1.4122126065	0.8655461348	
1153	0.8829799543	1.4626487710	0.8655461348	
1154	0.9134275389	1.5130849355	0.8655461348	
1155	0.9438751236	1.5635211001	0.8655461348	
1156	0.9743227082	1.6139572646	0.8655461348	
1157	1.0047702928	1.6643934291	0.8655461348	
1158	1.0250686826	1.6980175388	0.8655461348	
1159	1.0352178775	1.7148295936	0.8655461348	
1160	0.4336195955	0.9027560326	0.8777077910	
1161	0.4421219406	0.9204571313	0.8777077910	
1162	0.4591266306	0.9558593287	0.8777077910	
1163	0.4846336656	1.0089626247	0.8777077910	
1164	0.5101407006	1.0620659208	0.8777077910	
1165	0.5356477357	1.1151692168	0.8777077910	
1166	0.5611547707	1.1682725128	0.8777077910	
1167	0.5866618057	1.2213758089	0.8777077910	
1168	0.6121688408	1.2744791049	0.8777077910	
1169	0.6376758758	1.3275824009	0.8777077910	
1170	0.6631829108	1.3806856970	0.8777077910	
1171	0.6886899459	1.4337889930	0.8777077910	
1172	0.7141969809	1.4868922891	0.8777077910	
1173	0.7397040159	1.5399955851	0.8777077910	
1174	0.7652110510	1.5930988811	0.8777077910	
1175	0.7907180860	1.6462021772	0.8777077910	
1176	0.8162251210	1.6993054732	0.8777077910	
1177	0.8417321561	1.7524087693	0.8777077910	
1178	0.8587368461	1.7878109666	0.8777077910	
1179	0.8672391911	1.8055120653	0.8777077910	
1180	0.3471233351	0.9393573058	0.8939233325	
1181	0.3539296751	0.9577760765	0.8939233325	
1182	0.3675423549	0.9946136179	0.8939233325	
1183	0.3879613746	1.0498699300	0.8939233325	
1184	0.4083803943	1.1051262422	0.8939233325	
1185	0.4287994140	1.1603825543	0.8939233325	
1186	0.4492184337	1.2156388664	0.8939233325	
1187	0.4696374534	1.2708951785	0.8939233325	
1188	0.4900564731	1.3261514906	0.8939233325	
1189	0.5104754929	1.3814078027	0.8939233325	
1190	0.5308945126	1.4366641148	0.8939233325	
1191	0.5513135323	1.4919204269	0.8939233325	
1192	0.5717325520	1.5471767390	0.8939233325	
1193	0.5921515717	1.6024330511	0.8939233325	
1194	0.6125705914	1.6576893632	0.8939233325	
1195	0.6329896112	1.7129456753	0.8939233325	
1196	0.6534086309	1.7682019875	0.8939233325	
1197	0.6738276506	1.8234582996	0.8939233325	
1198	0.6874403304	1.8602958410	0.8939233325	
1199	0.6942466703	1.8787146117	0.8939233325	
1200	0.2594042312	0.9671967803	0.9141927594	
1201	0.2644905887	0.9861614230	0.9141927594	
1202	0.2746633036	1.0240907085	0.9141927594	
1203	0.2899223760	1.0809846368	0.9141927594	
1204	0.3051814485	1.1378785650	0.9141927594	
1205	0.3204405209	1.1947724933	0.9141927594	
1206	0.3356995933	1.2516664215	0.9141927594	
1207	0.3509586657	1.3085603498	0.9141927594	
1208	0.3662177382	1.3654542780	0.9141927594	
1209	0.3814768106	1.4223482063	0.9141927594	
1210	0.3967358830	1.4792421345	0.9141927594	
1211	0.4119949554	1.5361360628	0.9141927594	
1212	0.4272540278	1.5930299910	0.9141927594	
1213	0.4425131003	1.6499239193	0.9141927594	
1214	0.4577721727	1.7068178475	0.9141927594	
1215	0.4730312451	1.7637117758	0.9141927594	
1216	0.4882903175	1.8206057040	0.9141927594	
1217	0.5035493900	1.8774996323	0.9141927594	
1218	0.5137221049	1.9154289178	0.9141927594	
1219	0.5188084624	1.9343935605	0.9141927594	
1220	0.1716782123	0.9864813952	0.9385160717	
1221	0.1750444518	1.0058241676	0.9385160717	
1222	0.1817769307	1.0445097125	0.9385160717	
1223	0.1918756491	1.1025380299	0.9385160717	
1224	0.2019743675	1.1605663472	0.9385160717	
1225	0.2120730858	1.2185946646	0.9385160717	
1226	0.2221718042	1.2766229820	0.9385160717	
1227	0.2322705226	1.3346512993	0.9385160717	
1228	0.2423692410	1.3926796167	0.9385160717	
1229	0.2524679593	1.4507079341	0.9385160717	
1230	0.2625666777	1.5087362514	0.9385160717	
1231	0.2726653961	1.5667645688	0.9385160717	
1232	0.2827641145	1.6247928861	0.9385160717	
1233	0.2928628328	1.6828212035	0.9385160717	
1234	0.3029615512	1.7408495209	0.9385160717	
1235	0.3130602696	1.7988778382	0.9385160717	
1236	0.3231589879	1.8569061556	0.9385160717	
1237	0.3332577063	1.9149344730	0.9385160717	
1238	0.3399901852	1.9536200179	0.9385160717	
1239	0.3433564247	1.9729627903	0.9385160717	
1240	0.0850492249	0.9976142092	0.9668932694	
1241	0.0867168568	1.0171752721	0.9668932694	
1242	0.0900521205	1.0562973980	0.9668932694	
1243	0.0950550161	1.1149805867	0.9668932694	
1244	0.1000579117	1.1736637755	0.9668932694	
1245	0.1050608072	1.2323469643	0.9668932694	
1246	0.1100637028	1.2910301531	0.9668932694	
1247	0.1150665984	1.3497133418	0.9668932694	
1248	0.1200694940	1.4083965306	0.9668932694	
1249	0.1250723896	1.4670797194	0.9668932694	
1250	0.1300752852	1.5257629082	0.9668932694	
1251	0.1350781807	1.5844460970	0.9668932694	
1252	0.1400810763	1.6431292857	0.9668932694	
1253	0.1450839719	1.7018124745	0.9668932694	
1254	0.1500868675	1.7604956633	0.9668932694	
1255	0.1550897631	1.8191788521	0.9668932694	
1256	0.1600926587	1.8778620408	0.9668932694	
1257	0.1650955542	1.9365452296	0.9668932694	
1258	0.1684308180	1.9756673555	0.9668932694	
1259	0.1700984498	1.9952284184	0.9668932694	
1260	0.0280518818	1.0000000000	0.9885139914	
1261	0.0286019187	1.0196078431	0.9885139914	
1262	0.0297019925	1.0588235294	0.9885139914	
1263	0.0313521032	1.1176470588	0.9885139914	
1264	0.0330022139	1.1764705882	0.9885139914	
1265	0.0346523246	1.2352941176	0.9885139914	
1266	0.0363024353	1.2941176471	0.9885139914	
1267	0.0379525460	1.3529411765	0.9885139914	
1268	0.0396026567	1.4117647059	0.9885139914	
1269	0.0412527674	1.4705882353	0.9885139914	
1270	0.0429028781	1.5294117647	0.9885139914	
1271	0.0445529888	1.5882352941	0.9885139914	
1272	0.0462030995	1.6470588235	0.9885139914	
1273	0.0478532102	1.7058823529	0.9885139914	
1274	0.0495033209	1.7647058824	0.9885139914	
1275	0.0511534316	1.8235294118	0.9885139914	
1276	0.0528035423	1.8823529412	0.9885139914	
1277	0.0544536530	1.9411764706	0.9885139914	
1278	0.0555537268	1.9803921569	0.9885139914	
1279	0.0561037637	2.0000000000	0.9885139914	
1280	0.0000000000	1.0000000000	1.0000000000	
1281	0.0000000000	1.0196078431	1.0000000000	
1282	0.0000000000	1.0588235294	1.0000000000	
1283	0.0000000000	1.1176470588	1.0000000000	
1284	0.0000000000	1.1764705882	1.0000000000	
1285	0.0000000000	1.2352941176	1.0000000000	
1286	0.0000000000	1.2941176471	1.0000000000	
1287	0.0000000000	1.3529411765	1.0000000000	
1288	0.0000000000	1.4117647059	1.0000000000	
1289	0.0000000000	1.4705882353	1.0000000000	
1290	0.0000000000	1.5294117647	1.0000000000	
1291	0.0000000000	1.5882352941	1.0000000000	
1292	0.0000000000	1.6470588235	1.0000000000	
1293	0.0000000000	1.7058823529	1.0000000000	
1294	0.0000000000	1.7647058824	1.0000000000	
1295	0.0000000000	1.8235294118	1.0000000000	
1296	0.0000000000	1.8823529412	1.0000000000	
1297	0.0000000000	1.9411764706	1.0000000000	
1298	0.0000000000	1.9803921569	1.0000000000	
1299	0.0000000000	2.0000000000	1.0000000000	

0	1	0.0000000000
1	1	0.0000000000
2	1	0.0000000000
3	1	0.0000000000
4	1	0.0000000000
5	1	0.0000000000
6	1	0.0000000000
7	1	0.0000000000
8	1	0.0000000000
9	1	0.0000000000
10	1	0.0000000000
11	1	0.0000000000
12	1	0.0000000000
13	1	0.0000000000
14	1	0.0000000000
15	1	0.0000000000
16	1	0.0000000000
17	1	0.0000000000
18	1	0.0000000000
19	1	0.0000000000
20	1	0.0000000000
21	1	0.0000000000
22	1	0.0000000000
23	1	0.0000000000
24	1	0.0000000000
25	1	0.0000000000
26	1	0.0000000000
27	1	0.0000000000
28	1	0.0000000000
29	1	0.0000000000
0	0	0.0000000000
30	0	0.0000000000
60	0	0.0000000000
90	0	0.0000000000
120	0	0.0000000000
150	0	0.0000000000
180	0	0.0000000000
210	0	0.0000000000
240	0	0.0000000000
270	0	0.0000000000
300	0	0.0000000000
330	0	0.0000000000
360	0	0.0000000000
390	0	0.0000000000
420	0	0.0000000000
450	0	0.0000000000
480	0	0.0000000000
510	0	0.0000000000
540	0	0.0000000000
570	0	0.0000000000
600	0	0.0000000000
630	0	0.0000000000
660	0	0.0000000000
690	0	0.0000000000
720	0	0.0000000000
750	0	0.0000000000
780	0	0.0000000000
810	0	0.0000000000
840	0	0.0000000000
870	0	0.0000000000
900	1	0.0000000000
901	1	0.0000000000
902	1	0.0000000000
903	1	0.0000000000
904	1	0.0000000000
905	1	0.0000000000
906	1	0.0000000000
907	1	0.0000000000
908	1	0.0000000000
909	1	0.0000000000
910	1	0.0000000000
911	1	0.0000000000
912	1	0.0000000000
913	1	0.0000000000
914	1	0.0000000000
915	1	0.0000000000
916	1	0.0000000000
917	1	0.0000000000
918	1	0.0000000000
919	1	0.0000000000
939	1	0.0000000000
959	1	0.0000000000
979	1	0.0000000000
999	1	0.0000000000
1019	1	0.0000000000
1039	1	0.0000000000
1059	1	0.0000000000
1079	1	0.0000000000
1099	1	0.0000000000
1119	1	0.0000000000
1139	1	0.0000000000
1159	1	0.0000000000
1179	1	0.0000000000
1199	1	0.0000000000
1219	1	0.0000000000
1239	1	0.0000000000
1259	1	0.0000000000
1279	1	0.0000000000
1299	1	0.0000000000
919	0	0.0000000000
939	0	0.0000000000
959	0	0.0000000000
979	0	0.0000000000
999	0	0.0000000000
1019	0	0.0000000000
1039	0	0.0000000000
1059	0	0.0000000000
1079	0	0.0000000000
1099	0	0.0000000000
1119	0	0.0000000000
1139	0	0.0000000000
1159	0	0.0000000000
1179	0	0.0000000000
1199	0	0.0000000000
1219	0	0.0000000000
1239	0	0.0000000000
1259	0	0.0000000000
1279	0	0.0000000000
1280	0	0.0000000000
1281	0	0.0000000000
1282	0	0.0000000000
1283	0	0.0000000000
1284	0	0.0000000000
1285	0	0.0000000000
1286	0	0.0000000000
1287	0	0.0000000000
1288	0	0.0000000000
1289	0	0.0000000000
1290	0	0.0000000000
1291	0	0.0000000000
1292	0	0.0000000000
1293	0	0.0000000000
1294	0	0.0000000000
1295	0	0.0000000000
1296	0	0.0000000000
1297	0	0.0000000000
1298	0	0.0000000000
1299	0	0.0000000000


1	0	0	1.0000000000	0.0000000000	1.0000000000	10.0000000000	0.0000000000	0.0000000000
