3

206000  3.000000e-01

2

396

3     3     3
3     3     3

10    10    10
10    10    10

6     6     6
6     6     6

0    1    2    3    4    5    6    7    8    9    10   11   12   13   14   15   16   17   18   19   20   21   22   23   24   25   26   27   28   29   30   31   32   33   34   35   36   37   38   39   40   41   42   43   44   45   46   47   48   49   50   51   52   53   54   55   56   57   58   59   60   61   62   63   64   65   66   67   68   69   70   71   72   73   74   75   76   77   78   79   80   81   82   83   84   85   86   87   88   89   90   91   92   93   94   95   96   97   98   99   100  101  102  103  104  105  106  107  108  109  110  111  112  113  114  115  116  117  118  119  120  121  122  123  124  125  126  127  128  129  130  131  132  133  134  135  136  137  138  139  140  141  142  143  144  145  146  147  148  149  150  151  152  153  154  155  156  157  158  159  160  161  162  163  164  165  166  167  168  169  170  171  172  173  174  175  176  177  178  179  180  181  182  183  184  185  186  187  188  189  190  191  192  193  194  195  196  197  198  199  200  201  202  203  204  205  206  207  208  209  210  211  212  213  214  215
180  181  182  183  184  185  186  187  188  189  190  191  192  193  194  195  196  197  198  199  200  201  202  203  204  205  206  207  208  209  210  211  212  213  214  215  216  217  218  219  220  221  222  223  224  225  226  227  228  229  230  231  232  233  234  235  236  237  238  239  240  241  242  243  244  245  246  247  248  249  250  251  252  253  254  255  256  257  258  259  260  261  262  263  264  265  266  267  268  269  270  271  272  273  274  275  276  277  278  279  280  281  282  283  284  285  286  287  288  289  290  291  292  293  294  295  296  297  298  299  300  301  302  303  304  305  306  307  308  309  310  311  312  313  314  315  316  317  318  319  320  321  322  323  324  325  326  327  328  329  330  331  332  333  334  335  336  337  338  339  340  341  342  343  344  345  346  347  348  349  350  351  352  353  354  355  356  357  358  359  360  361  362  363  364  365  366  367  368  369  370  371  372  373  374  375  376  377  378  379  380  381  382  383  384  385  386  387  388  389  390  391  392  393  394  395

168   0     1

0.0000000000000000e+00  0.0000000000000000e+00  0.0000000000000000e+00  0.0000000000000000e+00  3.3333333333333331e-01  6.6666666666666663e-01  1.0000000000000000e+00  1.0000000000000000e+00  1.0000000000000000e+00  1.0000000000000000e+00
0.0000000000000000e+00  0.0000000000000000e+00  0.0000000000000000e+00  0.0000000000000000e+00  3.3333333333333331e-01  6.6666666666666663e-01  1.0000000000000000e+00  1.0000000000000000e+00  1.0000000000000000e+00  1.0000000000000000e+00
0.0000000000000000e+00  0.0000000000000000e+00  0.0000000000000000e+00  0.0000000000000000e+00  3.3333333333333331e-01  6.6666666666666663e-01  1.0000000000000000e+00  1.0000000000000000e+00  1.0000000000000000e+00  1.0000000000000000e+00
0.0000000000000000e+00  0.0000000000000000e+00  0.0000000000000000e+00  0.0000000000000000e+00  3.3333333333333331e-01  6.6666666666666663e-01  1.0000000000000000e+00  1.0000000000000000e+00  1.0000000000000000e+00  1.0000000000000000e+00
0.0000000000000000e+00  0.0000000000000000e+00  0.0000000000000000e+00  0.0000000000000000e+00  3.3333333333333331e-01  6.6666666666666663e-01  1.0000000000000000e+00  1.0000000000000000e+00  1.0000000000000000e+00  1.0000000000000000e+00
0.0000000000000000e+00  0.0000000000000000e+00  0.0000000000000000e+00  0.0000000000000000e+00  3.3333333333333331e-01  6.6666666666666663e-01  1.0000000000000000e+00  1.0000000000000000e+00  1.0000000000000000e+00  1.0000000000000000e+00

0     0.0000000000000000e+00  0.0000000000000000e+00  0.0000000000000000e+00  1.0000000000000000e+00
1     1.1111111111111112e-01  0.0000000000000000e+00  0.0000000000000000e+00  1.0000000000000000e+00
2     3.3333333333333337e-01  0.0000000000000000e+00  0.0000000000000000e+00  1.0000000000000000e+00
3     6.6666666666666674e-01  0.0000000000000000e+00  0.0000000000000000e+00  1.0000000000000000e+00
4     8.8888888888888884e-01  0.0000000000000000e+00  0.0000000000000000e+00  1.0000000000000000e+00
5     1.0000000000000000e+00  0.0000000000000000e+00  0.0000000000000000e+00  1.0000000000000000e+00
6     0.0000000000000000e+00  1.1111111111111112e-01  0.0000000000000000e+00  1.0000000000000000e+00
7     1.1111111111111112e-01  1.1111111111111112e-01  0.0000000000000000e+00  1.0000000000000000e+00
8     3.3333333333333337e-01  1.1111111111111112e-01  0.0000000000000000e+00  1.0000000000000000e+00
9     6.6666666666666674e-01  1.1111111111111112e-01  0.0000000000000000e+00  1.0000000000000000e+00
10    8.8888888888888895e-01  1.1111111111111112e-01  0.0000000000000000e+00  1.0000000000000000e+00
11    1.0000000000000000e+00  1.1111111111111112e-01  0.0000000000000000e+00  1.0000000000000000e+00
12    0.0000000000000000e+00  3.3333333333333337e-01  0.0000000000000000e+00  1.0000000000000000e+00
13    1.1111111111111113e-01  3.3333333333333337e-01  0.0000000000000000e+00  1.0000000000000000e+00
14    3.3333333333333337e-01  3.3333333333333337e-01  0.0000000000000000e+00  1.0000000000000000e+00
15    6.6666666666666674e-01  3.3333333333333337e-01  0.0000000000000000e+00  1.0000000000000000e+00
16    8.8888888888888884e-01  3.3333333333333337e-01  0.0000000000000000e+00  1.0000000000000000e+00
17    1.0000000000000000e+00  3.3333333333333337e-01  0.0000000000000000e+00  1.0000000000000000e+00
18    0.0000000000000000e+00  6.6666666666666674e-01  0.0000000000000000e+00  1.0000000000000000e+00
19    1.1111111111111113e-01  6.6666666666666674e-01  0.0000000000000000e+00  1.0000000000000000e+00
20    3.3333333333333337e-01  6.6666666666666674e-01  0.0000000000000000e+00  1.0000000000000000e+00
21    6.6666666666666674e-01  6.6666666666666674e-01  0.0000000000000000e+00  1.0000000000000000e+00
22    8.8888888888888884e-01  6.6666666666666674e-01  0.0000000000000000e+00  1.0000000000000000e+00
23    1.0000000000000000e+00  6.6666666666666674e-01  0.0000000000000000e+00  1.0000000000000000e+00
24    0.0000000000000000e+00  8.8888888888888884e-01  0.0000000000000000e+00  1.0000000000000000e+00
25    1.1111111111111110e-01  8.8888888888888884e-01  0.0000000000000000e+00  1.0000000000000000e+00
26    3.3333333333333337e-01  8.8888888888888884e-01  0.0000000000000000e+00  1.0000000000000000e+00
27    6.6666666666666674e-01  8.8888888888888884e-01  0.0000000000000000e+00  1.0000000000000000e+00
28    8.8888888888888884e-01  8.8888888888888884e-01  0.0000000000000000e+00  1.0000000000000000e+00
29    1.0000000000000000e+00  8.8888888888888884e-01  0.0000000000000000e+00  1.0000000000000000e+00
30    0.0000000000000000e+00  1.0000000000000000e+00  0.0000000000000000e+00  1.0000000000000000e+00
31    1.1111111111111112e-01  1.0000000000000000e+00  0.0000000000000000e+00  1.0000000000000000e+00
32    3.3333333333333337e-01  1.0000000000000000e+00  0.0000000000000000e+00  1.0000000000000000e+00
33    6.6666666666666674e-01  1.0000000000000000e+00  0.0000000000000000e+00  1.0000000000000000e+00
34    8.8888888888888884e-01  1.0000000000000000e+00  0.0000000000000000e+00  1.0000000000000000e+00
35    1.0000000000000000e+00  1.0000000000000000e+00  0.0000000000000000e+00  1.0000000000000000e+00
36    0.0000000000000000e+00  0.0000000000000000e+00  1.1111111111111112e-01  1.0000000000000000e+00
37    1.1111111111111112e-01  0.0000000000000000e+00  1.1111111111111112e-01  1.0000000000000000e+00
38    3.3333333333333337e-01  0.0000000000000000e+00  1.1111111111111112e-01  1.0000000000000000e+00
39    6.6666666666666674e-01  0.0000000000000000e+00  1.1111111111111112e-01  1.0000000000000000e+00
40    8.8888888888888895e-01  0.0000000000000000e+00  1.1111111111111112e-01  1.0000000000000000e+00
41    1.0000000000000000e+00  0.0000000000000000e+00  1.1111111111111112e-01  1.0000000000000000e+00
42    0.0000000000000000e+00  1.1111111111111112e-01  1.1111111111111112e-01  1.0000000000000000e+00
43    1.1111111111111112e-01  1.1111111111111112e-01  1.1111111111111112e-01  1.0000000000000000e+00
44    3.3333333333333337e-01  1.1111111111111112e-01  1.1111111111111112e-01  1.0000000000000000e+00
45    6.6666666666666674e-01  1.1111111111111112e-01  1.1111111111111112e-01  1.0000000000000000e+00
46    8.8888888888888895e-01  1.1111111111111112e-01  1.1111111111111112e-01  1.0000000000000000e+00
47    1.0000000000000000e+00  1.1111111111111112e-01  1.1111111111111112e-01  1.0000000000000000e+00
48    0.0000000000000000e+00  3.3333333333333337e-01  1.1111111111111112e-01  1.0000000000000000e+00
49    1.1111111111111113e-01  3.3333333333333337e-01  1.1111111111111112e-01  1.0000000000000000e+00
50    3.3333333333333337e-01  3.3333333333333337e-01  1.1111111111111112e-01  1.0000000000000000e+00
51    6.6666666666666674e-01  3.3333333333333337e-01  1.1111111111111112e-01  1.0000000000000000e+00
52    8.8888888888888895e-01  3.3333333333333337e-01  1.1111111111111112e-01  1.0000000000000000e+00
53    1.0000000000000000e+00  3.3333333333333337e-01  1.1111111111111112e-01  1.0000000000000000e+00
54    0.0000000000000000e+00  6.6666666666666674e-01  1.1111111111111112e-01  1.0000000000000000e+00
55    1.1111111111111113e-01  6.6666666666666674e-01  1.1111111111111112e-01  1.0000000000000000e+00
56    3.3333333333333337e-01  6.6666666666666674e-01  1.1111111111111112e-01  1.0000000000000000e+00
57    6.6666666666666674e-01  6.6666666666666674e-01  1.1111111111111112e-01  1.0000000000000000e+00
58    8.8888888888888895e-01  6.6666666666666674e-01  1.1111111111111112e-01  1.0000000000000000e+00
59    1.0000000000000000e+00  6.6666666666666674e-01  1.1111111111111112e-01  1.0000000000000000e+00
60    0.0000000000000000e+00  8.8888888888888895e-01  1.1111111111111112e-01  1.0000000000000000e+00
61    1.1111111111111112e-01  8.8888888888888895e-01  1.1111111111111112e-01  1.0000000000000000e+00
62    3.3333333333333337e-01  8.8888888888888895e-01  1.1111111111111112e-01  1.0000000000000000e+00
63    6.6666666666666674e-01  8.8888888888888895e-01  1.1111111111111112e-01  1.0000000000000000e+00
64    8.8888888888888895e-01  8.8888888888888895e-01  1.1111111111111112e-01  1.0000000000000000e+00
65    1.0000000000000000e+00  8.8888888888888895e-01  1.1111111111111112e-01  1.0000000000000000e+00
66    0.0000000000000000e+00  1.0000000000000000e+00  1.1111111111111112e-01  1.0000000000000000e+00
67    1.1111111111111112e-01  1.0000000000000000e+00  1.1111111111111112e-01  1.0000000000000000e+00
68    3.3333333333333337e-01  1.0000000000000000e+00  1.1111111111111112e-01  1.0000000000000000e+00
69    6.6666666666666674e-01  1.0000000000000000e+00  1.1111111111111112e-01  1.0000000000000000e+00
70    8.8888888888888895e-01  1.0000000000000000e+00  1.1111111111111112e-01  1.0000000000000000e+00
71    1.0000000000000000e+00  1.0000000000000000e+00  1.1111111111111112e-01  1.0000000000000000e+00
72    0.0000000000000000e+00  0.0000000000000000e+00  3.3333333333333337e-01  1.0000000000000000e+00
73    1.1111111111111113e-01  0.0000000000000000e+00  3.3333333333333337e-01  1.0000000000000000e+00
74    3.3333333333333337e-01  0.0000000000000000e+00  3.3333333333333337e-01  1.0000000000000000e+00
75    6.6666666666666674e-01  0.0000000000000000e+00  3.3333333333333337e-01  1.0000000000000000e+00
76    8.8888888888888884e-01  0.0000000000000000e+00  3.3333333333333337e-01  1.0000000000000000e+00
77    1.0000000000000000e+00  0.0000000000000000e+00  3.3333333333333337e-01  1.0000000000000000e+00
78    0.0000000000000000e+00  1.1111111111111113e-01  3.3333333333333337e-01  1.0000000000000000e+00
79    1.1111111111111113e-01  1.1111111111111113e-01  3.3333333333333337e-01  1.0000000000000000e+00
80    3.3333333333333337e-01  1.1111111111111113e-01  3.3333333333333337e-01  1.0000000000000000e+00
81    6.6666666666666674e-01  1.1111111111111113e-01  3.3333333333333337e-01  1.0000000000000000e+00
82    8.8888888888888906e-01  1.1111111111111113e-01  3.3333333333333337e-01  1.0000000000000000e+00
83    1.0000000000000000e+00  1.1111111111111113e-01  3.3333333333333337e-01  1.0000000000000000e+00
84    0.0000000000000000e+00  3.3333333333333337e-01  3.3333333333333337e-01  1.0000000000000000e+00
85    1.1111111111111113e-01  3.3333333333333337e-01  3.3333333333333337e-01  1.0000000000000000e+00
86    3.3333333333333337e-01  3.3333333333333337e-01  3.3333333333333337e-01  1.0000000000000000e+00
87    6.6666666666666674e-01  3.3333333333333337e-01  3.3333333333333337e-01  1.0000000000000000e+00
88    8.8888888888888884e-01  3.3333333333333337e-01  3.3333333333333337e-01  1.0000000000000000e+00
89    1.0000000000000000e+00  3.3333333333333337e-01  3.3333333333333337e-01  1.0000000000000000e+00
90    0.0000000000000000e+00  6.6666666666666674e-01  3.3333333333333337e-01  1.0000000000000000e+00
91    1.1111111111111113e-01  6.6666666666666674e-01  3.3333333333333337e-01  1.0000000000000000e+00
92    3.3333333333333337e-01  6.6666666666666674e-01  3.3333333333333337e-01  1.0000000000000000e+00
93    6.6666666666666674e-01  6.6666666666666674e-01  3.3333333333333337e-01  1.0000000000000000e+00
94    8.8888888888888884e-01  6.6666666666666674e-01  3.3333333333333337e-01  1.0000000000000000e+00
95    1.0000000000000000e+00  6.6666666666666674e-01  3.3333333333333337e-01  1.0000000000000000e+00
96    0.0000000000000000e+00  8.8888888888888884e-01  3.3333333333333337e-01  1.0000000000000000e+00
97    1.1111111111111110e-01  8.8888888888888884e-01  3.3333333333333337e-01  1.0000000000000000e+00
98    3.3333333333333337e-01  8.8888888888888884e-01  3.3333333333333337e-01  1.0000000000000000e+00
99    6.6666666666666674e-01  8.8888888888888884e-01  3.3333333333333337e-01  1.0000000000000000e+00
100   8.8888888888888884e-01  8.8888888888888884e-01  3.3333333333333337e-01  1.0000000000000000e+00
101   1.0000000000000000e+00  8.8888888888888884e-01  3.3333333333333337e-01  1.0000000000000000e+00
102   0.0000000000000000e+00  1.0000000000000000e+00  3.3333333333333337e-01  1.0000000000000000e+00
103   1.1111111111111113e-01  1.0000000000000000e+00  3.3333333333333337e-01  1.0000000000000000e+00
104   3.3333333333333337e-01  1.0000000000000000e+00  3.3333333333333337e-01  1.0000000000000000e+00
105   6.6666666666666674e-01  1.0000000000000000e+00  3.3333333333333337e-01  1.0000000000000000e+00
106   8.8888888888888884e-01  1.0000000000000000e+00  3.3333333333333337e-01  1.0000000000000000e+00
107   1.0000000000000000e+00  1.0000000000000000e+00  3.3333333333333337e-01  1.0000000000000000e+00
108   0.0000000000000000e+00  0.0000000000000000e+00  6.6666666666666674e-01  1.0000000000000000e+00
109   1.1111111111111113e-01  0.0000000000000000e+00  6.6666666666666674e-01  1.0000000000000000e+00
110   3.3333333333333337e-01  0.0000000000000000e+00  6.6666666666666674e-01  1.0000000000000000e+00
111   6.6666666666666674e-01  0.0000000000000000e+00  6.6666666666666674e-01  1.0000000000000000e+00
112   8.8888888888888884e-01  0.0000000000000000e+00  6.6666666666666674e-01  1.0000000000000000e+00
113   1.0000000000000000e+00  0.0000000000000000e+00  6.6666666666666674e-01  1.0000000000000000e+00
114   0.0000000000000000e+00  1.1111111111111113e-01  6.6666666666666674e-01  1.0000000000000000e+00
115   1.1111111111111113e-01  1.1111111111111113e-01  6.6666666666666674e-01  1.0000000000000000e+00
116   3.3333333333333337e-01  1.1111111111111113e-01  6.6666666666666674e-01  1.0000000000000000e+00
117   6.6666666666666674e-01  1.1111111111111113e-01  6.6666666666666674e-01  1.0000000000000000e+00
118   8.8888888888888906e-01  1.1111111111111113e-01  6.6666666666666674e-01  1.0000000000000000e+00
119   1.0000000000000000e+00  1.1111111111111113e-01  6.6666666666666674e-01  1.0000000000000000e+00
120   0.0000000000000000e+00  3.3333333333333337e-01  6.6666666666666674e-01  1.0000000000000000e+00
121   1.1111111111111113e-01  3.3333333333333337e-01  6.6666666666666674e-01  1.0000000000000000e+00
122   3.3333333333333337e-01  3.3333333333333337e-01  6.6666666666666674e-01  1.0000000000000000e+00
123   6.6666666666666674e-01  3.3333333333333337e-01  6.6666666666666674e-01  1.0000000000000000e+00
124   8.8888888888888884e-01  3.3333333333333337e-01  6.6666666666666674e-01  1.0000000000000000e+00
125   1.0000000000000000e+00  3.3333333333333337e-01  6.6666666666666674e-01  1.0000000000000000e+00
126   0.0000000000000000e+00  6.6666666666666674e-01  6.6666666666666674e-01  1.0000000000000000e+00
127   1.1111111111111113e-01  6.6666666666666674e-01  6.6666666666666674e-01  1.0000000000000000e+00
128   3.3333333333333337e-01  6.6666666666666674e-01  6.6666666666666674e-01  1.0000000000000000e+00
129   6.6666666666666674e-01  6.6666666666666674e-01  6.6666666666666674e-01  1.0000000000000000e+00
130   8.8888888888888884e-01  6.6666666666666674e-01  6.6666666666666674e-01  1.0000000000000000e+00
131   1.0000000000000000e+00  6.6666666666666674e-01  6.6666666666666674e-01  1.0000000000000000e+00
132   0.0000000000000000e+00  8.8888888888888884e-01  6.6666666666666674e-01  1.0000000000000000e+00
133   1.1111111111111110e-01  8.8888888888888884e-01  6.6666666666666674e-01  1.0000000000000000e+00
134   3.3333333333333337e-01  8.8888888888888884e-01  6.6666666666666674e-01  1.0000000000000000e+00
135   6.6666666666666674e-01  8.8888888888888884e-01  6.6666666666666674e-01  1.0000000000000000e+00
136   8.8888888888888884e-01  8.8888888888888884e-01  6.6666666666666674e-01  1.0000000000000000e+00
137   1.0000000000000000e+00  8.8888888888888884e-01  6.6666666666666674e-01  1.0000000000000000e+00
138   0.0000000000000000e+00  1.0000000000000000e+00  6.6666666666666674e-01  1.0000000000000000e+00
139   1.1111111111111113e-01  1.0000000000000000e+00  6.6666666666666674e-01  1.0000000000000000e+00
140   3.3333333333333337e-01  1.0000000000000000e+00  6.6666666666666674e-01  1.0000000000000000e+00
141   6.6666666666666674e-01  1.0000000000000000e+00  6.6666666666666674e-01  1.0000000000000000e+00
142   8.8888888888888884e-01  1.0000000000000000e+00  6.6666666666666674e-01  1.0000000000000000e+00
143   1.0000000000000000e+00  1.0000000000000000e+00  6.6666666666666674e-01  1.0000000000000000e+00
144   0.0000000000000000e+00  0.0000000000000000e+00  8.8888888888888884e-01  1.0000000000000000e+00
145   1.1111111111111110e-01  0.0000000000000000e+00  8.8888888888888884e-01  1.0000000000000000e+00
146   3.3333333333333337e-01  0.0000000000000000e+00  8.8888888888888884e-01  1.0000000000000000e+00
147   6.6666666666666674e-01  0.0000000000000000e+00  8.8888888888888884e-01  1.0000000000000000e+00
148   8.8888888888888884e-01  0.0000000000000000e+00  8.8888888888888884e-01  1.0000000000000000e+00
149   1.0000000000000000e+00  0.0000000000000000e+00  8.8888888888888884e-01  1.0000000000000000e+00
150   0.0000000000000000e+00  1.1111111111111110e-01  8.8888888888888884e-01  1.0000000000000000e+00
151   1.1111111111111110e-01  1.1111111111111110e-01  8.8888888888888884e-01  1.0000000000000000e+00
152   3.3333333333333337e-01  1.1111111111111110e-01  8.8888888888888884e-01  1.0000000000000000e+00
153   6.6666666666666674e-01  1.1111111111111110e-01  8.8888888888888884e-01  1.0000000000000000e+00
154   8.8888888888888884e-01  1.1111111111111110e-01  8.8888888888888884e-01  1.0000000000000000e+00
155   1.0000000000000000e+00  1.1111111111111110e-01  8.8888888888888884e-01  1.0000000000000000e+00
156   0.0000000000000000e+00  3.3333333333333337e-01  8.8888888888888884e-01  1.0000000000000000e+00
157   1.1111111111111113e-01  3.3333333333333337e-01  8.8888888888888884e-01  1.0000000000000000e+00
158   3.3333333333333337e-01  3.3333333333333337e-01  8.8888888888888884e-01  1.0000000000000000e+00
159   6.6666666666666674e-01  3.3333333333333337e-01  8.8888888888888884e-01  1.0000000000000000e+00
160   8.8888888888888884e-01  3.3333333333333337e-01  8.8888888888888884e-01  1.0000000000000000e+00
161   1.0000000000000000e+00  3.3333333333333337e-01  8.8888888888888884e-01  1.0000000000000000e+00
162   0.0000000000000000e+00  6.6666666666666674e-01  8.8888888888888884e-01  1.0000000000000000e+00
163   1.1111111111111113e-01  6.6666666666666674e-01  8.8888888888888884e-01  1.0000000000000000e+00
164   3.3333333333333337e-01  6.6666666666666674e-01  8.8888888888888884e-01  1.0000000000000000e+00
165   6.6666666666666674e-01  6.6666666666666674e-01  8.8888888888888884e-01  1.0000000000000000e+00
166   8.8888888888888884e-01  6.6666666666666674e-01  8.8888888888888884e-01  1.0000000000000000e+00
167   1.0000000000000000e+00  6.6666666666666674e-01  8.8888888888888884e-01  1.0000000000000000e+00
168   0.0000000000000000e+00  8.8888888888888884e-01  8.8888888888888884e-01  1.0000000000000000e+00
169   1.1111111111111110e-01  8.8888888888888884e-01  8.8888888888888884e-01  1.0000000000000000e+00
170   3.3333333333333337e-01  8.8888888888888884e-01  8.8888888888888884e-01  1.0000000000000000e+00
171   6.6666666666666674e-01  8.8888888888888884e-01  8.8888888888888884e-01  1.0000000000000000e+00
172   8.8888888888888884e-01  8.8888888888888884e-01  8.8888888888888884e-01  1.0000000000000000e+00
173   1.0000000000000000e+00  8.8888888888888884e-01  8.8888888888888884e-01  1.0000000000000000e+00
174   0.0000000000000000e+00  1.0000000000000000e+00  8.8888888888888884e-01  1.0000000000000000e+00
175   1.1111111111111110e-01  1.0000000000000000e+00  8.8888888888888884e-01  1.0000000000000000e+00
176   3.3333333333333337e-01  1.0000000000000000e+00  8.8888888888888884e-01  1.0000000000000000e+00
177   6.6666666666666674e-01  1.0000000000000000e+00  8.8888888888888884e-01  1.0000000000000000e+00
178   8.8888888888888884e-01  1.0000000000000000e+00  8.8888888888888884e-01  1.0000000000000000e+00
179   1.0000000000000000e+00  1.0000000000000000e+00  8.8888888888888884e-01  1.0000000000000000e+00
180   0.0000000000000000e+00  0.0000000000000000e+00  1.0000000000000000e+00  1.0000000000000000e+00
181   1.1111111111111112e-01  0.0000000000000000e+00  1.0000000000000000e+00  1.0000000000000000e+00
182   3.3333333333333337e-01  0.0000000000000000e+00  1.0000000000000000e+00  1.0000000000000000e+00
183   6.6666666666666674e-01  0.0000000000000000e+00  1.0000000000000000e+00  1.0000000000000000e+00
184   8.8888888888888884e-01  0.0000000000000000e+00  1.0000000000000000e+00  1.0000000000000000e+00
185   1.0000000000000000e+00  0.0000000000000000e+00  1.0000000000000000e+00  1.0000000000000000e+00
186   0.0000000000000000e+00  1.1111111111111112e-01  1.0000000000000000e+00  1.0000000000000000e+00
187   1.1111111111111112e-01  1.1111111111111112e-01  1.0000000000000000e+00  1.0000000000000000e+00
188   3.3333333333333337e-01  1.1111111111111112e-01  1.0000000000000000e+00  1.0000000000000000e+00
189   6.6666666666666674e-01  1.1111111111111112e-01  1.0000000000000000e+00  1.0000000000000000e+00
190   8.8888888888888895e-01  1.1111111111111112e-01  1.0000000000000000e+00  1.0000000000000000e+00
191   1.0000000000000000e+00  1.1111111111111112e-01  1.0000000000000000e+00  1.0000000000000000e+00
192   0.0000000000000000e+00  3.3333333333333337e-01  1.0000000000000000e+00  1.0000000000000000e+00
193   1.1111111111111113e-01  3.3333333333333337e-01  1.0000000000000000e+00  1.0000000000000000e+00
194   3.3333333333333337e-01  3.3333333333333337e-01  1.0000000000000000e+00  1.0000000000000000e+00
195   6.6666666666666674e-01  3.3333333333333337e-01  1.0000000000000000e+00  1.0000000000000000e+00
196   8.8888888888888884e-01  3.3333333333333337e-01  1.0000000000000000e+00  1.0000000000000000e+00
197   1.0000000000000000e+00  3.3333333333333337e-01  1.0000000000000000e+00  1.0000000000000000e+00
198   0.0000000000000000e+00  6.6666666666666674e-01  1.0000000000000000e+00  1.0000000000000000e+00
199   1.1111111111111113e-01  6.6666666666666674e-01  1.0000000000000000e+00  1.0000000000000000e+00
200   3.3333333333333337e-01  6.6666666666666674e-01  1.0000000000000000e+00  1.0000000000000000e+00
201   6.6666666666666674e-01  6.6666666666666674e-01  1.0000000000000000e+00  1.0000000000000000e+00
202   8.8888888888888884e-01  6.6666666666666674e-01  1.0000000000000000e+00  1.0000000000000000e+00
203   1.0000000000000000e+00  6.6666666666666674e-01  1.0000000000000000e+00  1.0000000000000000e+00
204   0.0000000000000000e+00  8.8888888888888884e-01  1.0000000000000000e+00  1.0000000000000000e+00
205   1.1111111111111110e-01  8.8888888888888884e-01  1.0000000000000000e+00  1.0000000000000000e+00
206   3.3333333333333337e-01  8.8888888888888884e-01  1.0000000000000000e+00  1.0000000000000000e+00
207   6.6666666666666674e-01  8.8888888888888884e-01  1.0000000000000000e+00  1.0000000000000000e+00
208   8.8888888888888884e-01  8.8888888888888884e-01  1.0000000000000000e+00  1.0000000000000000e+00
209   1.0000000000000000e+00  8.8888888888888884e-01  1.0000000000000000e+00  1.0000000000000000e+00
210   0.0000000000000000e+00  1.0000000000000000e+00  1.0000000000000000e+00  1.0000000000000000e+00
211   1.1111111111111112e-01  1.0000000000000000e+00  1.0000000000000000e+00  1.0000000000000000e+00
212   3.3333333333333337e-01  1.0000000000000000e+00  1.0000000000000000e+00  1.0000000000000000e+00
213   6.6666666666666674e-01  1.0000000000000000e+00  1.0000000000000000e+00  1.0000000000000000e+00
214   8.8888888888888884e-01  1.0000000000000000e+00  1.0000000000000000e+00  1.0000000000000000e+00
215   1.0000000000000000e+00  1.0000000000000000e+00  1.0000000000000000e+00  1.0000000000000000e+00
216   0.0000000000000000e+00  0.0000000000000000e+00  1.2222222222222223e+00  1.0000000000000000e+00
217   1.1111111111111112e-01  0.0000000000000000e+00  1.2222222222222223e+00  1.0000000000000000e+00
218   3.3333333333333337e-01  0.0000000000000000e+00  1.2222222222222223e+00  1.0000000000000000e+00
219   6.6666666666666674e-01  0.0000000000000000e+00  1.2222222222222223e+00  1.0000000000000000e+00
220   8.8888888888888895e-01  0.0000000000000000e+00  1.2222222222222223e+00  1.0000000000000000e+00
221   1.0000000000000000e+00  0.0000000000000000e+00  1.2222222222222223e+00  1.0000000000000000e+00
222   0.0000000000000000e+00  1.1111111111111112e-01  1.2222222222222223e+00  1.0000000000000000e+00
223   1.1111111111111112e-01  1.1111111111111112e-01  1.2222222222222223e+00  1.0000000000000000e+00
224   3.3333333333333337e-01  1.1111111111111112e-01  1.2222222222222223e+00  1.0000000000000000e+00
225   6.6666666666666674e-01  1.1111111111111112e-01  1.2222222222222223e+00  1.0000000000000000e+00
226   8.8888888888888895e-01  1.1111111111111112e-01  1.2222222222222223e+00  1.0000000000000000e+00
227   1.0000000000000000e+00  1.1111111111111112e-01  1.2222222222222223e+00  1.0000000000000000e+00
228   0.0000000000000000e+00  3.3333333333333337e-01  1.2222222222222223e+00  1.0000000000000000e+00
229   1.1111111111111113e-01  3.3333333333333337e-01  1.2222222222222223e+00  1.0000000000000000e+00
230   3.3333333333333337e-01  3.3333333333333337e-01  1.2222222222222223e+00  1.0000000000000000e+00
231   6.6666666666666674e-01  3.3333333333333337e-01  1.2222222222222223e+00  1.0000000000000000e+00
232   8.8888888888888895e-01  3.3333333333333337e-01  1.2222222222222223e+00  1.0000000000000000e+00
233   1.0000000000000000e+00  3.3333333333333337e-01  1.2222222222222223e+00  1.0000000000000000e+00
234   0.0000000000000000e+00  6.6666666666666674e-01  1.2222222222222223e+00  1.0000000000000000e+00
235   1.1111111111111113e-01  6.6666666666666674e-01  1.2222222222222223e+00  1.0000000000000000e+00
236   3.3333333333333337e-01  6.6666666666666674e-01  1.2222222222222223e+00  1.0000000000000000e+00
237   6.6666666666666674e-01  6.6666666666666674e-01  1.2222222222222223e+00  1.0000000000000000e+00
238   8.8888888888888895e-01  6.6666666666666674e-01  1.2222222222222223e+00  1.0000000000000000e+00
239   1.0000000000000000e+00  6.6666666666666674e-01  1.2222222222222223e+00  1.0000000000000000e+00
240   0.0000000000000000e+00  8.8888888888888895e-01  1.2222222222222223e+00  1.0000000000000000e+00
241   1.1111111111111112e-01  8.8888888888888895e-01  1.2222222222222223e+00  1.0000000000000000e+00
242   3.3333333333333337e-01  8.8888888888888895e-01  1.2222222222222223e+00  1.0000000000000000e+00
243   6.6666666666666674e-01  8.8888888888888895e-01  1.2222222222222223e+00  1.0000000000000000e+00
244   8.8888888888888895e-01  8.8888888888888895e-01  1.2222222222222223e+00  1.0000000000000000e+00
245   1.0000000000000000e+00  8.8888888888888895e-01  1.2222222222222223e+00  1.0000000000000000e+00
246   0.0000000000000000e+00  1.0000000000000000e+00  1.2222222222222223e+00  1.0000000000000000e+00
247   1.1111111111111112e-01  1.0000000000000000e+00  1.2222222222222223e+00  1.0000000000000000e+00
248   3.3333333333333337e-01  1.0000000000000000e+00  1.2222222222222223e+00  1.0000000000000000e+00
249   6.6666666666666674e-01  1.0000000000000000e+00  1.2222222222222223e+00  1.0000000000000000e+00
250   8.8888888888888895e-01  1.0000000000000000e+00  1.2222222222222223e+00  1.0000000000000000e+00
251   1.0000000000000000e+00  1.0000000000000000e+00  1.2222222222222223e+00  1.0000000000000000e+00
252   0.0000000000000000e+00  0.0000000000000000e+00  1.6666666666666667e+00  1.0000000000000000e+00
253   1.1111111111111113e-01  0.0000000000000000e+00  1.6666666666666667e+00  1.0000000000000000e+00
254   3.3333333333333337e-01  0.0000000000000000e+00  1.6666666666666667e+00  1.0000000000000000e+00
255   6.6666666666666674e-01  0.0000000000000000e+00  1.6666666666666667e+00  1.0000000000000000e+00
256   8.8888888888888884e-01  0.0000000000000000e+00  1.6666666666666667e+00  1.0000000000000000e+00
257   1.0000000000000000e+00  0.0000000000000000e+00  1.6666666666666667e+00  1.0000000000000000e+00
258   0.0000000000000000e+00  1.1111111111111113e-01  1.6666666666666667e+00  1.0000000000000000e+00
259   1.1111111111111113e-01  1.1111111111111113e-01  1.6666666666666667e+00  1.0000000000000000e+00
260   3.3333333333333337e-01  1.1111111111111113e-01  1.6666666666666667e+00  1.0000000000000000e+00
261   6.6666666666666674e-01  1.1111111111111113e-01  1.6666666666666667e+00  1.0000000000000000e+00
262   8.8888888888888906e-01  1.1111111111111113e-01  1.6666666666666667e+00  1.0000000000000000e+00
263   1.0000000000000000e+00  1.1111111111111113e-01  1.6666666666666667e+00  1.0000000000000000e+00
264   0.0000000000000000e+00  3.3333333333333337e-01  1.6666666666666667e+00  1.0000000000000000e+00
265   1.1111111111111113e-01  3.3333333333333337e-01  1.6666666666666670e+00  1.0000000000000000e+00
266   3.3333333333333337e-01  3.3333333333333337e-01  1.6666666666666670e+00  1.0000000000000000e+00
267   6.6666666666666674e-01  3.3333333333333337e-01  1.6666666666666670e+00  1.0000000000000000e+00
268   8.8888888888888884e-01  3.3333333333333337e-01  1.6666666666666670e+00  1.0000000000000000e+00
269   1.0000000000000000e+00  3.3333333333333337e-01  1.6666666666666667e+00  1.0000000000000000e+00
270   0.0000000000000000e+00  6.6666666666666674e-01  1.6666666666666667e+00  1.0000000000000000e+00
271   1.1111111111111113e-01  6.6666666666666674e-01  1.6666666666666670e+00  1.0000000000000000e+00
272   3.3333333333333337e-01  6.6666666666666674e-01  1.6666666666666670e+00  1.0000000000000000e+00
273   6.6666666666666674e-01  6.6666666666666674e-01  1.6666666666666670e+00  1.0000000000000000e+00
274   8.8888888888888884e-01  6.6666666666666674e-01  1.6666666666666670e+00  1.0000000000000000e+00
275   1.0000000000000000e+00  6.6666666666666674e-01  1.6666666666666667e+00  1.0000000000000000e+00
276   0.0000000000000000e+00  8.8888888888888884e-01  1.6666666666666667e+00  1.0000000000000000e+00
277   1.1111111111111110e-01  8.8888888888888884e-01  1.6666666666666667e+00  1.0000000000000000e+00
278   3.3333333333333337e-01  8.8888888888888884e-01  1.6666666666666667e+00  1.0000000000000000e+00
279   6.6666666666666674e-01  8.8888888888888884e-01  1.6666666666666667e+00  1.0000000000000000e+00
280   8.8888888888888884e-01  8.8888888888888884e-01  1.6666666666666667e+00  1.0000000000000000e+00
281   1.0000000000000000e+00  8.8888888888888884e-01  1.6666666666666667e+00  1.0000000000000000e+00
282   0.0000000000000000e+00  1.0000000000000000e+00  1.6666666666666667e+00  1.0000000000000000e+00
283   1.1111111111111113e-01  1.0000000000000000e+00  1.6666666666666667e+00  1.0000000000000000e+00
284   3.3333333333333337e-01  1.0000000000000000e+00  1.6666666666666667e+00  1.0000000000000000e+00
285   6.6666666666666674e-01  1.0000000000000000e+00  1.6666666666666667e+00  1.0000000000000000e+00
286   8.8888888888888884e-01  1.0000000000000000e+00  1.6666666666666667e+00  1.0000000000000000e+00
287   1.0000000000000000e+00  1.0000000000000000e+00  1.6666666666666667e+00  1.0000000000000000e+00
288   0.0000000000000000e+00  0.0000000000000000e+00  2.3333333333333335e+00  1.0000000000000000e+00
289   1.1111111111111113e-01  0.0000000000000000e+00  2.3333333333333335e+00  1.0000000000000000e+00
290   3.3333333333333337e-01  0.0000000000000000e+00  2.3333333333333335e+00  1.0000000000000000e+00
291   6.6666666666666674e-01  0.0000000000000000e+00  2.3333333333333335e+00  1.0000000000000000e+00
292   8.8888888888888884e-01  0.0000000000000000e+00  2.3333333333333335e+00  1.0000000000000000e+00
293   1.0000000000000000e+00  0.0000000000000000e+00  2.3333333333333335e+00  1.0000000000000000e+00
294   0.0000000000000000e+00  1.1111111111111113e-01  2.3333333333333335e+00  1.0000000000000000e+00
295   1.1111111111111113e-01  1.1111111111111113e-01  2.3333333333333335e+00  1.0000000000000000e+00
296   3.3333333333333337e-01  1.1111111111111113e-01  2.3333333333333335e+00  1.0000000000000000e+00
297   6.6666666666666674e-01  1.1111111111111113e-01  2.3333333333333335e+00  1.0000000000000000e+00
298   8.8888888888888906e-01  1.1111111111111113e-01  2.3333333333333335e+00  1.0000000000000000e+00
299   1.0000000000000000e+00  1.1111111111111113e-01  2.3333333333333335e+00  1.0000000000000000e+00
300   0.0000000000000000e+00  3.3333333333333337e-01  2.3333333333333335e+00  1.0000000000000000e+00
301   1.1111111111111113e-01  3.3333333333333337e-01  2.3333333333333335e+00  1.0000000000000000e+00
302   3.3333333333333337e-01  3.3333333333333337e-01  2.3333333333333335e+00  1.0000000000000000e+00
303   6.6666666666666674e-01  3.3333333333333337e-01  2.3333333333333335e+00  1.0000000000000000e+00
304   8.8888888888888884e-01  3.3333333333333337e-01  2.3333333333333335e+00  1.0000000000000000e+00
305   1.0000000000000000e+00  3.3333333333333337e-01  2.3333333333333335e+00  1.0000000000000000e+00
306   0.0000000000000000e+00  6.6666666666666674e-01  2.3333333333333335e+00  1.0000000000000000e+00
307   1.1111111111111113e-01  6.6666666666666674e-01  2.3333333333333335e+00  1.0000000000000000e+00
308   3.3333333333333337e-01  6.6666666666666674e-01  2.3333333333333335e+00  1.0000000000000000e+00
309   6.6666666666666674e-01  6.6666666666666674e-01  2.3333333333333335e+00  1.0000000000000000e+00
310   8.8888888888888884e-01  6.6666666666666674e-01  2.3333333333333335e+00  1.0000000000000000e+00
311   1.0000000000000000e+00  6.6666666666666674e-01  2.3333333333333335e+00  1.0000000000000000e+00
312   0.0000000000000000e+00  8.8888888888888884e-01  2.3333333333333335e+00  1.0000000000000000e+00
313   1.1111111111111110e-01  8.8888888888888884e-01  2.3333333333333335e+00  1.0000000000000000e+00
314   3.3333333333333337e-01  8.8888888888888884e-01  2.3333333333333335e+00  1.0000000000000000e+00
315   6.6666666666666674e-01  8.8888888888888884e-01  2.3333333333333335e+00  1.0000000000000000e+00
316   8.8888888888888884e-01  8.8888888888888884e-01  2.3333333333333335e+00  1.0000000000000000e+00
317   1.0000000000000000e+00  8.8888888888888884e-01  2.3333333333333335e+00  1.0000000000000000e+00
318   0.0000000000000000e+00  1.0000000000000000e+00  2.3333333333333335e+00  1.0000000000000000e+00
319   1.1111111111111113e-01  1.0000000000000000e+00  2.3333333333333335e+00  1.0000000000000000e+00
320   3.3333333333333337e-01  1.0000000000000000e+00  2.3333333333333335e+00  1.0000000000000000e+00
321   6.6666666666666674e-01  1.0000000000000000e+00  2.3333333333333335e+00  1.0000000000000000e+00
322   8.8888888888888884e-01  1.0000000000000000e+00  2.3333333333333335e+00  1.0000000000000000e+00
323   1.0000000000000000e+00  1.0000000000000000e+00  2.3333333333333335e+00  1.0000000000000000e+00
324   0.0000000000000000e+00  0.0000000000000000e+00  2.7777777777777777e+00  1.0000000000000000e+00
325   1.1111111111111110e-01  0.0000000000000000e+00  2.7777777777777777e+00  1.0000000000000000e+00
326   3.3333333333333337e-01  0.0000000000000000e+00  2.7777777777777777e+00  1.0000000000000000e+00
327   6.6666666666666674e-01  0.0000000000000000e+00  2.7777777777777777e+00  1.0000000000000000e+00
328   8.8888888888888884e-01  0.0000000000000000e+00  2.7777777777777777e+00  1.0000000000000000e+00
329   1.0000000000000000e+00  0.0000000000000000e+00  2.7777777777777777e+00  1.0000000000000000e+00
330   0.0000000000000000e+00  1.1111111111111110e-01  2.7777777777777777e+00  1.0000000000000000e+00
331   1.1111111111111110e-01  1.1111111111111110e-01  2.7777777777777777e+00  1.0000000000000000e+00
332   3.3333333333333337e-01  1.1111111111111110e-01  2.7777777777777777e+00  1.0000000000000000e+00
333   6.6666666666666674e-01  1.1111111111111110e-01  2.7777777777777777e+00  1.0000000000000000e+00
334   8.8888888888888884e-01  1.1111111111111110e-01  2.7777777777777777e+00  1.0000000000000000e+00
335   1.0000000000000000e+00  1.1111111111111110e-01  2.7777777777777777e+00  1.0000000000000000e+00
336   0.0000000000000000e+00  3.3333333333333337e-01  2.7777777777777777e+00  1.0000000000000000e+00
337   1.1111111111111113e-01  3.3333333333333337e-01  2.7777777777777777e+00  1.0000000000000000e+00
338   3.3333333333333337e-01  3.3333333333333337e-01  2.7777777777777777e+00  1.0000000000000000e+00
339   6.6666666666666674e-01  3.3333333333333337e-01  2.7777777777777777e+00  1.0000000000000000e+00
340   8.8888888888888884e-01  3.3333333333333337e-01  2.7777777777777777e+00  1.0000000000000000e+00
341   1.0000000000000000e+00  3.3333333333333337e-01  2.7777777777777777e+00  1.0000000000000000e+00
342   0.0000000000000000e+00  6.6666666666666674e-01  2.7777777777777777e+00  1.0000000000000000e+00
343   1.1111111111111113e-01  6.6666666666666674e-01  2.7777777777777777e+00  1.0000000000000000e+00
344   3.3333333333333337e-01  6.6666666666666674e-01  2.7777777777777777e+00  1.0000000000000000e+00
345   6.6666666666666674e-01  6.6666666666666674e-01  2.7777777777777777e+00  1.0000000000000000e+00
346   8.8888888888888884e-01  6.6666666666666674e-01  2.7777777777777777e+00  1.0000000000000000e+00
347   1.0000000000000000e+00  6.6666666666666674e-01  2.7777777777777777e+00  1.0000000000000000e+00
348   0.0000000000000000e+00  8.8888888888888884e-01  2.7777777777777777e+00  1.0000000000000000e+00
349   1.1111111111111110e-01  8.8888888888888884e-01  2.7777777777777777e+00  1.0000000000000000e+00
350   3.3333333333333337e-01  8.8888888888888884e-01  2.7777777777777777e+00  1.0000000000000000e+00
351   6.6666666666666674e-01  8.8888888888888884e-01  2.7777777777777777e+00  1.0000000000000000e+00
352   8.8888888888888884e-01  8.8888888888888884e-01  2.7777777777777777e+00  1.0000000000000000e+00
353   1.0000000000000000e+00  8.8888888888888884e-01  2.7777777777777777e+00  1.0000000000000000e+00
354   0.0000000000000000e+00  1.0000000000000000e+00  2.7777777777777777e+00  1.0000000000000000e+00
355   1.1111111111111110e-01  1.0000000000000000e+00  2.7777777777777777e+00  1.0000000000000000e+00
356   3.3333333333333337e-01  1.0000000000000000e+00  2.7777777777777777e+00  1.0000000000000000e+00
357   6.6666666666666674e-01  1.0000000000000000e+00  2.7777777777777777e+00  1.0000000000000000e+00
358   8.8888888888888884e-01  1.0000000000000000e+00  2.7777777777777777e+00  1.0000000000000000e+00
359   1.0000000000000000e+00  1.0000000000000000e+00  2.7777777777777777e+00  1.0000000000000000e+00
360   0.0000000000000000e+00  0.0000000000000000e+00  3.0000000000000000e+00  1.0000000000000000e+00
361   1.1111111111111112e-01  0.0000000000000000e+00  3.0000000000000000e+00  1.0000000000000000e+00
362   3.3333333333333337e-01  0.0000000000000000e+00  3.0000000000000000e+00  1.0000000000000000e+00
363   6.6666666666666674e-01  0.0000000000000000e+00  3.0000000000000000e+00  1.0000000000000000e+00
364   8.8888888888888884e-01  0.0000000000000000e+00  3.0000000000000000e+00  1.0000000000000000e+00
365   1.0000000000000000e+00  0.0000000000000000e+00  3.0000000000000000e+00  1.0000000000000000e+00
366   0.0000000000000000e+00  1.1111111111111112e-01  3.0000000000000000e+00  1.0000000000000000e+00
367   1.1111111111111112e-01  1.1111111111111112e-01  3.0000000000000000e+00  1.0000000000000000e+00
368   3.3333333333333337e-01  1.1111111111111112e-01  3.0000000000000000e+00  1.0000000000000000e+00
369   6.6666666666666674e-01  1.1111111111111112e-01  3.0000000000000000e+00  1.0000000000000000e+00
370   8.8888888888888895e-01  1.1111111111111112e-01  3.0000000000000000e+00  1.0000000000000000e+00
371   1.0000000000000000e+00  1.1111111111111112e-01  3.0000000000000000e+00  1.0000000000000000e+00
372   0.0000000000000000e+00  3.3333333333333337e-01  3.0000000000000000e+00  1.0000000000000000e+00
373   1.1111111111111113e-01  3.3333333333333337e-01  3.0000000000000000e+00  1.0000000000000000e+00
374   3.3333333333333337e-01  3.3333333333333337e-01  3.0000000000000000e+00  1.0000000000000000e+00
375   6.6666666666666674e-01  3.3333333333333337e-01  3.0000000000000000e+00  1.0000000000000000e+00
376   8.8888888888888884e-01  3.3333333333333337e-01  3.0000000000000000e+00  1.0000000000000000e+00
377   1.0000000000000000e+00  3.3333333333333337e-01  3.0000000000000000e+00  1.0000000000000000e+00
378   0.0000000000000000e+00  6.6666666666666674e-01  3.0000000000000000e+00  1.0000000000000000e+00
379   1.1111111111111113e-01  6.6666666666666674e-01  3.0000000000000000e+00  1.0000000000000000e+00
380   3.3333333333333337e-01  6.6666666666666674e-01  3.0000000000000000e+00  1.0000000000000000e+00
381   6.6666666666666674e-01  6.6666666666666674e-01  3.0000000000000000e+00  1.0000000000000000e+00
382   8.8888888888888884e-01  6.6666666666666674e-01  3.0000000000000000e+00  1.0000000000000000e+00
383   1.0000000000000000e+00  6.6666666666666674e-01  3.0000000000000000e+00  1.0000000000000000e+00
384   0.0000000000000000e+00  8.8888888888888884e-01  3.0000000000000000e+00  1.0000000000000000e+00
385   1.1111111111111110e-01  8.8888888888888884e-01  3.0000000000000000e+00  1.0000000000000000e+00
386   3.3333333333333337e-01  8.8888888888888884e-01  3.0000000000000000e+00  1.0000000000000000e+00
387   6.6666666666666674e-01  8.8888888888888884e-01  3.0000000000000000e+00  1.0000000000000000e+00
388   8.8888888888888884e-01  8.8888888888888884e-01  3.0000000000000000e+00  1.0000000000000000e+00
389   1.0000000000000000e+00  8.8888888888888884e-01  3.0000000000000000e+00  1.0000000000000000e+00
390   0.0000000000000000e+00  1.0000000000000000e+00  3.0000000000000000e+00  1.0000000000000000e+00
391   1.1111111111111112e-01  1.0000000000000000e+00  3.0000000000000000e+00  1.0000000000000000e+00
392   3.3333333333333337e-01  1.0000000000000000e+00  3.0000000000000000e+00  1.0000000000000000e+00
393   6.6666666666666674e-01  1.0000000000000000e+00  3.0000000000000000e+00  1.0000000000000000e+00
394   8.8888888888888884e-01  1.0000000000000000e+00  3.0000000000000000e+00  1.0000000000000000e+00
395   1.0000000000000000e+00  1.0000000000000000e+00  3.0000000000000000e+00  1.0000000000000000e+00

0    0    0.000000e+00
6    0    0.000000e+00
12   0    0.000000e+00
18   0    0.000000e+00
24   0    0.000000e+00
30   0    0.000000e+00
36   0    0.000000e+00
42   0    0.000000e+00
48   0    0.000000e+00
54   0    0.000000e+00
60   0    0.000000e+00
66   0    0.000000e+00
72   0    0.000000e+00
78   0    0.000000e+00
84   0    0.000000e+00
90   0    0.000000e+00
96   0    0.000000e+00
102  0    0.000000e+00
108  0    0.000000e+00
114  0    0.000000e+00
120  0    0.000000e+00
126  0    0.000000e+00
132  0    0.000000e+00
138  0    0.000000e+00
144  0    0.000000e+00
150  0    0.000000e+00
156  0    0.000000e+00
162  0    0.000000e+00
168  0    0.000000e+00
174  0    0.000000e+00
180  0    0.000000e+00
186  0    0.000000e+00
192  0    0.000000e+00
198  0    0.000000e+00
204  0    0.000000e+00
210  0    0.000000e+00
216  0    0.000000e+00
222  0    0.000000e+00
228  0    0.000000e+00
234  0    0.000000e+00
240  0    0.000000e+00
246  0    0.000000e+00
252  0    0.000000e+00
258  0    0.000000e+00
264  0    0.000000e+00
270  0    0.000000e+00
276  0    0.000000e+00
282  0    0.000000e+00
288  0    0.000000e+00
294  0    0.000000e+00
300  0    0.000000e+00
306  0    0.000000e+00
312  0    0.000000e+00
318  0    0.000000e+00
324  0    0.000000e+00
330  0    0.000000e+00
336  0    0.000000e+00
342  0    0.000000e+00
348  0    0.000000e+00
354  0    0.000000e+00
360  0    0.000000e+00
366  0    0.000000e+00
372  0    0.000000e+00
378  0    0.000000e+00
384  0    0.000000e+00
390  0    0.000000e+00
0    1    0.000000e+00
1    1    0.000000e+00
2    1    0.000000e+00
3    1    0.000000e+00
4    1    0.000000e+00
5    1    0.000000e+00
36   1    0.000000e+00
37   1    0.000000e+00
38   1    0.000000e+00
39   1    0.000000e+00
40   1    0.000000e+00
41   1    0.000000e+00
72   1    0.000000e+00
73   1    0.000000e+00
74   1    0.000000e+00
75   1    0.000000e+00
76   1    0.000000e+00
77   1    0.000000e+00
108  1    0.000000e+00
109  1    0.000000e+00
110  1    0.000000e+00
111  1    0.000000e+00
112  1    0.000000e+00
113  1    0.000000e+00
144  1    0.000000e+00
145  1    0.000000e+00
146  1    0.000000e+00
147  1    0.000000e+00
148  1    0.000000e+00
149  1    0.000000e+00
180  1    0.000000e+00
181  1    0.000000e+00
182  1    0.000000e+00
183  1    0.000000e+00
184  1    0.000000e+00
185  1    0.000000e+00
216  1    0.000000e+00
217  1    0.000000e+00
218  1    0.000000e+00
219  1    0.000000e+00
220  1    0.000000e+00
221  1    0.000000e+00
252  1    0.000000e+00
253  1    0.000000e+00
254  1    0.000000e+00
255  1    0.000000e+00
256  1    0.000000e+00
257  1    0.000000e+00
288  1    0.000000e+00
289  1    0.000000e+00
290  1    0.000000e+00
291  1    0.000000e+00
292  1    0.000000e+00
293  1    0.000000e+00
324  1    0.000000e+00
325  1    0.000000e+00
326  1    0.000000e+00
327  1    0.000000e+00
328  1    0.000000e+00
329  1    0.000000e+00
360  1    0.000000e+00
361  1    0.000000e+00
362  1    0.000000e+00
363  1    0.000000e+00
364  1    0.000000e+00
365  1    0.000000e+00
0    2    0.000000e+00
1    2    0.000000e+00
2    2    0.000000e+00
3    2    0.000000e+00
4    2    0.000000e+00
5    2    0.000000e+00
6    2    0.000000e+00
7    2    0.000000e+00
8    2    0.000000e+00
9    2    0.000000e+00
10   2    0.000000e+00
11   2    0.000000e+00
12   2    0.000000e+00
13   2    0.000000e+00
14   2    0.000000e+00
15   2    0.000000e+00
16   2    0.000000e+00
17   2    0.000000e+00
18   2    0.000000e+00
19   2    0.000000e+00
20   2    0.000000e+00
21   2    0.000000e+00
22   2    0.000000e+00
23   2    0.000000e+00
24   2    0.000000e+00
25   2    0.000000e+00
26   2    0.000000e+00
27   2    0.000000e+00
28   2    0.000000e+00
29   2    0.000000e+00
30   2    0.000000e+00
31   2    0.000000e+00
32   2    0.000000e+00
33   2    0.000000e+00
34   2    0.000000e+00
35   2    0.000000e+00

2    1    0 1    1.000000e+00   0.000000e+00 1.000000e+00   0.000000e+00 1.000000e+00   1.000000e+00 0.000000e+00 0.000000e+00   1.000000e+00 0.000000e+00 0.000000e+00