1	10	10
21	21	2	2
 1.0000e+00	 0.0000e+00	-4.7143e-05	 0.0000e+00	 4.7143e-05
 9.9743e-01	 7.1669e-02	-4.6954e-05	 9.7937e-06	 4.7964e-05
 9.8944e-01	 1.4492e-01	-4.6488e-05	 1.9758e-05	 5.0512e-05
 9.7568e-01	 2.1918e-01	-4.5763e-05	 2.9861e-05	 5.4644e-05
 9.5586e-01	 2.9381e-01	-4.4789e-05	 4.0043e-05	 6.0079e-05
 9.2979e-01	 3.6809e-01	-4.3566e-05	 5.0190e-05	 6.6460e-05
 8.9738e-01	 4.4127e-01	-4.2086e-05	 6.0125e-05	 7.3391e-05
 8.5866e-01	 5.1254e-01	-4.0310e-05	 6.9709e-05	 8.0525e-05
 8.1383e-01	 5.8111e-01	-3.8211e-05	 7.8859e-05	 8.7629e-05
 7.6316e-01	 6.4621e-01	-3.5787e-05	 8.7556e-05	 9.4588e-05
 7.0711e-01	 7.0711e-01	-3.3079e-05	 9.5830e-05	 1.0138e-04
 6.4621e-01	 7.6316e-01	-3.0163e-05	 1.0362e-04	 1.0792e-04
 5.8111e-01	 8.1383e-01	-2.7106e-05	 1.1071e-04	 1.1398e-04
 5.1254e-01	 8.5866e-01	-2.3936e-05	 1.1689e-04	 1.1932e-04
 4.4127e-01	 8.9738e-01	-2.0672e-05	 1.2209e-04	 1.2382e-04
 3.6809e-01	 9.2979e-01	-1.7328e-05	 1.2633e-04	 1.2751e-04
 2.9381e-01	 9.5586e-01	-1.3916e-05	 1.2973e-04	 1.3047e-04
 2.1918e-01	 9.7568e-01	-1.0454e-05	 1.3241e-04	 1.3282e-04
 1.4492e-01	 9.8944e-01	-6.9661e-06	 1.3442e-04	 1.3460e-04
 7.1669e-02	 9.9743e-01	-3.4741e-06	 1.3578e-04	 1.3582e-04
 0.0000e+00	 1.0000e+00	 0.0000e+00	 1.3645e-04	 1.3645e-04
 1.0750e+00	 0.0000e+00	-5.0661e-05	 0.0000e+00	 5.0661e-05
 1.0722e+00	 7.7045e-02	-5.0505e-05	 8.7506e-06	 5.1257e-05
 1.0637e+00	 1.5579e-01	-4.9817e-05	 1.7688e-05	 5.2864e-05
 1.0489e+00	 2.3562e-01	-4.8644e-05	 2.6835e-05	 5.5554e-05
 1.0276e+00	 3.1585e-01	-4.7028e-05	 3.6190e-05	 5.9341e-05
 9.9952e-01	 3.9570e-01	-4.5017e-05	 4.5695e-05	 6.4144e-05
 9.6468e-01	 4.7436e-01	-4.2644e-05	 5.5209e-05	 6.9760e-05
 9.2306e-01	 5.5098e-01	-3.9918e-05	 6.4586e-05	 7.5927e-05
 8.7486e-01	 6.2469e-01	-3.6874e-05	 7.3727e-05	 8.2434e-05
 8.2040e-01	 6.9467e-01	-3.3581e-05	 8.2609e-05	 8.9173e-05
 7.6014e-01	 7.6014e-01	-3.0153e-05	 9.1264e-05	 9.6116e-05
 6.9467e-01	 8.2040e-01	-2.6713e-05	 9.9660e-05	 1.0318e-04
 6.2469e-01	 8.7486e-01	-2.3322e-05	 1.0752e-04	 1.1002e-04
 5.5098e-01	 9.2306e-01	-2.0016e-05	 1.1455e-04	 1.1629e-04
 4.7436e-01	 9.6468e-01	-1.6818e-05	 1.2059e-04	 1.2176e-04
 3.9570e-01	 9.9952e-01	-1.3732e-05	 1.2563e-04	 1.2638e-04
 3.1585e-01	 1.0276e+00	-1.0755e-05	 1.2978e-04	 1.3022e-04
 2.3562e-01	 1.0489e+00	-7.8916e-06	 1.3307e-04	 1.3330e-04
 1.5579e-01	 1.0637e+00	-5.1448e-06	 1.3548e-04	 1.3558e-04
 7.7045e-02	 1.0722e+00	-2.5148e-06	 1.3694e-04	 1.3696e-04
 0.0000e+00	 1.0750e+00	 0.0000e+00	 1.3735e-04	 1.3735e-04
 1.1500e+00	 0.0000e+00	-5.3328e-05	 0.0000e+00	 5.3328e-05
 1.1470e+00	 8.2420e-02	-5.3152e-05	 7.9331e-06	 5.3741e-05
 1.1379e+00	 1.6666e-01	-5.2271e-05	 1.6058e-05	 5.4682e-05
 1.1220e+00	 2.5206e-01	-5.0740e-05	 2.4435e-05	 5.6318e-05
 1.0992e+00	 3.3788e-01	-4.8630e-05	 3.3118e-05	 5.8837e-05
 1.0693e+00	 4.2331e-01	-4.6026e-05	 4.2113e-05	 6.2385e-05
 1.0320e+00	 5.0746e-01	-4.2987e-05	 5.1310e-05	 6.6937e-05
 9.8746e-01	 5.8942e-01	-3.9564e-05	 6.0547e-05	 7.2327e-05
 9.3590e-01	 6.6827e-01	-3.5834e-05	 6.9702e-05	 7.8373e-05
 8.7764e-01	 7.4314e-01	-3.1919e-05	 7.8739e-05	 8.4963e-05
 8.1317e-01	 8.1317e-01	-2.7981e-05	 8.7677e-05	 9.2034e-05
 7.4314e-01	 8.7764e-01	-2.4152e-05	 9.6441e-05	 9.9419e-05
 6.6827e-01	 9.3590e-01	-2.0505e-05	 1.0479e-04	 1.0677e-04
 5.8942e-01	 9.8746e-01	-1.7092e-05	 1.1237e-04	 1.1366e-04
 5.0746e-01	 1.0320e+00	-1.3936e-05	 1.1898e-04	 1.1979e-04
 4.2331e-01	 1.0693e+00	-1.1039e-05	 1.2460e-04	 1.2509e-04
 3.3788e-01	 1.0992e+00	-8.3931e-06	 1.2931e-04	 1.2959e-04
 2.5206e-01	 1.1220e+00	-5.9867e-06	 1.3313e-04	 1.3326e-04
 1.6666e-01	 1.1379e+00	-3.8048e-06	 1.3591e-04	 1.3596e-04
 8.2420e-02	 1.1470e+00	-1.8192e-06	 1.3751e-04	 1.3753e-04
 0.0000e+00	 1.1500e+00	 0.0000e+00	 1.3780e-04	 1.3780e-04
 1.2250e+00	 0.0000e+00	-5.5438e-05	 0.0000e+00	 5.5438e-05
 1.2218e+00	 8.7795e-02	-5.5215e-05	 7.3483e-06	 5.5702e-05
 1.2121e+00	 1.7753e-01	-5.4189e-05	 1.4892e-05	 5.6198e-05
 1.1952e+00	 2.6850e-01	-5.2408e-05	 2.2709e-05	 5.7116e-05
 1.1709e+00	 3.5992e-01	-4.9939e-05	 3.0888e-05	 5.8719e-05
 1.1390e+00	 4.5092e-01	-4.6879e-05	 3.9488e-05	 6.1294e-05
 1.0993e+00	 5.4055e-01	-4.3323e-05	 4.8438e-05	 6.4985e-05
 1.0519e+00	 6.2786e-01	-3.9376e-05	 5.7585e-05	 6.9761e-05
 9.9694e-01	 7.1186e-01	-3.5153e-05	 6.6781e-05	 7.5468e-05
 9.3487e-01	 7.9160e-01	-3.0806e-05	 7.5966e-05	 8.1975e-05
 8.6621e-01	 8.6621e-01	-2.6501e-05	 8.5106e-05	 8.9137e-05
 7.9160e-01	 9.3487e-01	-2.2381e-05	 9.4109e-05	 9.6734e-05
 7.1186e-01	 9.9694e-01	-1.8530e-05	 1.0273e-04	 1.0439e-04
 6.2786e-01	 1.0519e+00	-1.5017e-05	 1.1068e-04	 1.1169e-04
 5.4055e-01	 1.0993e+00	-1.1873e-05	 1.1773e-04	 1.1833e-04
 4.5092e-01	 1.1390e+00	-9.1005e-06	 1.2387e-04	 1.2420e-04
 3.5992e-01	 1.1709e+00	-6.6943e-06	 1.2907e-04	 1.2924e-04
 2.6850e-01	 1.1952e+00	-4.6338e-06	 1.3328e-04	 1.3336e-04
 1.7753e-01	 1.2121e+00	-2.8745e-06	 1.3632e-04	 1.3635e-04
 8.7795e-02	 1.2218e+00	-1.3512e-06	 1.3805e-04	 1.3806e-04
 0.0000e+00	 1.2250e+00	 0.0000e+00	 1.3834e-04	 1.3834e-04
 1.3000e+00	 0.0000e+00	-5.7093e-05	 0.0000e+00	 5.7093e-05
 1.2967e+00	 9.3170e-02	-5.6808e-05	 6.9688e-06	 5.7234e-05
 1.2863e+00	 1.8840e-01	-5.5685e-05	 1.4138e-05	 5.7452e-05
 1.2684e+00	 2.8494e-01	-5.3754e-05	 2.1589e-05	 5.7927e-05
 1.2426e+00	 3.8196e-01	-5.1069e-05	 2.9430e-05	 5.8942e-05
 1.2087e+00	 4.7852e-01	-4.7718e-05	 3.7750e-05	 6.0845e-05
 1.1666e+00	 5.7365e-01	-4.3795e-05	 4.6507e-05	 6.3882e-05
 1.1163e+00	 6.6630e-01	-3.9439e-05	 5.5593e-05	 6.8162e-05
 1.0580e+00	 7.5544e-01	-3.4846e-05	 6.4854e-05	 7.3623e-05
 9.9211e-01	 8.4007e-01	-3.0191e-05	 7.4172e-05	 8.0081e-05
 9.1924e-01	 9.1924e-01	-2.5622e-05	 8.3456e-05	 8.7301e-05
 8.4007e-01	 9.9211e-01	-2.1284e-05	 9.2624e-05	 9.5038e-05
 7.5544e-01	 1.0580e+00	-1.7258e-05	 1.0145e-04	 1.0290e-04
 6.6630e-01	 1.1163e+00	-1.3636e-05	 1.0968e-04	 1.1053e-04
 5.7365e-01	 1.1666e+00	-1.0470e-05	 1.1714e-04	 1.1761e-04
 4.7852e-01	 1.2087e+00	-7.7777e-06	 1.2367e-04	 1.2391e-04
 3.8196e-01	 1.2426e+00	-5.5445e-06	 1.2918e-04	 1.2930e-04
 2.8494e-01	 1.2684e+00	-3.7368e-06	 1.3359e-04	 1.3365e-04
 1.8840e-01	 1.2863e+00	-2.2800e-06	 1.3677e-04	 1.3679e-04
 9.3170e-02	 1.2967e+00	-1.0685e-06	 1.3858e-04	 1.3858e-04
 0.0000e+00	 1.3000e+00	 0.0000e+00	 1.3894e-04	 1.3894e-04
 1.3750e+00	 0.0000e+00	-5.8389e-05	 0.0000e+00	 5.8389e-05
 1.3715e+00	 9.8545e-02	-5.8038e-05	 6.7573e-06	 5.8430e-05
 1.3605e+00	 1.9926e-01	-5.6856e-05	 1.3722e-05	 5.8489e-05
 1.3416e+00	 3.0138e-01	-5.4848e-05	 2.0966e-05	 5.8718e-05
 1.3143e+00	 4.0399e-01	-5.2052e-05	 2.8604e-05	 5.9393e-05
 1.2785e+00	 5.0613e-01	-4.8537e-05	 3.6733e-05	 6.0870e-05
 1.2339e+00	 6.0674e-01	-4.4391e-05	 4.5347e-05	 6.3458e-05
 1.1807e+00	 7.0474e-01	-3.9765e-05	 5.4385e-05	 6.7371e-05
 1.1190e+00	 7.9902e-01	-3.4883e-05	 6.3725e-05	 7.2648e-05
 1.0493e+00	 8.8853e-01	-2.9992e-05	 7.3164e-05	 7.9073e-05
 9.7227e-01	 9.7227e-01	-2.5233e-05	 8.2563e-05	 8.6333e-05
 8.8853e-01	 1.0493e+00	-2.0722e-05	 9.1858e-05	 9.4166e-05
 7.9902e-01	 1.1190e+00	-1.6537e-05	 1.0086e-04	 1.0221e-04
 7.0474e-01	 1.1807e+00	-1.2798e-05	 1.0938e-04	 1.1012e-04
 6.0674e-01	 1.2339e+00	-9.6069e-06	 1.1711e-04	 1.1751e-04
 5.0613e-01	 1.2785e+00	-6.9661e-06	 1.2387e-04	 1.2407e-04
 4.0399e-01	 1.3143e+00	-4.8464e-06	 1.2954e-04	 1.2963e-04
 3.0138e-01	 1.3416e+00	-3.2065e-06	 1.3403e-04	 1.3407e-04
 1.9926e-01	 1.3605e+00	-1.9486e-06	 1.3724e-04	 1.3725e-04
 9.8545e-02	 1.3715e+00	-9.2675e-07	 1.3909e-04	 1.3909e-04
 0.0000e+00	 1.3750e+00	 0.0000e+00	 1.3957e-04	 1.3957e-04
 1.4500e+00	 0.0000e+00	-5.9420e-05	 0.0000e+00	 5.9420e-05
 1.4463e+00	 1.0392e-01	-5.9011e-05	 6.6668e-06	 5.9386e-05
 1.4347e+00	 2.1013e-01	-5.7796e-05	 1.3552e-05	 5.9364e-05
 1.4147e+00	 3.1781e-01	-5.5755e-05	 2.0714e-05	 5.9479e-05
 1.3860e+00	 4.2603e-01	-5.2912e-05	 2.8255e-05	 5.9983e-05
 1.3482e+00	 5.3374e-01	-4.9318e-05	 3.6265e-05	 6.1216e-05
 1.3012e+00	 6.3984e-01	-4.5052e-05	 4.4773e-05	 6.3516e-05
 1.2451e+00	 7.4318e-01	-4.0260e-05	 5.3772e-05	 6.7173e-05
 1.1800e+00	 8.4261e-01	-3.5186e-05	 6.3166e-05	 7.2305e-05
 1.1066e+00	 9.3700e-01	-3.0115e-05	 7.2728e-05	 7.8717e-05
 1.0253e+00	 1.0253e+00	-2.5211e-05	 8.2242e-05	 8.6020e-05
 9.3700e-01	 1.1066e+00	-2.0551e-05	 9.1653e-05	 9.3929e-05
 8.4261e-01	 1.1800e+00	-1.6216e-05	 1.0083e-04	 1.0213e-04
 7.4318e-01	 1.2451e+00	-1.2390e-05	 1.0953e-04	 1.1023e-04
 6.3984e-01	 1.3012e+00	-9.1800e-06	 1.1744e-04	 1.1780e-04
 5.3374e-01	 1.3482e+00	-6.5678e-06	 1.2432e-04	 1.2450e-04
 4.2603e-01	 1.3860e+00	-4.5095e-06	 1.3007e-04	 1.3014e-04
 3.1781e-01	 1.4147e+00	-2.9593e-06	 1.3456e-04	 1.3459e-04
 2.1013e-01	 1.4347e+00	-1.8091e-06	 1.3774e-04	 1.3775e-04
 1.0392e-01	 1.4463e+00	-8.8023e-07	 1.3959e-04	 1.3959e-04
 0.0000e+00	 1.4500e+00	 0.0000e+00	 1.4020e-04	 1.4020e-04
 1.5250e+00	 0.0000e+00	-6.0282e-05	 0.0000e+00	 6.0282e-05
 1.5211e+00	 1.0930e-01	-5.9834e-05	 6.6431e-06	 6.0202e-05
 1.5089e+00	 2.2100e-01	-5.8598e-05	 1.3523e-05	 6.0138e-05
 1.4879e+00	 3.3425e-01	-5.6540e-05	 2.0690e-05	 6.0206e-05
 1.4577e+00	 4.4806e-01	-5.3676e-05	 2.8221e-05	 6.0643e-05
 1.4179e+00	 5.6134e-01	-5.0050e-05	 3.6181e-05	 6.1758e-05
 1.3685e+00	 6.7293e-01	-4.5727e-05	 4.4625e-05	 6.3894e-05
 1.3095e+00	 7.8162e-01	-4.0832e-05	 5.3598e-05	 6.7380e-05
 1.2411e+00	 8.8619e-01	-3.5641e-05	 6.3020e-05	 7.2400e-05
 1.1638e+00	 9.8546e-01	-3.0458e-05	 7.2673e-05	 7.8797e-05
 1.0783e+00	 1.0783e+00	-2.5436e-05	 8.2320e-05	 8.6160e-05
 9.8546e-01	 1.1638e+00	-2.0632e-05	 9.1851e-05	 9.4140e-05
 8.8619e-01	 1.2411e+00	-1.6190e-05	 1.0114e-04	 1.0243e-04
 7.8162e-01	 1.3095e+00	-1.2315e-05	 1.0995e-04	 1.1064e-04
 6.7293e-01	 1.3685e+00	-9.0930e-06	 1.1796e-04	 1.1831e-04
 5.6134e-01	 1.4179e+00	-6.4904e-06	 1.2491e-04	 1.2508e-04
 4.4806e-01	 1.4577e+00	-4.4484e-06	 1.3067e-04	 1.3075e-04
 3.3425e-01	 1.4879e+00	-2.9180e-06	 1.3514e-04	 1.3517e-04
 2.2100e-01	 1.5089e+00	-1.7937e-06	 1.3827e-04	 1.3828e-04
 1.0930e-01	 1.5211e+00	-8.8321e-07	 1.4011e-04	 1.4011e-04
 0.0000e+00	 1.5250e+00	 0.0000e+00	 1.4080e-04	 1.4080e-04
 1.6000e+00	 0.0000e+00	-6.1062e-05	 0.0000e+00	 6.1062e-05
 1.5959e+00	 1.1467e-01	-6.0599e-05	 6.6526e-06	 6.0963e-05
 1.5831e+00	 2.3187e-01	-5.9346e-05	 1.3558e-05	 6.0875e-05
 1.5611e+00	 3.5069e-01	-5.7263e-05	 2.0770e-05	 6.0913e-05
 1.5294e+00	 4.7010e-01	-5.4375e-05	 2.8352e-05	 6.1323e-05
 1.4877e+00	 5.8895e-01	-5.0734e-05	 3.6337e-05	 6.2404e-05
 1.4358e+00	 7.0603e-01	-4.6384e-05	 4.4775e-05	 6.4469e-05
 1.3739e+00	 8.2006e-01	-4.1424e-05	 5.3743e-05	 6.7855e-05
 1.3021e+00	 9.2977e-01	-3.6167e-05	 6.3178e-05	 7.2798e-05
 1.2211e+00	 1.0339e+00	-3.0923e-05	 7.2890e-05	 7.9178e-05
 1.1314e+00	 1.1314e+00	-2.5806e-05	 8.2660e-05	 8.6595e-05
 1.0339e+00	 1.2211e+00	-2.0885e-05	 9.2303e-05	 9.4637e-05
 9.2977e-01	 1.3021e+00	-1.6375e-05	 1.0166e-04	 1.0297e-04
 8.2006e-01	 1.3739e+00	-1.2480e-05	 1.1053e-04	 1.1123e-04
 7.0603e-01	 1.4358e+00	-9.2564e-06	 1.1859e-04	 1.1895e-04
 5.8895e-01	 1.4877e+00	-6.6468e-06	 1.2556e-04	 1.2573e-04
 4.7010e-01	 1.5294e+00	-4.5831e-06	 1.3131e-04	 1.3139e-04
 3.5069e-01	 1.5611e+00	-3.0158e-06	 1.3576e-04	 1.3579e-04
 2.3187e-01	 1.5831e+00	-1.8517e-06	 1.3887e-04	 1.3888e-04
 1.1467e-01	 1.5959e+00	-9.0660e-07	 1.4071e-04	 1.4071e-04
 0.0000e+00	 1.6000e+00	 0.0000e+00	 1.4144e-04	 1.4144e-04
 1.6750e+00	 0.0000e+00	-6.1845e-05	 0.0000e+00	 6.1845e-05
 1.6707e+00	 1.2005e-01	-6.1383e-05	 6.6872e-06	 6.1746e-05
 1.6573e+00	 2.4274e-01	-6.0111e-05	 1.3641e-05	 6.1639e-05
 1.6343e+00	 3.6713e-01	-5.7989e-05	 2.0920e-05	 6.1648e-05
 1.6011e+00	 4.9213e-01	-5.5057e-05	 2.8580e-05	 6.2033e-05
 1.5574e+00	 6.1656e-01	-5.1387e-05	 3.6635e-05	 6.3109e-05
 1.5031e+00	 7.3912e-01	-4.7019e-05	 4.5127e-05	 6.5171e-05
 1.4383e+00	 8.5850e-01	-4.2021e-05	 5.4121e-05	 6.8519e-05
 1.3632e+00	 9.7336e-01	-3.6729e-05	 6.3568e-05	 7.3416e-05
 1.2783e+00	 1.0824e+00	-3.1454e-05	 7.3325e-05	 7.9786e-05
 1.1844e+00	 1.1844e+00	-2.6266e-05	 8.3189e-05	 8.7237e-05
 1.0824e+00	 1.2783e+00	-2.1262e-05	 9.2926e-05	 9.5327e-05
 9.7336e-01	 1.3632e+00	-1.6708e-05	 1.0232e-04	 1.0367e-04
 8.5850e-01	 1.4383e+00	-1.2812e-05	 1.1121e-04	 1.1195e-04
 7.3912e-01	 1.5031e+00	-9.5910e-06	 1.1930e-04	 1.1968e-04
 6.1656e-01	 1.5574e+00	-6.9555e-06	 1.2626e-04	 1.2645e-04
 4.9213e-01	 1.6011e+00	-4.8413e-06	 1.3203e-04	 1.3211e-04
 3.6713e-01	 1.6343e+00	-3.2024e-06	 1.3652e-04	 1.3656e-04
 2.4274e-01	 1.6573e+00	-1.9546e-06	 1.3967e-04	 1.3968e-04
 1.2005e-01	 1.6707e+00	-9.3873e-07	 1.4153e-04	 1.4153e-04
 0.0000e+00	 1.6750e+00	 0.0000e+00	 1.4225e-04	 1.4225e-04
 1.7500e+00	 0.0000e+00	-6.2715e-05	 0.0000e+00	 6.2715e-05
 1.7455e+00	 1.2542e-01	-6.2265e-05	 6.7426e-06	 6.2629e-05
 1.7315e+00	 2.5361e-01	-6.0970e-05	 1.3763e-05	 6.2504e-05
 1.7074e+00	 3.8357e-01	-5.8795e-05	 2.1128e-05	 6.2476e-05
 1.6728e+00	 5.1417e-01	-5.5796e-05	 2.8887e-05	 6.2830e-05
 1.6271e+00	 6.4417e-01	-5.2074e-05	 3.7041e-05	 6.3904e-05
 1.5704e+00	 7.7222e-01	-4.7670e-05	 4.5627e-05	 6.5987e-05
 1.5027e+00	 8.9694e-01	-4.2649e-05	 5.4678e-05	 6.9345e-05
 1.4242e+00	 1.0169e+00	-3.7334e-05	 6.4149e-05	 7.4222e-05
 1.3355e+00	 1.1309e+00	-3.2034e-05	 7.3954e-05	 8.0594e-05
 1.2374e+00	 1.2374e+00	-2.6803e-05	 8.3892e-05	 8.8069e-05
 1.1309e+00	 1.3355e+00	-2.1735e-05	 9.3701e-05	 9.6189e-05
 1.0169e+00	 1.4242e+00	-1.7142e-05	 1.0314e-04	 1.0456e-04
 8.9694e-01	 1.5027e+00	-1.3254e-05	 1.1205e-04	 1.1283e-04
 7.7222e-01	 1.5704e+00	-1.0023e-05	 1.2014e-04	 1.2056e-04
 6.4417e-01	 1.6271e+00	-7.3354e-06	 1.2714e-04	 1.2735e-04
 5.1417e-01	 1.6728e+00	-5.1521e-06	 1.3297e-04	 1.3307e-04
 3.8357e-01	 1.7074e+00	-3.4273e-06	 1.3755e-04	 1.3759e-04
 2.5361e-01	 1.7315e+00	-2.0755e-06	 1.4079e-04	 1.4080e-04
 1.2542e-01	 1.7455e+00	-9.7088e-07	 1.4269e-04	 1.4270e-04
 0.0000e+00	 1.7500e+00	 0.0000e+00	 1.4340e-04	 1.4340e-04
 1.8250e+00	 0.0000e+00	-6.3710e-05	 0.0000e+00	 6.3710e-05
 1.8203e+00	 1.3080e-01	-6.3275e-05	 6.8178e-06	 6.3641e-05
 1.8057e+00	 2.6448e-01	-6.1962e-05	 1.3923e-05	 6.3507e-05
 1.7806e+00	 4.0001e-01	-5.9732e-05	 2.1387e-05	 6.3446e-05
 1.7445e+00	 5.3621e-01	-5.6652e-05	 2.9260e-05	 6.3762e-05
 1.6969e+00	 6.7177e-01	-5.2856e-05	 3.7536e-05	 6.4828e-05
 1.6377e+00	 8.0531e-01	-4.8401e-05	 4.6247e-05	 6.6944e-05
 1.5671e+00	 9.3538e-01	-4.3358e-05	 5.5387e-05	 7.0339e-05
 1.4852e+00	 1.0605e+00	-3.8013e-05	 6.4904e-05	 7.5216e-05
 1.3928e+00	 1.1793e+00	-3.2681e-05	 7.4770e-05	 8.1601e-05
 1.2905e+00	 1.2905e+00	-2.7414e-05	 8.4776e-05	 8.9099e-05
 1.1793e+00	 1.3928e+00	-2.2291e-05	 9.4657e-05	 9.7246e-05
 1.0605e+00	 1.4852e+00	-1.7654e-05	 1.0417e-04	 1.0566e-04
 9.3538e-01	 1.5671e+00	-1.3764e-05	 1.1312e-04	 1.1395e-04
 8.0531e-01	 1.6377e+00	-1.0487e-05	 1.2123e-04	 1.2169e-04
 6.7177e-01	 1.6969e+00	-7.7203e-06	 1.2830e-04	 1.2854e-04
 5.3621e-01	 1.7445e+00	-5.4576e-06	 1.3424e-04	 1.3435e-04
 4.0001e-01	 1.7806e+00	-3.6496e-06	 1.3894e-04	 1.3899e-04
 2.6448e-01	 1.8057e+00	-2.1962e-06	 1.4229e-04	 1.4230e-04
 1.3080e-01	 1.8203e+00	-1.0014e-06	 1.4425e-04	 1.4425e-04
 0.0000e+00	 1.8250e+00	 0.0000e+00	 1.4494e-04	 1.4494e-04
 1.9000e+00	 0.0000e+00	-6.4690e-05	 0.0000e+00	 6.4690e-05
 1.8951e+00	 1.3617e-01	-6.4268e-05	 6.9202e-06	 6.4639e-05
 1.8799e+00	 2.7535e-01	-6.2961e-05	 1.4135e-05	 6.4528e-05
 1.8538e+00	 4.1645e-01	-6.0709e-05	 2.1712e-05	 6.4474e-05
 1.8161e+00	 5.5824e-01	-5.7569e-05	 2.9706e-05	 6.4782e-05
 1.7666e+00	 6.9938e-01	-5.3705e-05	 3.8119e-05	 6.5859e-05
 1.7050e+00	 8.3841e-01	-4.9208e-05	 4.6979e-05	 6.8032e-05
 1.6315e+00	 9.7382e-01	-4.4153e-05	 5.6233e-05	 7.1496e-05
 1.5463e+00	 1.1041e+00	-3.8784e-05	 6.5835e-05	 7.6410e-05
 1.4500e+00	 1.2278e+00	-3.3415e-05	 7.5767e-05	 8.2809e-05
 1.3435e+00	 1.3435e+00	-2.8112e-05	 8.5840e-05	 9.0326e-05
 1.2278e+00	 1.4500e+00	-2.2941e-05	 9.5800e-05	 9.8508e-05
 1.1041e+00	 1.5463e+00	-1.8269e-05	 1.0540e-04	 1.0698e-04
 9.7382e-01	 1.6315e+00	-1.4341e-05	 1.1439e-04	 1.1529e-04
 8.3841e-01	 1.7050e+00	-1.0984e-05	 1.2255e-04	 1.2304e-04
 6.9938e-01	 1.7666e+00	-8.1098e-06	 1.2970e-04	 1.2995e-04
 5.5824e-01	 1.8161e+00	-5.7602e-06	 1.3574e-04	 1.3586e-04
 4.1645e-01	 1.8538e+00	-3.8779e-06	 1.4053e-04	 1.4058e-04
 2.7535e-01	 1.8799e+00	-2.3349e-06	 1.4393e-04	 1.4395e-04
 1.3617e-01	 1.8951e+00	-1.0495e-06	 1.4590e-04	 1.4591e-04
 0.0000e+00	 1.9000e+00	 0.0000e+00	 1.4658e-04	 1.4658e-04
 1.9750e+00	 0.0000e+00	-6.5590e-05	 0.0000e+00	 6.5590e-05
 1.9699e+00	 1.4155e-01	-6.5170e-05	 7.0518e-06	 6.5551e-05
 1.9542e+00	 2.8622e-01	-6.3878e-05	 1.4406e-05	 6.5482e-05
 1.9270e+00	 4.3289e-01	-6.1632e-05	 2.2115e-05	 6.5480e-05
 1.8878e+00	 5.8028e-01	-5.8478e-05	 3.0232e-05	 6.5831e-05
 1.8363e+00	 7.2699e-01	-5.4582e-05	 3.8788e-05	 6.6961e-05
 1.7723e+00	 8.7150e-01	-5.0070e-05	 4.7809e-05	 6.9229e-05
 1.6959e+00	 1.0123e+00	-4.5018e-05	 5.7203e-05	 7.2793e-05
 1.6073e+00	 1.1477e+00	-3.9639e-05	 6.6927e-05	 7.7785e-05
 1.5072e+00	 1.2763e+00	-3.4235e-05	 7.6934e-05	 8.4208e-05
 1.3965e+00	 1.3965e+00	-2.8894e-05	 8.7069e-05	 9.1738e-05
 1.2763e+00	 1.5072e+00	-2.3686e-05	 9.7122e-05	 9.9968e-05
 1.1477e+00	 1.6073e+00	-1.8981e-05	 1.0681e-04	 1.0848e-04
 1.0123e+00	 1.6959e+00	-1.4983e-05	 1.1583e-04	 1.1680e-04
 8.7150e-01	 1.7723e+00	-1.1520e-05	 1.2401e-04	 1.2455e-04
 7.2699e-01	 1.8363e+00	-8.5161e-06	 1.3122e-04	 1.3150e-04
 5.8028e-01	 1.8878e+00	-6.0746e-06	 1.3732e-04	 1.3746e-04
 4.3289e-01	 1.9270e+00	-4.1272e-06	 1.4214e-04	 1.4220e-04
 2.8622e-01	 1.9542e+00	-2.5051e-06	 1.4555e-04	 1.4557e-04
 1.4155e-01	 1.9699e+00	-1.1246e-06	 1.4752e-04	 1.4752e-04
 0.0000e+00	 1.9750e+00	 0.0000e+00	 1.4817e-04	 1.4817e-04
 2.0500e+00	 0.0000e+00	-6.6429e-05	 0.0000e+00	 6.6429e-05
 2.0447e+00	 1.4692e-01	-6.6005e-05	 7.2078e-06	 6.6398e-05
 2.0284e+00	 2.9708e-01	-6.4734e-05	 1.4725e-05	 6.6387e-05
 2.0002e+00	 4.4932e-01	-6.2509e-05	 2.2583e-05	 6.6463e-05
 1.9595e+00	 6.0231e-01	-5.9361e-05	 3.0831e-05	 6.6890e-05
 1.9061e+00	 7.5459e-01	-5.5460e-05	 3.9531e-05	 6.8107e-05
 1.8396e+00	 9.0460e-01	-5.0962e-05	 4.8717e-05	 7.0501e-05
 1.7603e+00	 1.0507e+00	-4.5932e-05	 5.8270e-05	 7.4196e-05
 1.6683e+00	 1.1913e+00	-4.0549e-05	 6.8144e-05	 7.9296e-05
 1.5645e+00	 1.3247e+00	-3.5114e-05	 7.8240e-05	 8.5758e-05
 1.4496e+00	 1.4496e+00	-2.9735e-05	 8.8438e-05	 9.3303e-05
 1.3247e+00	 1.5645e+00	-2.4495e-05	 9.8594e-05	 1.0159e-04
 1.1913e+00	 1.6683e+00	-1.9753e-05	 1.0835e-04	 1.1013e-04
 1.0507e+00	 1.7603e+00	-1.5676e-05	 1.1739e-04	 1.1843e-04
 9.0460e-01	 1.8396e+00	-1.2089e-05	 1.2558e-04	 1.2616e-04
 7.5459e-01	 1.9061e+00	-8.9457e-06	 1.3282e-04	 1.3312e-04
 6.0231e-01	 1.9595e+00	-6.4088e-06	 1.3895e-04	 1.3910e-04
 4.4932e-01	 2.0002e+00	-4.3982e-06	 1.4377e-04	 1.4384e-04
 2.9708e-01	 2.0284e+00	-2.7017e-06	 1.4716e-04	 1.4718e-04
 1.4692e-01	 2.0447e+00	-1.2229e-06	 1.4910e-04	 1.4911e-04
 0.0000e+00	 2.0500e+00	 0.0000e+00	 1.4973e-04	 1.4973e-04
 2.1250e+00	 0.0000e+00	-6.7226e-05	 0.0000e+00	 6.7226e-05
 2.1195e+00	 1.5230e-01	-6.6797e-05	 7.3823e-06	 6.7204e-05
 2.1026e+00	 3.0795e-01	-6.5550e-05	 1.5079e-05	 6.7262e-05
 2.0733e+00	 4.6576e-01	-6.3359e-05	 2.3098e-05	 6.7438e-05
 2.0312e+00	 6.2435e-01	-6.0235e-05	 3.1486e-05	 6.7968e-05
 1.9758e+00	 7.8220e-01	-5.6340e-05	 4.0333e-05	 6.9289e-05
 1.9069e+00	 9.3769e-01	-5.1855e-05	 4.9675e-05	 7.1809e-05
 1.8247e+00	 1.0891e+00	-4.6860e-05	 5.9402e-05	 7.5660e-05
 1.7294e+00	 1.2349e+00	-4.1480e-05	 6.9442e-05	 8.0887e-05
 1.6217e+00	 1.3732e+00	-3.6015e-05	 7.9634e-05	 8.7400e-05
 1.5026e+00	 1.5026e+00	-3.0596e-05	 8.9903e-05	 9.4967e-05
 1.3732e+00	 1.6217e+00	-2.5325e-05	 1.0016e-04	 1.0331e-04
 1.2349e+00	 1.7294e+00	-2.0550e-05	 1.0997e-04	 1.1187e-04
 1.0891e+00	 1.8247e+00	-1.6396e-05	 1.1901e-04	 1.2013e-04
 9.3769e-01	 1.9069e+00	-1.2678e-05	 1.2719e-04	 1.2782e-04
 7.8220e-01	 1.9758e+00	-9.4021e-06	 1.3447e-04	 1.3480e-04
 6.2435e-01	 2.0312e+00	-6.7671e-06	 1.4063e-04	 1.4079e-04
 4.6576e-01	 2.0733e+00	-4.6902e-06	 1.4543e-04	 1.4551e-04
 3.0795e-01	 2.1026e+00	-2.9190e-06	 1.4877e-04	 1.4880e-04
 1.5230e-01	 2.1195e+00	-1.3392e-06	 1.5069e-04	 1.5069e-04
 0.0000e+00	 2.1250e+00	 0.0000e+00	 1.5130e-04	 1.5130e-04
 2.2000e+00	 0.0000e+00	-6.8002e-05	 0.0000e+00	 6.8002e-05
 2.1943e+00	 1.5767e-01	-6.7571e-05	 7.5688e-06	 6.7994e-05
 2.1768e+00	 3.1882e-01	-6.6346e-05	 1.5454e-05	 6.8122e-05
 2.1465e+00	 4.8220e-01	-6.4196e-05	 2.3644e-05	 6.8412e-05
 2.1029e+00	 6.4639e-01	-6.1113e-05	 3.2183e-05	 6.9069e-05
 2.0455e+00	 8.0981e-01	-5.7231e-05	 4.1184e-05	 7.0509e-05
 1.9742e+00	 9.7079e-01	-5.2745e-05	 5.0671e-05	 7.3141e-05
 1.8891e+00	 1.1276e+00	-4.7768e-05	 6.0562e-05	 7.7133e-05
 1.7904e+00	 1.2784e+00	-4.2402e-05	 7.0779e-05	 8.2508e-05
 1.6790e+00	 1.4217e+00	-3.6913e-05	 8.1071e-05	 8.9079e-05
 1.5556e+00	 1.5556e+00	-3.1450e-05	 9.1405e-05	 9.6664e-05
 1.4217e+00	 1.6790e+00	-2.6152e-05	 1.0178e-04	 1.0508e-04
 1.2784e+00	 1.7904e+00	-2.1349e-05	 1.1162e-04	 1.1364e-04
 1.1276e+00	 1.8891e+00	-1.7121e-05	 1.2062e-04	 1.2183e-04
 9.7079e-01	 1.9742e+00	-1.3282e-05	 1.2884e-04	 1.2952e-04
 8.0981e-01	 2.0455e+00	-9.8897e-06	 1.3618e-04	 1.3654e-04
 6.4639e-01	 2.1029e+00	-7.1570e-06	 1.4236e-04	 1.4254e-04
 4.8220e-01	 2.1465e+00	-5.0053e-06	 1.4712e-04	 1.4720e-04
 3.1882e-01	 2.1768e+00	-3.1518e-06	 1.5040e-04	 1.5044e-04
 1.5767e-01	 2.1943e+00	-1.4676e-06	 1.5229e-04	 1.5230e-04
 0.0000e+00	 2.2000e+00	 0.0000e+00	 1.5289e-04	 1.5289e-04
 2.2750e+00	 0.0000e+00	-6.8780e-05	 0.0000e+00	 6.8780e-05
 2.2691e+00	 1.6305e-01	-6.8350e-05	 7.7607e-06	 6.8790e-05
 2.2510e+00	 3.2969e-01	-6.7136e-05	 1.5835e-05	 6.8978e-05
 2.2197e+00	 4.9864e-01	-6.5028e-05	 2.4207e-05	 6.9388e-05
 2.1746e+00	 6.6842e-01	-6.1998e-05	 3.2916e-05	 7.0194e-05
 2.1153e+00	 8.3742e-01	-5.8140e-05	 4.2080e-05	 7.1771e-05
 2.0415e+00	 1.0039e+00	-5.3644e-05	 5.1707e-05	 7.4506e-05
 1.9535e+00	 1.1660e+00	-4.8653e-05	 6.1733e-05	 7.8601e-05
 1.8515e+00	 1.3220e+00	-4.3304e-05	 7.2120e-05	 8.4122e-05
 1.7362e+00	 1.4701e+00	-3.7804e-05	 8.2519e-05	 9.0766e-05
 1.6087e+00	 1.6087e+00	-3.2298e-05	 9.2908e-05	 9.8362e-05
 1.4701e+00	 1.7362e+00	-2.6976e-05	 1.0340e-04	 1.0686e-04
 1.3220e+00	 1.8515e+00	-2.2145e-05	 1.1325e-04	 1.1540e-04
 1.1660e+00	 1.9535e+00	-1.7846e-05	 1.2223e-04	 1.2352e-04
 1.0039e+00	 2.0415e+00	-1.3906e-05	 1.3054e-04	 1.3128e-04
 8.3742e-01	 2.1153e+00	-1.0415e-05	 1.3796e-04	 1.3835e-04
 6.6842e-01	 2.1746e+00	-7.5884e-06	 1.4413e-04	 1.4433e-04
 4.9864e-01	 2.2197e+00	-5.3479e-06	 1.4881e-04	 1.4891e-04
 3.2969e-01	 2.2510e+00	-3.3958e-06	 1.5204e-04	 1.5208e-04
 1.6305e-01	 2.2691e+00	-1.6018e-06	 1.5393e-04	 1.5394e-04
 0.0000e+00	 2.2750e+00	 0.0000e+00	 1.5454e-04	 1.5454e-04
 2.3500e+00	 0.0000e+00	-6.9604e-05	 0.0000e+00	 6.9604e-05
 2.3440e+00	 1.6842e-01	-6.9179e-05	 7.9568e-06	 6.9635e-05
 2.3252e+00	 3.4056e-01	-6.7955e-05	 1.6218e-05	 6.9863e-05
 2.2929e+00	 5.1508e-01	-6.5867e-05	 2.4780e-05	 7.0374e-05
 2.2463e+00	 6.9046e-01	-6.2894e-05	 3.3680e-05	 7.1344e-05
 2.1850e+00	 8.6502e-01	-5.9078e-05	 4.3027e-05	 7.3086e-05
 2.1088e+00	 1.0370e+00	-5.4572e-05	 5.2796e-05	 7.5931e-05
 2.0179e+00	 1.2045e+00	-4.9550e-05	 6.2936e-05	 8.0101e-05
 1.9125e+00	 1.3656e+00	-4.4198e-05	 7.3464e-05	 8.5735e-05
 1.7934e+00	 1.5186e+00	-3.8703e-05	 8.3979e-05	 9.2468e-05
 1.6617e+00	 1.6617e+00	-3.3166e-05	 9.4434e-05	 1.0009e-04
 1.5186e+00	 1.7934e+00	-2.7815e-05	 1.0503e-04	 1.0865e-04
 1.3656e+00	 1.9125e+00	-2.2956e-05	 1.1487e-04	 1.1714e-04
 1.2045e+00	 2.0179e+00	-1.8585e-05	 1.2389e-04	 1.2528e-04
 1.0370e+00	 2.1088e+00	-1.4556e-05	 1.3234e-04	 1.3314e-04
 8.6502e-01	 2.1850e+00	-1.0985e-05	 1.3982e-04	 1.4025e-04
 6.9046e-01	 2.2463e+00	-8.0736e-06	 1.4592e-04	 1.4614e-04
 5.1508e-01	 2.2929e+00	-5.7243e-06	 1.5052e-04	 1.5063e-04
 3.4056e-01	 2.3252e+00	-3.6496e-06	 1.5375e-04	 1.5379e-04
 1.6842e-01	 2.3440e+00	-1.7390e-06	 1.5568e-04	 1.5569e-04
 0.0000e+00	 2.3500e+00	 0.0000e+00	 1.5633e-04	 1.5633e-04
 2.4250e+00	 0.0000e+00	-7.0535e-05	 0.0000e+00	 7.0535e-05
 2.4188e+00	 1.7380e-01	-7.0115e-05	 8.1614e-06	 7.0588e-05
 2.3994e+00	 3.5143e-01	-6.8866e-05	 1.6615e-05	 7.0842e-05
 2.3660e+00	 5.3152e-01	-6.6772e-05	 2.5382e-05	 7.1434e-05
 2.3180e+00	 7.1249e-01	-6.3830e-05	 3.4492e-05	 7.2553e-05
 2.2547e+00	 8.9263e-01	-6.0059e-05	 4.4039e-05	 7.4476e-05
 2.1761e+00	 1.0701e+00	-5.5562e-05	 5.3972e-05	 7.7461e-05
 2.0823e+00	 1.2429e+00	-5.0506e-05	 6.4222e-05	 8.1703e-05
 1.9735e+00	 1.4092e+00	-4.5134e-05	 7.4876e-05	 8.7427e-05
 1.8507e+00	 1.5671e+00	-3.9644e-05	 8.5514e-05	 9.4257e-05
 1.7147e+00	 1.7147e+00	-3.4086e-05	 9.6062e-05	 1.0193e-04
 1.5671e+00	 1.8507e+00	-2.8704e-05	 1.0673e-04	 1.1052e-04
 1.4092e+00	 1.9735e+00	-2.3809e-05	 1.1659e-04	 1.1900e-04
 1.2429e+00	 2.0823e+00	-1.9358e-05	 1.2572e-04	 1.2720e-04
 1.0701e+00	 2.1761e+00	-1.5244e-05	 1.3432e-04	 1.3519e-04
 8.9263e-01	 2.2547e+00	-1.1611e-05	 1.4179e-04	 1.4227e-04
 7.1249e-01	 2.3180e+00	-8.6178e-06	 1.4781e-04	 1.4806e-04
 5.3152e-01	 2.3660e+00	-6.1350e-06	 1.5239e-04	 1.5251e-04
 3.5143e-01	 2.3994e+00	-3.9145e-06	 1.5567e-04	 1.5571e-04
 1.7380e-01	 2.4188e+00	-1.8789e-06	 1.5767e-04	 1.5768e-04
 0.0000e+00	 2.4250e+00	 0.0000e+00	 1.5836e-04	 1.5836e-04
 2.5000e+00	 0.0000e+00	-7.1631e-05	 0.0000e+00	 7.1631e-05
 2.4936e+00	 1.7917e-01	-7.1217e-05	 8.3804e-06	 7.1708e-05
 2.4736e+00	 3.6230e-01	-6.9935e-05	 1.7046e-05	 7.1983e-05
 2.4392e+00	 5.4796e-01	-6.7820e-05	 2.6041e-05	 7.2648e-05
 2.3897e+00	 7.3453e-01	-6.4883e-05	 3.5385e-05	 7.3904e-05
 2.3245e+00	 9.2024e-01	-6.1136e-05	 4.5154e-05	 7.6003e-05
 2.2434e+00	 1.1032e+00	-5.6656e-05	 5.5285e-05	 7.9160e-05
 2.1467e+00	 1.2813e+00	-5.1576e-05	 6.5672e-05	 8.3504e-05
 2.0346e+00	 1.4528e+00	-4.6172e-05	 7.6468e-05	 8.9327e-05
 1.9079e+00	 1.6155e+00	-4.0671e-05	 8.7255e-05	 9.6268e-05
 1.7678e+00	 1.7678e+00	-3.5097e-05	 9.7930e-05	 1.0403e-04
 1.6155e+00	 1.9079e+00	-2.9680e-05	 1.0866e-04	 1.1264e-04
 1.4528e+00	 2.0346e+00	-2.4730e-05	 1.1859e-04	 1.2114e-04
 1.2813e+00	 2.1467e+00	-2.0185e-05	 1.2786e-04	 1.2944e-04
 1.1032e+00	 2.2434e+00	-1.5983e-05	 1.3659e-04	 1.3752e-04
 9.2024e-01	 2.3245e+00	-1.2293e-05	 1.4401e-04	 1.4454e-04
 7.3453e-01	 2.3897e+00	-9.2125e-06	 1.4998e-04	 1.5027e-04
 5.4796e-01	 2.4392e+00	-6.5765e-06	 1.5460e-04	 1.5474e-04
 3.6230e-01	 2.4736e+00	-4.1911e-06	 1.5795e-04	 1.5800e-04
 1.7917e-01	 2.4936e+00	-2.0211e-06	 1.6002e-04	 1.6003e-04
 0.0000e+00	 2.5000e+00	 0.0000e+00	 1.6072e-04	 1.6072e-04
-5.4767e-05	 1.3718e-04	 5.6897e-07	 3.1533e+01	 1.1162e+00	0.0
-5.5807e-05	 1.3444e-04	-2.4411e-05	 3.0771e+01	 3.7796e-01	0.0
-5.3043e-05	 1.2870e-04	-4.9113e-05	 2.9903e+01	 7.0175e-02	0.0
-4.6990e-05	 1.1999e-04	-7.1371e-05	 2.8848e+01	 7.2070e-02	0.0
-3.8409e-05	 1.0832e-04	-8.9138e-05	 2.7452e+01	 2.4574e-01	0.0
-2.8289e-05	 9.3724e-05	-1.0064e-04	 2.5493e+01	 4.2966e-01	0.0
-1.7793e-05	 7.7051e-05	-1.0449e-04	 2.2918e+01	 5.5685e-01	0.0
-8.1001e-06	 6.0120e-05	-1.0071e-04	 1.9942e+01	 6.6613e-01	0.0
-2.5085e-07	 4.4413e-05	-9.0746e-05	 1.6761e+01	 7.3393e-01	0.0
 4.9508e-06	 3.1333e-05	-7.6673e-05	 1.3611e+01	 7.6260e-01	0.0
 7.0838e-06	 2.1766e-05	-6.0480e-05	 1.0645e+01	 7.8332e-01	0.0
-4.0178e-05	 1.1399e-04	-1.6688e-06	 2.6837e+01	 2.4052e+00	0.0
-4.0511e-05	 1.1187e-04	-1.7937e-05	 2.6291e+01	 1.9780e+00	0.0
-3.8761e-05	 1.0786e-04	-3.4735e-05	 2.5625e+01	 1.7484e+00	0.0
-3.5134e-05	 1.0195e-04	-5.0571e-05	 2.4811e+01	 1.6579e+00	0.0
-3.0041e-05	 9.4048e-05	-6.3917e-05	 2.3737e+01	 1.6189e+00	0.0
-2.4068e-05	 8.3941e-05	-7.3225e-05	 2.2198e+01	 1.5207e+00	0.0
-1.7927e-05	 7.2037e-05	-7.7048e-05	 2.0103e+01	 1.3331e+00	0.0
-1.2336e-05	 5.9405e-05	-7.5653e-05	 1.7584e+01	 1.0627e+00	0.0
-7.8634e-06	 4.7342e-05	-7.0346e-05	 1.4905e+01	 7.3484e-01	0.0
-4.8557e-06	 3.7092e-05	-6.2938e-05	 1.2378e+01	 3.9256e-01	0.0
-3.4055e-06	 2.9257e-05	-5.5175e-05	 1.0201e+01	 4.0476e-02	0.0
-3.1584e-05	 9.6594e-05	-2.4107e-06	 2.3034e+01	 2.7195e+00	0.0
-3.1484e-05	 9.4967e-05	-1.1966e-05	 2.2638e+01	 2.5110e+00	0.0
-3.0562e-05	 9.2295e-05	-2.2441e-05	 2.2123e+01	 2.3327e+00	0.0
-2.8653e-05	 8.8606e-05	-3.3088e-05	 2.1529e+01	 2.2221e+00	0.0
-2.5752e-05	 8.3842e-05	-4.3055e-05	 2.0836e+01	 2.1771e+00	0.0
-2.2405e-05	 7.7610e-05	-5.0820e-05	 1.9824e+01	 2.0463e+00	0.0
-1.9125e-05	 6.9570e-05	-5.4877e-05	 1.8256e+01	 1.7282e+00	0.0
-1.6323e-05	 6.0438e-05	-5.5423e-05	 1.6239e+01	 1.2366e+00	0.0
-1.4218e-05	 5.1374e-05	-5.3629e-05	 1.4072e+01	 6.4681e-01	0.0
-1.2794e-05	 4.3603e-05	-5.1148e-05	 1.2135e+01	 7.0184e-02	0.0
-1.1853e-05	 3.6931e-05	-4.8800e-05	 1.0434e+01	-4.9979e-01	0.0
-2.4891e-05	 8.3957e-05	-2.2333e-06	 2.0326e+01	 3.0739e+00	0.0
-2.4582e-05	 8.2771e-05	-6.9747e-06	 2.0049e+01	 3.0021e+00	0.0
-2.4551e-05	 8.1120e-05	-1.2655e-05	 1.9637e+01	 2.7728e+00	0.0
-2.4458e-05	 7.9091e-05	-1.9074e-05	 1.9164e+01	 2.4792e+00	0.0
-2.4025e-05	 7.6742e-05	-2.5960e-05	 1.8687e+01	 2.1974e+00	0.0
-2.3042e-05	 7.3458e-05	-3.2388e-05	 1.8051e+01	 1.9214e+00	0.0
-2.1495e-05	 6.8483e-05	-3.7069e-05	 1.7018e+01	 1.5970e+00	0.0
-2.0238e-05	 6.2213e-05	-3.9420e-05	 1.5555e+01	 1.0734e+00	0.0
-1.9532e-05	 5.5639e-05	-4.0355e-05	 1.3912e+01	 3.9215e-01	0.0
-1.9083e-05	 4.9667e-05	-4.1338e-05	 1.2414e+01	-2.9798e-01	0.0
-1.8530e-05	 4.3717e-05	-4.2644e-05	 1.0967e+01	-9.8914e-01	0.0
-1.9463e-05	 7.4960e-05	-1.5279e-06	 1.8475e+01	 3.5104e+00	0.0
-1.9071e-05	 7.4171e-05	-3.0537e-06	 1.8306e+01	 3.5224e+00	0.0
-1.9675e-05	 7.3270e-05	-5.3453e-06	 1.7992e+01	 3.2395e+00	0.0
-2.0848e-05	 7.2399e-05	-8.6495e-06	 1.7631e+01	 2.7913e+00	0.0
-2.2190e-05	 7.1751e-05	-1.3187e-05	 1.7333e+01	 2.3007e+00	0.0
-2.3344e-05	 7.0386e-05	-1.8363e-05	 1.6885e+01	 1.7504e+00	0.0
-2.4068e-05	 6.7673e-05	-2.3287e-05	 1.6136e+01	 1.1378e+00	0.0
-2.4121e-05	 6.3775e-05	-2.7290e-05	 1.5146e+01	 5.6257e-01	0.0
-2.3891e-05	 5.9284e-05	-3.0356e-05	 1.4026e+01	-4.7679e-03	0.0
-2.3879e-05	 5.4325e-05	-3.3571e-05	 1.2774e+01	-7.1216e-01	0.0
-2.3576e-05	 4.9044e-05	-3.7296e-05	 1.1513e+01	-1.4238e+00	0.0
-1.5302e-05	 6.8628e-05	-6.2033e-07	 1.7213e+01	 3.9126e+00	0.0
-1.4960e-05	 6.8190e-05	-2.0877e-07	 1.7132e+01	 3.9556e+00	0.0
-1.5971e-05	 6.7808e-05	-2.6404e-07	 1.6906e+01	 3.6297e+00	0.0
-1.7910e-05	 6.7668e-05	-1.3584e-06	 1.6637e+01	 3.0746e+00	0.0
-2.0358e-05	 6.8011e-05	-4.0992e-06	 1.6448e+01	 2.4301e+00	0.0
-2.2914e-05	 6.7801e-05	-8.2521e-06	 1.6108e+01	 1.6739e+00	0.0
-2.5219e-05	 6.6628e-05	-1.3221e-05	 1.5554e+01	 8.5006e-01	0.0
-2.6820e-05	 6.4507e-05	-1.8392e-05	 1.4846e+01	 8.3881e-02	0.0
-2.7321e-05	 6.1529e-05	-2.3312e-05	 1.4054e+01	-5.0214e-01	0.0
-2.7307e-05	 5.7373e-05	-2.7871e-05	 1.3019e+01	-1.1080e+00	0.0
-2.7123e-05	 5.2719e-05	-3.2963e-05	 1.1914e+01	-1.7740e+00	0.0
-1.2407e-05	 6.4106e-05	 2.0966e-07	 1.6303e+01	 4.1782e+00	0.0
-1.2258e-05	 6.3963e-05	 1.5452e-06	 1.6282e+01	 4.2013e+00	0.0
-1.3467e-05	 6.3935e-05	 2.7738e-06	 1.6133e+01	 3.8601e+00	0.0
-1.5714e-05	 6.4212e-05	 3.1611e-06	 1.5944e+01	 3.2687e+00	0.0
-1.8676e-05	 6.4994e-05	 1.8355e-06	 1.5805e+01	 2.5437e+00	0.0
-2.2011e-05	 6.5413e-05	-1.3439e-06	 1.5524e+01	 1.6694e+00	0.0
-2.5286e-05	 6.5260e-05	-6.0548e-06	 1.5108e+01	 7.2781e-01	0.0
-2.7857e-05	 6.4432e-05	-1.1761e-05	 1.4616e+01	-1.2659e-01	0.0
-2.9200e-05	 6.2391e-05	-1.8172e-05	 1.3973e+01	-8.2391e-01	0.0
-2.9504e-05	 5.8942e-05	-2.4062e-05	 1.3093e+01	-1.4314e+00	0.0
-2.9340e-05	 5.4865e-05	-2.9584e-05	 1.2127e+01	-2.0154e+00	0.0
-1.0753e-05	 6.0646e-05	 7.2655e-07	 1.5540e+01	 4.2252e+00	0.0
-1.0918e-05	 6.0727e-05	 2.2952e-06	 1.5545e+01	 4.1866e+00	0.0
-1.2159e-05	 6.0973e-05	 4.0081e-06	 1.5472e+01	 3.8658e+00	0.0
-1.4318e-05	 6.1519e-05	 5.2105e-06	 1.5372e+01	 3.3266e+00	0.0
-1.7283e-05	 6.2437e-05	 5.0779e-06	 1.5273e+01	 2.6149e+00	0.0
-2.0886e-05	 6.3157e-05	 2.9740e-06	 1.5036e+01	 1.7101e+00	0.0
-2.4655e-05	 6.3658e-05	-1.0956e-06	 1.4723e+01	 7.2797e-01	0.0
-2.7761e-05	 6.3703e-05	-6.7797e-06	 1.4386e+01	-1.4747e-01	0.0
-2.9630e-05	 6.2284e-05	-1.4114e-05	 1.3836e+01	-8.9978e-01	0.0
-3.0467e-05	 5.9410e-05	-2.1326e-05	 1.3052e+01	-1.5859e+00	0.0
-3.0473e-05	 5.5840e-05	-2.6957e-05	 1.2189e+01	-2.1399e+00	0.0
-1.0234e-05	 5.7827e-05	 8.8067e-07	 1.4820e+01	 4.0340e+00	0.0
-1.0651e-05	 5.8054e-05	 2.6522e-06	 1.4837e+01	 3.9419e+00	0.0
-1.1840e-05	 5.8513e-05	 4.6272e-06	 1.4831e+01	 3.6587e+00	0.0
-1.3750e-05	 5.9290e-05	 6.1046e-06	 1.4828e+01	 3.2132e+00	0.0
-1.6370e-05	 6.0285e-05	 6.4152e-06	 1.4793e+01	 2.6039e+00	0.0
-1.9794e-05	 6.1133e-05	 5.2202e-06	 1.4614e+01	 1.7632e+00	0.0
-2.3729e-05	 6.2026e-05	 2.1994e-06	 1.4382e+01	 7.8906e-01	0.0
-2.7108e-05	 6.2563e-05	-3.1287e-06	 1.4132e+01	-8.6292e-02	0.0
-2.9266e-05	 6.1605e-05	-1.0898e-05	 1.3657e+01	-8.4558e-01	0.0
-3.0443e-05	 5.9239e-05	-1.8796e-05	 1.2964e+01	-1.5562e+00	0.0
-3.0875e-05	 5.6119e-05	-2.4842e-05	 1.2168e+01	-2.1678e+00	0.0
-1.0837e-05	 5.5492e-05	 7.7207e-07	 1.4101e+01	 3.5896e+00	0.0
-1.1410e-05	 5.5808e-05	 2.8002e-06	 1.4124e+01	 3.4638e+00	0.0
-1.2508e-05	 5.6435e-05	 5.0231e-06	 1.4178e+01	 3.2240e+00	0.0
-1.4133e-05	 5.7422e-05	 6.7276e-06	 1.4269e+01	 2.8801e+00	0.0
-1.6320e-05	 5.8512e-05	 7.2834e-06	 1.4314e+01	 2.4003e+00	0.0
-1.9269e-05	 5.9475e-05	 6.4275e-06	 1.4224e+01	 1.7042e+00	0.0
-2.2963e-05	 6.0604e-05	 4.2240e-06	 1.4085e+01	 8.2637e-01	0.0
-2.6470e-05	 6.1288e-05	-5.9828e-07	 1.3850e+01	-5.6609e-02	0.0
-2.8704e-05	 6.0687e-05	-8.3898e-06	 1.3449e+01	-7.7869e-01	0.0
-3.0034e-05	 5.8841e-05	-1.6471e-05	 1.2868e+01	-1.4554e+00	0.0
-3.0860e-05	 5.5971e-05	-2.2934e-05	 1.2089e+01	-2.1418e+00	0.0
-1.2561e-05	 5.3533e-05	 5.2063e-07	 1.3353e+01	 2.8789e+00	0.0
-1.3198e-05	 5.3906e-05	 2.8054e-06	 1.3385e+01	 2.7420e+00	0.0
-1.4239e-05	 5.4663e-05	 5.2300e-06	 1.3482e+01	 2.5323e+00	0.0
-1.5650e-05	 5.5837e-05	 7.0805e-06	 1.3652e+01	 2.2686e+00	0.0
-1.7421e-05	 5.7028e-05	 7.7260e-06	 1.3775e+01	 1.9148e+00	0.0
-1.9818e-05	 5.8122e-05	 7.0451e-06	 1.3788e+01	 1.3866e+00	0.0
-2.3050e-05	 5.9442e-05	 5.3113e-06	 1.3758e+01	 6.5892e-01	0.0
-2.6381e-05	 6.0089e-05	 9.5173e-07	 1.3528e+01	-1.7477e-01	0.0
-2.8451e-05	 5.9784e-05	-6.4961e-06	 1.3216e+01	-8.0363e-01	0.0
-2.9698e-05	 5.8527e-05	-1.4410e-05	 1.2793e+01	-1.3724e+00	0.0
-3.0690e-05	 5.5846e-05	-2.1005e-05	 1.2038e+01	-2.0727e+00	0.0
 7.0838e-06	 2.1766e-05	-6.0480e-05	 1.0645e+01	 7.8332e-01	0.0
 6.1920e-06	 1.5388e-05	-4.2177e-05	 7.6948e+00	 8.5436e-01	0.0
 2.5357e-06	 1.1390e-05	-2.2581e-05	 4.6800e+00	 8.3664e-01	0.0
-3.3931e-06	 9.8668e-06	-4.0562e-06	 2.3809e+00	 1.8363e-01	0.0
-1.0968e-05	 1.0876e-05	 1.0961e-05	 1.9183e+00	-1.9545e+00	0.0
-1.9465e-05	 1.4153e-05	 2.0635e-05	 2.0730e+00	-4.1776e+00	0.0
-2.8040e-05	 1.8868e-05	 2.4083e-05	 2.3610e+00	-5.9945e+00	0.0
-3.5867e-05	 2.3358e-05	 2.1855e-05	 2.5240e+00	-7.4795e+00	0.0
-4.2284e-05	 2.5886e-05	 1.5228e-05	 2.2863e+00	-8.7822e+00	0.0
-4.6759e-05	 2.5004e-05	 5.8265e-06	 1.3954e+00	-1.0014e+01	0.0
-4.8907e-05	 1.9628e-05	-4.5146e-06	-3.5766e-01	-1.1241e+01	0.0
-3.4055e-06	 2.9257e-05	-5.5175e-05	 1.0201e+01	 4.0476e-02	0.0
-3.6219e-06	 2.2569e-05	-4.6265e-05	 7.9652e+00	-4.5930e-01	0.0
-5.4384e-06	 1.6454e-05	-3.4612e-05	 5.4267e+00	-1.0630e+00	0.0
-8.6311e-06	 1.1522e-05	-2.2114e-05	 2.9432e+00	-1.7980e+00	0.0
-1.2862e-05	 8.4663e-06	-1.0953e-05	 1.0290e+00	-2.7702e+00	0.0
-1.7686e-05	 7.6026e-06	-2.8612e-06	 1.9162e-02	-4.0137e+00	0.0
-2.2558e-05	 8.6094e-06	 1.4413e-06	-2.9086e-01	-5.2350e+00	0.0
-2.6845e-05	 1.0252e-05	 2.9018e-06	-3.3839e-01	-6.2348e+00	0.0
-3.0113e-05	 1.1111e-05	 2.6140e-06	-4.9107e-01	-7.0367e+00	0.0
-3.2027e-05	 1.0155e-05	 1.8433e-06	-9.8703e-01	-7.6776e+00	0.0
-3.2327e-05	 6.7474e-06	 1.9796e-06	-1.9669e+00	-8.1666e+00	0.0
-1.1853e-05	 3.6931e-05	-4.8800e-05	 1.0434e+01	-4.9979e-01	0.0
-1.1566e-05	 3.0190e-05	-4.5723e-05	 8.5950e+00	-1.2170e+00	0.0
-1.2026e-05	 2.2949e-05	-4.0200e-05	 6.3853e+00	-2.0582e+00	0.0
-1.3169e-05	 1.6186e-05	-3.2348e-05	 4.0585e+00	-2.8634e+00	0.0
-1.4887e-05	 1.1173e-05	-2.4288e-05	 2.0869e+00	-3.5582e+00	0.0
-1.6949e-05	 8.6427e-06	-1.7709e-05	 8.2049e-01	-4.1111e+00	0.0
-1.9032e-05	 8.3827e-06	-1.3407e-05	 3.0855e-01	-4.5273e+00	0.0
-2.0717e-05	 9.0913e-06	-1.0027e-05	 1.8899e-01	-4.7945e+00	0.0
-2.1786e-05	 9.0177e-06	-6.4649e-06	-3.5380e-02	-5.0230e+00	0.0
-2.2083e-05	 8.0771e-06	-1.7768e-06	-3.8051e-01	-5.1680e+00	0.0
-2.1443e-05	 6.5476e-06	 5.0678e-06	-6.9669e-01	-5.2043e+00	0.0
-1.8530e-05	 4.3717e-05	-4.2644e-05	 1.0967e+01	-9.8914e-01	0.0
-1.7945e-05	 3.7259e-05	-4.3163e-05	 9.3779e+00	-1.7264e+00	0.0
-1.7406e-05	 2.9959e-05	-4.1641e-05	 7.4832e+00	-2.5104e+00	0.0
-1.6993e-05	 2.2981e-05	-3.7300e-05	 5.5178e+00	-3.1459e+00	0.0
-1.6824e-05	 1.8188e-05	-3.1748e-05	 4.0148e+00	-3.4745e+00	0.0
-1.6809e-05	 1.5869e-05	-2.6655e-05	 3.1551e+00	-3.5272e+00	0.0
-1.6772e-05	 1.3855e-05	-2.2735e-05	 2.4442e+00	-3.6001e+00	0.0
-1.6562e-05	 1.1678e-05	-1.8517e-05	 1.7083e+00	-3.6429e+00	0.0
-1.6185e-05	 9.4848e-06	-1.2748e-05	 9.4366e-01	-3.5981e+00	0.0
-1.5631e-05	 7.8886e-06	-4.9621e-06	 3.7093e-01	-3.4380e+00	0.0
-1.4803e-05	 7.6514e-06	 5.4885e-06	 4.1484e-01	-3.2481e+00	0.0
-2.3576e-05	 4.9044e-05	-3.7296e-05	 1.1513e+01	-1.4238e+00	0.0
-2.2844e-05	 4.3128e-05	-4.0219e-05	 1.0139e+01	-2.1041e+00	0.0
-2.1690e-05	 3.6603e-05	-4.0907e-05	 8.5964e+00	-2.6884e+00	0.0
-2.0085e-05	 3.0926e-05	-3.9157e-05	 7.2424e+00	-2.9479e+00	0.0
-1.8512e-05	 2.6254e-05	-3.5954e-05	 6.0828e+00	-3.0156e+00	0.0
-1.6984e-05	 2.1858e-05	-3.2339e-05	 4.9698e+00	-3.0392e+00	0.0
-1.5408e-05	 1.7632e-05	-2.8537e-05	 3.8995e+00	-3.0186e+00	0.0
-1.3827e-05	 1.3421e-05	-2.3751e-05	 2.7835e+00	-2.9442e+00	0.0
-1.2546e-05	 9.7708e-06	-1.6748e-05	 1.6610e+00	-2.7603e+00	0.0
-1.1667e-05	 7.6966e-06	-7.5274e-06	 8.5955e-01	-2.4326e+00	0.0
-1.1153e-05	 8.2988e-06	 4.1755e-06	 1.0110e+00	-2.1415e+00	0.0
-2.7123e-05	 5.2719e-05	-3.2963e-05	 1.1914e+01	-1.7740e+00	0.0
-2.6336e-05	 4.7524e-05	-3.7312e-05	 1.0753e+01	-2.3595e+00	0.0
-2.4816e-05	 4.2281e-05	-3.9501e-05	 9.6284e+00	-2.7096e+00	0.0
-2.2426e-05	 3.6901e-05	-3.9982e-05	 8.5355e+00	-2.8011e+00	0.0
-1.9874e-05	 3.1066e-05	-3.8699e-05	 7.2855e+00	-2.8517e+00	0.0
-1.7322e-05	 2.5340e-05	-3.6004e-05	 6.0112e+00	-2.8348e+00	0.0
-1.4702e-05	 1.9811e-05	-3.2062e-05	 4.7445e+00	-2.7203e+00	0.0
-1.2143e-05	 1.4447e-05	-2.6628e-05	 3.4377e+00	-2.5253e+00	0.0
-1.0316e-05	 9.9617e-06	-1.8920e-05	 2.1272e+00	-2.2675e+00	0.0
-9.4186e-06	 7.5700e-06	-9.3259e-06	 1.1693e+00	-1.9017e+00	0.0
-9.4577e-06	 8.4891e-06	 2.0089e-06	 1.2389e+00	-1.6227e+00	0.0
-2.9340e-05	 5.4865e-05	-2.9584e-05	 1.2127e+01	-2.0154e+00	0.0
-2.8554e-05	 5.0483e-05	-3.4511e-05	 1.1177e+01	-2.4896e+00	0.0
-2.6809e-05	 4.5627e-05	-3.8287e-05	 1.0219e+01	-2.7640e+00	0.0
-2.4033e-05	 3.9800e-05	-4.0626e-05	 9.1181e+00	-2.8719e+00	0.0
-2.0870e-05	 3.3347e-05	-4.0497e-05	 7.8331e+00	-2.8903e+00	0.0
-1.7698e-05	 2.6887e-05	-3.8289e-05	 6.4765e+00	-2.8363e+00	0.0
-1.4448e-05	 2.0693e-05	-3.4077e-05	 5.1153e+00	-2.6414e+00	0.0
-1.1254e-05	 1.4872e-05	-2.7889e-05	 3.7444e+00	-2.3111e+00	0.0
-9.0982e-06	 1.0125e-05	-1.9689e-05	 2.3835e+00	-1.9768e+00	0.0
-8.2853e-06	 7.5707e-06	-1.0247e-05	 1.3542e+00	-1.6373e+00	0.0
-8.8526e-06	 8.2219e-06	-1.8018e-07	 1.2280e+00	-1.4778e+00	0.0
-3.0473e-05	 5.5840e-05	-2.6957e-05	 1.2189e+01	-2.1399e+00	0.0
-2.9733e-05	 5.1904e-05	-3.2083e-05	 1.1341e+01	-2.5584e+00	0.0
-2.7856e-05	 4.6783e-05	-3.7320e-05	 1.0361e+01	-2.8626e+00	0.0
-2.4910e-05	 4.0707e-05	-4.1008e-05	 9.2597e+00	-3.0016e+00	0.0
-2.1482e-05	 3.3958e-05	-4.1530e-05	 7.9595e+00	-3.0171e+00	0.0
-1.8021e-05	 2.7114e-05	-3.9496e-05	 6.5530e+00	-2.9509e+00	0.0
-1.4478e-05	 2.0623e-05	-3.4994e-05	 5.1443e+00	-2.7099e+00	0.0
-1.0970e-05	 1.4823e-05	-2.8104e-05	 3.7857e+00	-2.2589e+00	0.0
-8.6139e-06	 1.0414e-05	-1.9477e-05	 2.5139e+00	-1.8008e+00	0.0
-7.8096e-06	 7.9679e-06	-1.0285e-05	 1.5236e+00	-1.4609e+00	0.0
-8.6135e-06	 7.9077e-06	-1.6308e-06	 1.1756e+00	-1.4552e+00	0.0
-3.0875e-05	 5.6119e-05	-2.4842e-05	 1.2168e+01	-2.1678e+00	0.0
-3.0200e-05	 5.2044e-05	-3.0251e-05	 1.1270e+01	-2.6164e+00	0.0
-2.8201e-05	 4.6829e-05	-3.6267e-05	 1.0292e+01	-2.9130e+00	0.0
-2.5166e-05	 4.0678e-05	-4.0816e-05	 9.2104e+00	-3.0654e+00	0.0
-2.1730e-05	 3.3773e-05	-4.1754e-05	 7.8884e+00	-3.1176e+00	0.0
-1.8234e-05	 2.6677e-05	-3.9668e-05	 6.4200e+00	-3.0752e+00	0.0
-1.4655e-05	 2.0412e-05	-3.4983e-05	 5.0647e+00	-2.7842e+00	0.0
-1.1116e-05	 1.5487e-05	-2.7770e-05	 3.9128e+00	-2.1810e+00	0.0
-8.6439e-06	 1.1976e-05	-1.8909e-05	 2.8766e+00	-1.5567e+00	0.0
-7.7096e-06	 9.9313e-06	-9.8733e-06	 2.0418e+00	-1.1617e+00	0.0
-8.3742e-06	 9.3596e-06	-2.1591e-06	 1.6106e+00	-1.2203e+00	0.0
-3.0860e-05	 5.5971e-05	-2.2934e-05	 1.2089e+01	-2.1418e+00	0.0
-3.0284e-05	 5.1797e-05	-2.8643e-05	 1.1149e+01	-2.6268e+00	0.0
-2.8086e-05	 4.6700e-05	-3.4855e-05	 1.0224e+01	-2.8502e+00	0.0
-2.4990e-05	 4.0671e-05	-3.9811e-05	 9.1900e+00	-2.9778e+00	0.0
-2.1686e-05	 3.3711e-05	-4.0977e-05	 7.8412e+00	-3.0777e+00	0.0
-1.8302e-05	 2.7128e-05	-3.8663e-05	 6.4748e+00	-2.9782e+00	0.0
-1.4823e-05	 2.1814e-05	-3.4054e-05	 5.3479e+00	-2.5784e+00	0.0
-1.1454e-05	 1.7869e-05	-2.6971e-05	 4.4273e+00	-1.8859e+00	0.0
-8.9708e-06	 1.5221e-05	-1.8138e-05	 3.6336e+00	-1.1576e+00	0.0
-7.8220e-06	 1.3629e-05	-9.2379e-06	 3.0008e+00	-7.0020e-01	0.0
-8.0553e-06	 1.2793e-05	-2.0478e-06	 2.5981e+00	-7.2138e-01	0.0
-3.0690e-05	 5.5846e-05	-2.1005e-05	 1.2038e+01	-2.0727e+00	0.0
-3.0233e-05	 5.1879e-05	-2.6877e-05	 1.1133e+01	-2.5578e+00	0.0
-2.7694e-05	 4.7183e-05	-3.2862e-05	 1.0339e+01	-2.6185e+00	0.0
-2.4542e-05	 4.1544e-05	-3.7791e-05	 9.3994e+00	-2.6639e+00	0.0
-2.1423e-05	 3.5200e-05	-3.8723e-05	 8.1639e+00	-2.7062e+00	0.0
-1.8159e-05	 2.9601e-05	-3.6309e-05	 7.0199e+00	-2.4869e+00	0.0
-1.4832e-05	 2.5332e-05	-3.2043e-05	 6.1505e+00	-1.9912e+00	0.0
-1.1746e-05	 2.2267e-05	-2.5502e-05	 5.4522e+00	-1.2842e+00	0.0
-9.3860e-06	 2.0285e-05	-1.7086e-05	 4.8717e+00	-5.5388e-01	0.0
-8.0100e-06	 1.9067e-05	-8.4830e-06	 4.4382e+00	-5.8078e-02	0.0
-7.6423e-06	 1.8207e-05	-1.6096e-06	 4.1447e+00	 4.0628e-02	0.0
-1.2561e-05	 5.3533e-05	 5.2063e-07	 1.3353e+01	 2.8789e+00	0.0
-1.3198e-05	 5.3906e-05	 2.8054e-06	 1.3385e+01	 2.7420e+00	0.0
-1.4239e-05	 5.4663e-05	 5.2300e-06	 1.3482e+01	 2.5323e+00	0.0
-1.5650e-05	 5.5837e-05	 7.0805e-06	 1.3652e+01	 2.2686e+00	0.0
-1.7421e-05	 5.7028e-05	 7.7260e-06	 1.3775e+01	 1.9148e+00	0.0
-1.9818e-05	 5.8122e-05	 7.0451e-06	 1.3788e+01	 1.3866e+00	0.0
-2.3050e-05	 5.9442e-05	 5.3113e-06	 1.3758e+01	 6.5892e-01	0.0
-2.6381e-05	 6.0089e-05	 9.5173e-07	 1.3528e+01	-1.7477e-01	0.0
-2.8451e-05	 5.9784e-05	-6.4961e-06	 1.3216e+01	-8.0363e-01	0.0
-2.9698e-05	 5.8527e-05	-1.4410e-05	 1.2793e+01	-1.3724e+00	0.0
-3.0690e-05	 5.5846e-05	-2.1005e-05	 1.2038e+01	-2.0727e+00	0.0
-1.3540e-05	 5.1887e-05	 2.6271e-07	 1.2779e+01	 2.4118e+00	0.0
-1.4175e-05	 5.2311e-05	 2.8795e-06	 1.2827e+01	 2.2813e+00	0.0
-1.5376e-05	 5.3168e-05	 5.5735e-06	 1.2934e+01	 2.0371e+00	0.0
-1.6921e-05	 5.4494e-05	 7.5835e-06	 1.3133e+01	 1.7524e+00	0.0
-1.8609e-05	 5.5797e-05	 8.2225e-06	 1.3297e+01	 1.4350e+00	0.0
-2.0679e-05	 5.7054e-05	 7.5423e-06	 1.3393e+01	 1.0174e+00	0.0
-2.3581e-05	 5.8492e-05	 5.9172e-06	 1.3435e+01	 3.9545e-01	0.0
-2.6710e-05	 5.9145e-05	 1.9533e-06	 1.3229e+01	-3.7960e-01	0.0
-2.8657e-05	 5.9127e-05	-4.8798e-06	 1.3001e+01	-9.3040e-01	0.0
-2.9666e-05	 5.8313e-05	-1.2694e-05	 1.2717e+01	-1.3686e+00	0.0
-3.0624e-05	 5.5899e-05	-1.9193e-05	 1.2028e+01	-2.0156e+00	0.0
-1.2499e-05	 5.0552e-05	 1.4735e-07	 1.2533e+01	 2.5417e+00	0.0
-1.3003e-05	 5.1054e-05	 3.1225e-06	 1.2618e+01	 2.4556e+00	0.0
-1.4441e-05	 5.1971e-05	 6.2020e-06	 1.2719e+01	 2.1490e+00	0.0
-1.6543e-05	 5.3377e-05	 8.4700e-06	 1.2876e+01	 1.7155e+00	0.0
-1.8753e-05	 5.4787e-05	 9.0671e-06	 1.3008e+01	 1.2666e+00	0.0
-2.0972e-05	 5.6249e-05	 8.2361e-06	 1.3141e+01	 8.3454e-01	0.0
-2.3860e-05	 5.7755e-05	 6.4404e-06	 1.3200e+01	 2.2731e-01	0.0
-2.6956e-05	 5.8463e-05	 2.7441e-06	 1.3012e+01	-5.3046e-01	0.0
-2.8964e-05	 5.8779e-05	-3.5031e-06	 1.2863e+01	-1.0519e+00	0.0
-2.9837e-05	 5.8147e-05	-1.1130e-05	 1.2634e+01	-1.4190e+00	0.0
-3.0693e-05	 5.6014e-05	-1.7648e-05	 1.2026e+01	-1.9953e+00	0.0
-1.1544e-05	 4.9501e-05	 1.9166e-07	 1.2355e+01	 2.6818e+00	0.0
-1.1914e-05	 5.0108e-05	 3.3181e-06	 1.2486e+01	 2.6443e+00	0.0
-1.3371e-05	 5.1041e-05	 6.6470e-06	 1.2592e+01	 2.3312e+00	0.0
-1.5615e-05	 5.2414e-05	 9.2019e-06	 1.2728e+01	 1.8499e+00	0.0
-1.8159e-05	 5.3884e-05	 9.8754e-06	 1.2838e+01	 1.3149e+00	0.0
-2.0801e-05	 5.5581e-05	 8.8191e-06	 1.2981e+01	 7.9710e-01	0.0
-2.3851e-05	 5.7118e-05	 6.7530e-06	 1.3027e+01	 1.5184e-01	0.0
-2.6999e-05	 5.7925e-05	 3.2738e-06	 1.2859e+01	-6.0772e-01	0.0
-2.9054e-05	 5.8533e-05	-2.4672e-06	 1.2782e+01	-1.1032e+00	0.0
-2.9948e-05	 5.7903e-05	-9.5794e-06	 1.2539e+01	-1.4645e+00	0.0
-3.0671e-05	 5.6099e-05	-1.6231e-05	 1.2031e+01	-1.9573e+00	0.0
-1.0859e-05	 4.8684e-05	 3.1960e-07	 1.2210e+01	 2.7746e+00	0.0
-1.1163e-05	 4.9396e-05	 3.4221e-06	 1.2379e+01	 2.7673e+00	0.0
-1.2625e-05	 5.0304e-05	 6.8183e-06	 1.2479e+01	 2.4484e+00	0.0
-1.4983e-05	 5.1557e-05	 9.5256e-06	 1.2570e+01	 1.9186e+00	0.0
-1.7700e-05	 5.3026e-05	 1.0306e-05	 1.2660e+01	 1.3346e+00	0.0
-2.0399e-05	 5.4934e-05	 9.1269e-06	 1.2853e+01	 8.2832e-01	0.0
-2.3478e-05	 5.6481e-05	 6.8112e-06	 1.2895e+01	 1.7908e-01	0.0
-2.6721e-05	 5.7427e-05	 3.5421e-06	 1.2755e+01	-5.9072e-01	0.0
-2.8817e-05	 5.8122e-05	-1.6589e-06	 1.2694e+01	-1.0848e+00	0.0
-2.9716e-05	 5.7433e-05	-8.2745e-06	 1.2426e+01	-1.4458e+00	0.0
-3.0372e-05	 5.5996e-05	-1.4911e-05	 1.2020e+01	-1.8689e+00	0.0
-1.0444e-05	 4.8053e-05	 4.5663e-07	 1.2085e+01	 2.8147e+00	0.0
-1.0738e-05	 4.8843e-05	 3.4273e-06	 1.2276e+01	 2.8191e+00	0.0
-1.2154e-05	 4.9692e-05	 6.7401e-06	 1.2365e+01	 2.5064e+00	0.0
-1.4563e-05	 5.0783e-05	 9.4954e-06	 1.2406e+01	 1.9424e+00	0.0
-1.7423e-05	 5.2223e-05	 1.0410e-05	 1.2473e+01	 1.3139e+00	0.0
-2.0147e-05	 5.4250e-05	 9.2488e-06	 1.2695e+01	 8.1502e-01	0.0
-2.2873e-05	 5.5773e-05	 6.7275e-06	 1.2771e+01	 2.6271e-01	0.0
-2.6039e-05	 5.6883e-05	 3.5441e-06	 1.2686e+01	-4.6637e-01	0.0
-2.8259e-05	 5.7486e-05	-1.1176e-06	 1.2583e+01	-1.0051e+00	0.0
-2.9200e-05	 5.6662e-05	-7.2653e-06	 1.2267e+01	-1.3875e+00	0.0
-2.9747e-05	 5.5505e-05	-1.3818e-05	 1.1945e+01	-1.7405e+00	0.0
-1.0299e-05	 4.7572e-05	 5.3108e-07	 1.1968e+01	 2.7977e+00	0.0
-1.0627e-05	 4.8377e-05	 3.3430e-06	 1.2160e+01	 2.7950e+00	0.0
-1.1907e-05	 4.9152e-05	 6.4543e-06	 1.2242e+01	 2.5127e+00	0.0
-1.4274e-05	 5.0095e-05	 9.1793e-06	 1.2247e+01	 1.9435e+00	0.0
-1.7243e-05	 5.1506e-05	 1.0278e-05	 1.2294e+01	 1.2790e+00	0.0
-2.0016e-05	 5.3570e-05	 9.3070e-06	 1.2523e+01	 7.6943e-01	0.0
-2.2466e-05	 5.5015e-05	 6.7640e-06	 1.2610e+01	 2.8513e-01	0.0
-2.5070e-05	 5.6219e-05	 3.3243e-06	 1.2616e+01	-2.7613e-01	0.0
-2.7479e-05	 5.6666e-05	-9.2216e-07	 1.2449e+01	-8.8599e-01	0.0
-2.8566e-05	 5.5612e-05	-6.5449e-06	 1.2047e+01	-1.3324e+00	0.0
-2.9053e-05	 5.4568e-05	-1.3154e-05	 1.1761e+01	-1.6529e+00	0.0
-1.0552e-05	 4.7209e-05	 4.8045e-07	 1.1837e+01	 2.6842e+00	0.0
-1.0912e-05	 4.7936e-05	 3.2194e-06	 1.2003e+01	 2.6642e+00	0.0
-1.1889e-05	 4.8648e-05	 6.0441e-06	 1.2101e+01	 2.4608e+00	0.0
-1.4039e-05	 4.9513e-05	 8.6516e-06	 1.2108e+01	 1.9449e+00	0.0
-1.7094e-05	 5.0919e-05	 9.9897e-06	 1.2147e+01	 1.2534e+00	0.0
-1.9999e-05	 5.2957e-05	 9.3594e-06	 1.2356e+01	 7.0060e-01	0.0
-2.2331e-05	 5.4295e-05	 6.9662e-06	 1.2428e+01	 2.3526e-01	0.0
-2.4495e-05	 5.5438e-05	 3.2895e-06	 1.2468e+01	-2.0937e-01	0.0
-2.6632e-05	 5.5822e-05	-1.1254e-06	 1.2315e+01	-7.5159e-01	0.0
-2.8008e-05	 5.4427e-05	-6.0441e-06	 1.1782e+01	-1.3161e+00	0.0
-2.8539e-05	 5.3599e-05	-1.2742e-05	 1.1550e+01	-1.6219e+00	0.0
-1.1571e-05	 4.6945e-05	 3.1333e-07	 1.1643e+01	 2.3704e+00	0.0
-1.1944e-05	 4.7516e-05	 3.1641e-06	 1.1764e+01	 2.3283e+00	0.0
-1.2621e-05	 4.8191e-05	 5.7997e-06	 1.1886e+01	 2.2055e+00	0.0
-1.4275e-05	 4.9075e-05	 8.1841e-06	 1.1954e+01	 1.8322e+00	0.0
-1.6991e-05	 5.0519e-05	 9.6177e-06	 1.2044e+01	 1.2384e+00	0.0
-2.0122e-05	 5.2501e-05	 9.4163e-06	 1.2216e+01	 6.1145e-01	0.0
-2.2552e-05	 5.3738e-05	 7.3624e-06	 1.2250e+01	 1.0446e-01	0.0
-2.4485e-05	 5.4802e-05	 3.5742e-06	 1.2293e+01	-2.8333e-01	0.0
-2.6174e-05	 5.5257e-05	-1.2392e-06	 1.2213e+01	-6.9189e-01	0.0
-2.7708e-05	 5.3542e-05	-5.5769e-06	 1.1570e+01	-1.3355e+00	0.0
-2.8339e-05	 5.3167e-05	-1.2175e-05	 1.1447e+01	-1.6115e+00	0.0
-1.3379e-05	 4.6774e-05	 8.0289e-08	 1.1381e+01	 1.8490e+00	0.0
-1.3759e-05	 4.7161e-05	 3.1702e-06	 1.1449e+01	 1.7827e+00	0.0
-1.4250e-05	 4.7845e-05	 5.7580e-06	 1.1595e+01	 1.7135e+00	0.0
-1.5521e-05	 4.8833e-05	 8.0127e-06	 1.1736e+01	 1.4601e+00	0.0
-1.7730e-05	 5.0358e-05	 9.4752e-06	 1.1910e+01	 1.0163e+00	0.0
-2.0535e-05	 5.2318e-05	 9.4980e-06	 1.2116e+01	 4.7446e-01	0.0
-2.3223e-05	 5.3519e-05	 7.9951e-06	 1.2114e+01	-1.1244e-01	0.0
-2.5115e-05	 5.4648e-05	 4.3412e-06	 1.2179e+01	-4.7926e-01	0.0
-2.6461e-05	 5.5373e-05	-6.1603e-07	 1.2211e+01	-7.5726e-01	0.0
-2.7773e-05	 5.3791e-05	-4.7298e-06	 1.1627e+01	-1.3197e+00	0.0
-2.8513e-05	 5.3849e-05	-1.0961e-05	 1.1602e+01	-1.5645e+00	0.0
-1.5974e-05	 4.6691e-05	-1.6614e-07	 1.1049e+01	 1.1194e+00	0.0
-1.6360e-05	 4.6919e-05	 3.2167e-06	 1.1073e+01	 1.0330e+00	0.0
-1.6786e-05	 4.7674e-05	 5.8882e-06	 1.1247e+01	 9.8981e-01	0.0
-1.7778e-05	 4.8833e-05	 8.1228e-06	 1.1468e+01	 8.3448e-01	0.0
-1.9538e-05	 5.0484e-05	 9.6593e-06	 1.1730e+01	 5.2931e-01	0.0
-2.1912e-05	 5.2535e-05	 9.8693e-06	 1.2016e+01	 1.1554e-01	0.0
-2.4453e-05	 5.3872e-05	 8.9477e-06	 1.2073e+01	-4.1892e-01	0.0
-2.6428e-05	 5.5298e-05	 5.7926e-06	 1.2210e+01	-7.7285e-01	0.0
-2.7488e-05	 5.6542e-05	 9.3925e-07	 1.2413e+01	-9.0308e-01	0.0
-2.8386e-05	 5.5668e-05	-2.8406e-06	 1.2067e+01	-1.2594e+00	0.0
-2.9074e-05	 5.6140e-05	-8.6511e-06	 1.2147e+01	-1.4252e+00	0.0
-3.0690e-05	 5.5846e-05	-2.1005e-05	 1.2038e+01	-2.0727e+00	0.0
-3.0233e-05	 5.1879e-05	-2.6877e-05	 1.1133e+01	-2.5578e+00	0.0
-2.7694e-05	 4.7183e-05	-3.2862e-05	 1.0339e+01	-2.6185e+00	0.0
-2.4542e-05	 4.1544e-05	-3.7791e-05	 9.3994e+00	-2.6639e+00	0.0
-2.1423e-05	 3.5200e-05	-3.8723e-05	 8.1639e+00	-2.7062e+00	0.0
-1.8159e-05	 2.9601e-05	-3.6309e-05	 7.0199e+00	-2.4869e+00	0.0
-1.4832e-05	 2.5332e-05	-3.2043e-05	 6.1505e+00	-1.9912e+00	0.0
-1.1746e-05	 2.2267e-05	-2.5502e-05	 5.4522e+00	-1.2842e+00	0.0
-9.3860e-06	 2.0285e-05	-1.7086e-05	 4.8717e+00	-5.5388e-01	0.0
-8.0100e-06	 1.9067e-05	-8.4830e-06	 4.4382e+00	-5.8078e-02	0.0
-7.6423e-06	 1.8207e-05	-1.6096e-06	 4.1447e+00	 4.0628e-02	0.0
-3.0624e-05	 5.5899e-05	-1.9193e-05	 1.2028e+01	-2.0156e+00	0.0
-3.0229e-05	 5.2357e-05	-2.5066e-05	 1.1221e+01	-2.4550e+00	0.0
-2.7435e-05	 4.8178e-05	-3.1047e-05	 1.0585e+01	-2.3676e+00	0.0
-2.4200e-05	 4.2999e-05	-3.5380e-05	 9.7407e+00	-2.2934e+00	0.0
-2.1226e-05	 3.7364e-05	-3.6017e-05	 8.6455e+00	-2.2527e+00	0.0
-1.7998e-05	 3.2576e-05	-3.3781e-05	 7.7062e+00	-1.9312e+00	0.0
-1.4753e-05	 2.8990e-05	-3.0007e-05	 7.0229e+00	-1.3829e+00	0.0
-1.1923e-05	 2.6220e-05	-2.4154e-05	 6.4091e+00	-7.4510e-01	0.0
-9.7729e-06	 2.4193e-05	-1.6339e-05	 5.8427e+00	-1.3001e-01	0.0
-8.2018e-06	 2.2817e-05	-8.0322e-06	 5.4336e+00	 3.5621e-01	0.0
-7.2087e-06	 2.1925e-05	-1.1309e-06	 5.2249e+00	 6.0491e-01	0.0
-3.0693e-05	 5.6014e-05	-1.7648e-05	 1.2026e+01	-1.9953e+00	0.0
-3.0317e-05	 5.2952e-05	-2.3634e-05	 1.1341e+01	-2.3748e+00	0.0
-2.7510e-05	 4.9076e-05	-2.9649e-05	 1.0779e+01	-2.2351e+00	0.0
-2.4167e-05	 4.4080e-05	-3.3384e-05	 9.9639e+00	-2.0751e+00	0.0
-2.1313e-05	 3.8847e-05	-3.3903e-05	 8.9443e+00	-1.9983e+00	0.0
-1.8038e-05	 3.4376e-05	-3.2033e-05	 8.1031e+00	-1.6308e+00	0.0
-1.4728e-05	 3.0715e-05	-2.8749e-05	 7.4271e+00	-1.0939e+00	0.0
-1.2049e-05	 2.7211e-05	-2.3458e-05	 6.6269e+00	-6.2023e-01	0.0
-1.0130e-05	 2.4271e-05	-1.6146e-05	 5.8119e+00	-2.0989e-01	0.0
-8.4617e-06	 2.2375e-05	-7.9889e-06	 5.2797e+00	 2.3198e-01	0.0
-7.0021e-06	 2.1446e-05	-7.5236e-07	 5.1157e+00	 6.0622e-01	0.0
-3.0671e-05	 5.6099e-05	-1.6231e-05	 1.2031e+01	-1.9573e+00	0.0
-3.0235e-05	 5.3569e-05	-2.2383e-05	 1.1495e+01	-2.2508e+00	0.0
-2.7580e-05	 4.9648e-05	-2.8157e-05	 1.0884e+01	-2.1416e+00	0.0
-2.4263e-05	 4.4699e-05	-3.1597e-05	 1.0058e+01	-1.9624e+00	0.0
-2.1552e-05	 3.9654e-05	-3.2119e-05	 9.0620e+00	-1.8911e+00	0.0
-1.8229e-05	 3.5141e-05	-3.0663e-05	 8.2265e+00	-1.5271e+00	0.0
-1.4725e-05	 3.0957e-05	-2.7758e-05	 7.4503e+00	-1.0201e+00	0.0
-1.2112e-05	 2.7053e-05	-2.2762e-05	 6.5486e+00	-6.2963e-01	0.0
-1.0434e-05	 2.3880e-05	-1.5823e-05	 5.6573e+00	-3.3052e-01	0.0
-8.8023e-06	 2.1844e-05	-7.8818e-06	 5.0905e+00	 7.6154e-02	0.0
-7.1051e-06	 2.0951e-05	-4.8622e-07	 4.9657e+00	 5.1928e-01	0.0
-3.0372e-05	 5.5996e-05	-1.4911e-05	 1.2020e+01	-1.8689e+00	0.0
-2.9849e-05	 5.3767e-05	-2.1073e-05	 1.1570e+01	-2.0945e+00	0.0
-2.7362e-05	 4.9736e-05	-2.6606e-05	 1.0894e+01	-2.0303e+00	0.0
-2.4337e-05	 4.4741e-05	-2.9922e-05	 1.0006e+01	-1.9228e+00	0.0
-2.1810e-05	 3.9739e-05	-3.0503e-05	 8.9940e+00	-1.8912e+00	0.0
-1.8494e-05	 3.5298e-05	-2.9433e-05	 8.1868e+00	-1.5297e+00	0.0
-1.4740e-05	 3.1189e-05	-2.6749e-05	 7.4694e+00	-9.5289e-01	0.0
-1.2149e-05	 2.7128e-05	-2.1902e-05	 6.5301e+00	-5.9597e-01	0.0
-1.0690e-05	 2.3773e-05	-1.5297e-05	 5.5788e+00	-3.9608e-01	0.0
-9.1912e-06	 2.1658e-05	-7.6674e-06	 4.9879e+00	-4.9214e-02	0.0
-7.4548e-06	 2.0807e-05	-2.9153e-07	 4.8842e+00	 4.0548e-01	0.0
-2.9747e-05	 5.5505e-05	-1.3818e-05	 1.1945e+01	-1.7405e+00	0.0
-2.9221e-05	 5.3453e-05	-1.9906e-05	 1.1537e+01	-1.9377e+00	0.0
-2.6906e-05	 4.9247e-05	-2.5141e-05	 1.0779e+01	-1.9288e+00	0.0
-2.4292e-05	 4.4088e-05	-2.8348e-05	 9.7861e+00	-1.9437e+00	0.0
-2.1987e-05	 3.9403e-05	-2.9080e-05	 8.8318e+00	-1.9324e+00	0.0
-1.8735e-05	 3.5582e-05	-2.8366e-05	 8.1919e+00	-1.5183e+00	0.0
-1.4799e-05	 3.1484e-05	-2.5770e-05	 7.5021e+00	-8.9223e-01	0.0
-1.2206e-05	 2.7252e-05	-2.0969e-05	 6.5205e+00	-5.6016e-01	0.0
-1.0916e-05	 2.3811e-05	-1.4641e-05	 5.5403e+00	-4.3180e-01	0.0
-9.6007e-06	 2.1751e-05	-7.3809e-06	 4.9585e+00	-1.4528e-01	0.0
-7.9818e-06	 2.1016e-05	-1.5498e-07	 4.8793e+00	 2.8419e-01	0.0
-2.9053e-05	 5.4568e-05	-1.3154e-05	 1.1761e+01	-1.6529e+00	0.0
-2.8507e-05	 5.2735e-05	-1.9082e-05	 1.1411e+01	-1.8130e+00	0.0
-2.6357e-05	 4.8178e-05	-2.3869e-05	 1.0523e+01	-1.8787e+00	0.0
-2.4131e-05	 4.2895e-05	-2.6982e-05	 9.4413e+00	-2.0080e+00	0.0
-2.2077e-05	 3.9404e-05	-2.7986e-05	 8.7843e+00	-1.9199e+00	0.0
-1.8929e-05	 3.5966e-05	-2.7464e-05	 8.2380e+00	-1.4888e+00	0.0
-1.4927e-05	 3.1695e-05	-2.4865e-05	 7.5078e+00	-8.6501e-01	0.0
-1.2334e-05	 2.7253e-05	-2.0053e-05	 6.4712e+00	-5.6077e-01	0.0
-1.1142e-05	 2.3861e-05	-1.3954e-05	 5.5051e+00	-4.6604e-01	0.0
-1.0010e-05	 2.2060e-05	-7.0912e-06	 4.9892e+00	-2.1543e-01	0.0
-8.6134e-06	 2.1576e-05	-8.7701e-08	 4.9596e+00	 1.7567e-01	0.0
-2.8539e-05	 5.3599e-05	-1.2742e-05	 1.1550e+01	-1.6219e+00	0.0
-2.7900e-05	 5.1882e-05	-1.8648e-05	 1.1242e+01	-1.7413e+00	0.0
-2.5901e-05	 4.6646e-05	-2.2791e-05	 1.0134e+01	-1.9157e+00	0.0
-2.3968e-05	 4.2417e-05	-2.5961e-05	 9.3019e+00	-1.9933e+00	0.0
-2.2109e-05	 3.9926e-05	-2.7068e-05	 8.8915e+00	-1.8337e+00	0.0
-1.9072e-05	 3.6465e-05	-2.6628e-05	 8.3250e+00	-1.4347e+00	0.0
-1.5139e-05	 3.1710e-05	-2.4031e-05	 7.4541e+00	-8.8938e-01	0.0
-1.2580e-05	 2.6976e-05	-1.9234e-05	 6.3365e+00	-6.3335e-01	0.0
-1.1406e-05	 2.3961e-05	-1.3357e-05	 5.4822e+00	-5.0840e-01	0.0
-1.0405e-05	 2.2824e-05	-6.9018e-06	 5.1490e+00	-2.2887e-01	0.0
-9.2777e-06	 2.2737e-05	-1.1176e-07	 5.2025e+00	 1.2939e-01	0.0
-2.8339e-05	 5.3167e-05	-1.2175e-05	 1.1447e+01	-1.6115e+00	0.0
-2.7585e-05	 5.1346e-05	-1.8259e-05	 1.1125e+01	-1.7125e+00	0.0
-2.5692e-05	 4.5828e-05	-2.1708e-05	 9.9104e+00	-1.9333e+00	0.0
-2.3917e-05	 4.3165e-05	-2.4932e-05	 9.4826e+00	-1.8578e+00	0.0
-2.2125e-05	 4.1202e-05	-2.6067e-05	 9.2046e+00	-1.6471e+00	0.0
-1.9169e-05	 3.7155e-05	-2.5663e-05	 8.4666e+00	-1.3414e+00	0.0
-1.5442e-05	 3.1631e-05	-2.3184e-05	 7.3640e+00	-9.5087e-01	0.0
-1.2977e-05	 2.7632e-05	-1.8479e-05	 6.4378e+00	-6.3208e-01	0.0
-1.1738e-05	 2.5682e-05	-1.2882e-05	 5.8976e+00	-3.7362e-01	0.0
-1.0786e-05	 2.5132e-05	-6.8183e-06	 5.7384e+00	-5.4982e-02	0.0
-9.9388e-06	 2.5208e-05	-1.7076e-07	 5.8093e+00	 2.3977e-01	0.0
-2.8513e-05	 5.3849e-05	-1.0961e-05	 1.1602e+01	-1.5645e+00	0.0
-2.7651e-05	 5.1748e-05	-1.7068e-05	 1.1207e+01	-1.6616e+00	0.0
-2.5770e-05	 4.7064e-05	-2.0117e-05	 1.0205e+01	-1.7689e+00	0.0
-2.4038e-05	 4.5549e-05	-2.3434e-05	 1.0078e+01	-1.5568e+00	0.0
-2.2160e-05	 4.3528e-05	-2.4635e-05	 9.7910e+00	-1.3261e+00	0.0
-1.9232e-05	 3.8454e-05	-2.4250e-05	 8.7654e+00	-1.1505e+00	0.0
-1.5811e-05	 3.3666e-05	-2.1951e-05	 7.8251e+00	-7.5206e-01	0.0
-1.3493e-05	 3.0741e-05	-1.7543e-05	 7.1866e+00	-3.5393e-01	0.0
-1.2141e-05	 2.9458e-05	-1.2344e-05	 6.8680e+00	-7.7970e-03	0.0
-1.1163e-05	 2.9094e-05	-6.6779e-06	 6.7849e+00	 3.1846e-01	0.0
-1.0581e-05	 2.9034e-05	-1.6699e-07	 6.7940e+00	 5.1649e-01	0.0
-2.9074e-05	 5.6140e-05	-8.6511e-06	 1.2147e+01	-1.4252e+00	0.0
-2.8070e-05	 5.4191e-05	-1.4487e-05	 1.1792e+01	-1.4439e+00	0.0
-2.6122e-05	 5.0669e-05	-1.7502e-05	 1.1102e+01	-1.3779e+00	0.0
-2.4346e-05	 4.9960e-05	-2.1016e-05	 1.1192e+01	-1.0448e+00	0.0
-2.2249e-05	 4.7316e-05	-2.2340e-05	 1.0754e+01	-8.2371e-01	0.0
-1.9285e-05	 4.2358e-05	-2.1933e-05	 9.7542e+00	-6.1366e-01	0.0
-1.6200e-05	 3.8484e-05	-2.0079e-05	 9.0294e+00	-2.0162e-01	0.0
-1.4077e-05	 3.6329e-05	-1.6201e-05	 8.6024e+00	 2.1253e-01	0.0
-1.2602e-05	 3.5311e-05	-1.1542e-05	 8.4029e+00	 5.9341e-01	0.0
-1.1545e-05	 3.4716e-05	-6.3160e-06	 8.2889e+00	 8.9039e-01	0.0
-1.1186e-05	 3.4215e-05	-1.4360e-08	 8.1586e+00	 9.6431e-01	0.0
