xi	eta	x	y	stress_r	stress_theta
 0.0000000000e+00	 0.0000000000e+00	 1.0000000000e+00	 0.0000000000e+00	 3.1532758729e+01	 1.1162276298e+00
 0.0000000000e+00	 5.0000000000e-02	 9.9742844691e-01	 7.1669333080e-02	 3.0771427026e+01	 3.7795918849e-01
 0.0000000000e+00	 1.0000000000e-01	 9.8944345048e-01	 1.4491948904e-01	 2.9902797148e+01	 7.0174801488e-02
 0.0000000000e+00	 1.5000000000e-01	 9.7568388346e-01	 2.1918248005e-01	 2.8847748537e+01	 7.2069715978e-02
 0.0000000000e+00	 2.0000000000e-01	 9.5586324611e-01	 2.9381193773e-01	 2.7451556466e+01	 2.4573687476e-01
 0.0000000000e+00	 2.5000000000e-01	 9.2978830106e-01	 3.6809470958e-01	 2.5492823790e+01	 4.2966114081e-01
 0.0000000000e+00	 3.0000000000e-01	 8.9737565000e-01	 4.4126742776e-01	 2.2918185234e+01	 5.5684924518e-01
 0.0000000000e+00	 3.5000000000e-01	 8.5866475921e-01	 5.1253763891e-01	 1.9941960296e+01	 6.6613240579e-01
 0.0000000000e+00	 4.0000000000e-01	 8.1382603605e-01	 5.8110858112e-01	 1.6761077491e+01	 7.3392674435e-01
 0.0000000000e+00	 4.5000000000e-01	 7.6316284108e-01	 6.4620621940e-01	 1.3611399659e+01	 7.6259685708e-01
 0.0000000000e+00	 5.0000000000e-01	 7.0710678119e-01	 7.0710678119e-01	 1.0645492701e+01	 7.8332101578e-01
 5.0000000000e-02	 0.0000000000e+00	 1.0750000000e+00	 0.0000000000e+00	 2.6836901060e+01	 2.4052255704e+00
 5.0000000000e-02	 5.0000000000e-02	 1.0722355804e+00	 7.7044533058e-02	 2.6291457586e+01	 1.9780404018e+00
 5.0000000000e-02	 1.0000000000e-01	 1.0636517093e+00	 1.5578845071e-01	 2.5625333388e+01	 1.7484327470e+00
 5.0000000000e-02	 1.5000000000e-01	 1.0488601747e+00	 2.3562116605e-01	 2.4811169386e+01	 1.6578740540e+00
 5.0000000000e-02	 2.0000000000e-01	 1.0275529896e+00	 3.1584783305e-01	 2.3737482524e+01	 1.6189018845e+00
 5.0000000000e-02	 2.5000000000e-01	 9.9952242364e-01	 3.9570181279e-01	 2.2198416129e+01	 1.5206664702e+00
 5.0000000000e-02	 3.0000000000e-01	 9.6467882374e-01	 4.7436248484e-01	 2.0102576888e+01	 1.3331097396e+00
 5.0000000000e-02	 3.5000000000e-01	 9.2306461615e-01	 5.5097796182e-01	 1.7583945394e+01	 1.0627048267e+00
 5.0000000000e-02	 4.0000000000e-01	 8.7486298875e-01	 6.2469172470e-01	 1.4904638087e+01	 7.3484238139e-01
 5.0000000000e-02	 4.5000000000e-01	 8.2040005416e-01	 6.9467168585e-01	 1.2377926392e+01	 3.9255839758e-01
 5.0000000000e-02	 5.0000000000e-01	 7.6013978977e-01	 7.6013978977e-01	 1.0200716285e+01	 4.0476020101e-02
 1.0000000000e-01	 0.0000000000e+00	 1.1500000000e+00	 0.0000000000e+00	 2.3034454212e+01	 2.7194655813e+00
 1.0000000000e-01	 5.0000000000e-02	 1.1470427139e+00	 8.2419733036e-02	 2.2638065248e+01	 2.5110405521e+00
 1.0000000000e-01	 1.0000000000e-01	 1.1378599681e+00	 1.6665741238e-01	 2.2122884883e+01	 2.3326793888e+00
 1.0000000000e-01	 1.5000000000e-01	 1.1220364660e+00	 2.5205985205e-01	 2.1528754227e+01	 2.2221348824e+00
 1.0000000000e-01	 2.0000000000e-01	 1.0992427330e+00	 3.3788372837e-01	 2.0835597904e+01	 2.1770517197e+00
 1.0000000000e-01	 2.5000000000e-01	 1.0692565462e+00	 4.2330891600e-01	 1.9823501832e+01	 2.0463311365e+00
 1.0000000000e-01	 3.0000000000e-01	 1.0319819975e+00	 5.0745754191e-01	 1.8255538906e+01	 1.7282136632e+00
 1.0000000000e-01	 3.5000000000e-01	 9.8746447309e-01	 5.8941828473e-01	 1.6239453977e+01	 1.2365719900e+00
 1.0000000000e-01	 4.0000000000e-01	 9.3589994146e-01	 6.6827486828e-01	 1.4072468170e+01	 6.4681385129e-01
 1.0000000000e-01	 4.5000000000e-01	 8.7763726724e-01	 7.4313715230e-01	 1.2134760417e+01	 7.0183706495e-02
 1.0000000000e-01	 5.0000000000e-01	 8.1317279836e-01	 8.1317279836e-01	 1.0434347575e+01	-4.9979467079e-01
 1.5000000000e-01	 0.0000000000e+00	 1.2250000000e+00	 0.0000000000e+00	 2.0325719091e+01	 3.0738635719e+00
 1.5000000000e-01	 5.0000000000e-02	 1.2218498475e+00	 8.7794933015e-02	 2.0049357883e+01	 3.0021377714e+00
 1.5000000000e-01	 1.0000000000e-01	 1.2120682268e+00	 1.7752637406e-01	 1.9637266039e+01	 2.7727684471e+00
 1.5000000000e-01	 1.5000000000e-01	 1.1952127572e+00	 2.6849853805e-01	 1.9163746356e+01	 2.4792079307e+00
 1.5000000000e-01	 2.0000000000e-01	 1.1709324765e+00	 3.5991962370e-01	 1.8686517842e+01	 2.1974294571e+00
 1.5000000000e-01	 2.5000000000e-01	 1.1389906688e+00	 4.5091601921e-01	 1.8051093199e+01	 1.9213747666e+00
 1.5000000000e-01	 3.0000000000e-01	 1.0992851712e+00	 5.4055259899e-01	 1.7017549219e+01	 1.5969733555e+00
 1.5000000000e-01	 3.5000000000e-01	 1.0518643300e+00	 6.2785860765e-01	 1.5555225837e+01	 1.0733840120e+00
 1.5000000000e-01	 4.0000000000e-01	 9.9693689416e-01	 7.1185801186e-01	 1.3911751271e+01	 3.9215315167e-01
 1.5000000000e-01	 4.5000000000e-01	 9.3487448032e-01	 7.9160261875e-01	 1.2413820884e+01	-2.9798407231e-01
 1.5000000000e-01	 5.0000000000e-01	 8.6620580695e-01	 8.6620580695e-01	 1.0967322257e+01	-9.8913849951e-01
 2.0000000000e-01	 0.0000000000e+00	 1.3000000000e+00	 0.0000000000e+00	 1.8474840873e+01	 3.5104297614e+00
 2.0000000000e-01	 5.0000000000e-02	 1.2966569810e+00	 9.3170132995e-02	 1.8305662525e+01	 3.5224215964e+00
 2.0000000000e-01	 1.0000000000e-01	 1.2862764856e+00	 1.8839533573e-01	 1.7992027059e+01	 3.2394815507e+00
 2.0000000000e-01	 1.5000000000e-01	 1.2683890485e+00	 2.8493722405e-01	 1.7630808162e+01	 2.7912628801e+00
 2.0000000000e-01	 2.0000000000e-01	 1.2426222199e+00	 3.8195551902e-01	 1.7332716152e+01	 2.3007200035e+00
 2.0000000000e-01	 2.5000000000e-01	 1.2087247914e+00	 4.7852312243e-01	 1.6885471200e+01	 1.7504300606e+00
 2.0000000000e-01	 3.0000000000e-01	 1.1665883450e+00	 5.7364765607e-01	 1.6136187427e+01	 1.1377532716e+00
 2.0000000000e-01	 3.5000000000e-01	 1.1162641870e+00	 6.6629893056e-01	 1.5146461370e+01	 5.6257194975e-01
 2.0000000000e-01	 4.0000000000e-01	 1.0579738469e+00	 7.5544115544e-01	 1.4025739662e+01	-4.7679360946e-03
 2.0000000000e-01	 4.5000000000e-01	 9.9211169340e-01	 8.4006808521e-01	 1.2773698520e+01	-7.1216017704e-01
 2.0000000000e-01	 5.0000000000e-01	 9.1923881553e-01	 9.1923881553e-01	 1.1512645683e+01	-1.4237572338e+00
 2.5000000000e-01	 0.0000000000e+00	 1.3750000000e+00	 0.0000000000e+00	 1.7212588531e+01	 3.9125806167e+00
 2.5000000000e-01	 5.0000000000e-02	 1.3714641145e+00	 9.8545332974e-02	 1.7131684373e+01	 3.9555853906e+00
 2.5000000000e-01	 1.0000000000e-01	 1.3604847444e+00	 1.9926429741e-01	 1.6905548337e+01	 3.6296670257e+00
 2.5000000000e-01	 1.5000000000e-01	 1.3415653398e+00	 3.0137591005e-01	 1.6637254332e+01	 3.0746002973e+00
 2.5000000000e-01	 2.0000000000e-01	 1.3143119634e+00	 4.0399141435e-01	 1.6448183459e+01	 2.4300504516e+00
 2.5000000000e-01	 2.5000000000e-01	 1.2784589140e+00	 5.0613022564e-01	 1.6108253218e+01	 1.6739126017e+00
 2.5000000000e-01	 3.0000000000e-01	 1.2338915187e+00	 6.0674271315e-01	 1.5554395441e+01	 8.5005973314e-01
 2.5000000000e-01	 3.5000000000e-01	 1.1806640439e+00	 7.0473925348e-01	 1.4846241245e+01	 8.3880607414e-02
 2.5000000000e-01	 4.0000000000e-01	 1.1190107996e+00	 7.9902429902e-01	 1.4053677095e+01	-5.0213815789e-01
 2.5000000000e-01	 4.5000000000e-01	 1.0493489065e+00	 8.8853355166e-01	 1.3018687313e+01	-1.1080014530e+00
 2.5000000000e-01	 5.0000000000e-01	 9.7227182412e-01	 9.7227182412e-01	 1.1913650840e+01	-1.7740462153e+00
 3.0000000000e-01	 0.0000000000e+00	 1.4500000000e+00	 0.0000000000e+00	 1.6302545176e+01	 4.1781753682e+00
 3.0000000000e-01	 5.0000000000e-02	 1.4462712480e+00	 1.0392053295e-01	 1.6281834336e+01	 4.2012756140e+00
 3.0000000000e-01	 1.0000000000e-01	 1.4346930032e+00	 2.1013325909e-01	 1.6133134903e+01	 3.8600843816e+00
 3.0000000000e-01	 1.5000000000e-01	 1.4147416310e+00	 3.1781459605e-01	 1.5943832712e+01	 3.2687349548e+00
 3.0000000000e-01	 2.0000000000e-01	 1.3860017069e+00	 4.2602730968e-01	 1.5805285875e+01	 2.5437313170e+00
 3.0000000000e-01	 2.5000000000e-01	 1.3481930365e+00	 5.3373732886e-01	 1.5524440973e+01	 1.6693781760e+00
 3.0000000000e-01	 3.0000000000e-01	 1.3011946925e+00	 6.3983777023e-01	 1.5107884318e+01	 7.2780565337e-01
 3.0000000000e-01	 3.5000000000e-01	 1.2450639008e+00	 7.4317957640e-01	 1.4615828898e+01	-1.2658792875e-01
 3.0000000000e-01	 4.0000000000e-01	 1.1800477523e+00	 8.4260744260e-01	 1.3972689214e+01	-8.2391049401e-01
 3.0000000000e-01	 4.5000000000e-01	 1.1065861196e+00	 9.3699901811e-01	 1.3093324960e+01	-1.4314294085e+00
 3.0000000000e-01	 5.0000000000e-01	 1.0253048327e+00	 1.0253048327e+00	 1.2127393984e+01	-2.0153796146e+00
 3.5000000000e-01	 0.0000000000e+00	 1.5250000000e+00	 0.0000000000e+00	 1.5539780311e+01	 4.2252006459e+00
 3.5000000000e-01	 5.0000000000e-02	 1.5210783815e+00	 1.0929573294e-01	 1.5545494887e+01	 4.1865647265e+00
 3.5000000000e-01	 1.0000000000e-01	 1.5089012620e+00	 2.2100222076e-01	 1.5471898831e+01	 3.8658334198e+00
 3.5000000000e-01	 1.5000000000e-01	 1.4879179223e+00	 3.3425328205e-01	 1.5372276183e+01	 3.3266281177e+00
 3.5000000000e-01	 2.0000000000e-01	 1.4576914503e+00	 4.4806320501e-01	 1.5273069485e+01	 2.6148660991e+00
 3.5000000000e-01	 2.5000000000e-01	 1.4179271591e+00	 5.6134443207e-01	 1.5035937779e+01	 1.7100773702e+00
 3.5000000000e-01	 3.0000000000e-01	 1.3684978662e+00	 6.7293282731e-01	 1.4723251990e+01	 7.2796876749e-01
 3.5000000000e-01	 3.5000000000e-01	 1.3094637578e+00	 7.8161989931e-01	 1.4385846742e+01	-1.4746886590e-01
 3.5000000000e-01	 4.0000000000e-01	 1.2410847050e+00	 8.8619058619e-01	 1.3835881187e+01	-8.9977689752e-01
 3.5000000000e-01	 4.5000000000e-01	 1.1638233326e+00	 9.8546448457e-01	 1.3051568816e+01	-1.5859167286e+00
 3.5000000000e-01	 5.0000000000e-01	 1.0783378413e+00	 1.0783378413e+00	 1.2189039622e+01	-2.1398865868e+00
 4.0000000000e-01	 0.0000000000e+00	 1.6000000000e+00	 0.0000000000e+00	 1.4819920527e+01	 4.0340102572e+00
 4.0000000000e-01	 5.0000000000e-02	 1.5958855150e+00	 1.1467093292e-01	 1.4836956948e+01	 3.9418654827e+00
 4.0000000000e-01	 1.0000000000e-01	 1.5831095208e+00	 2.3187118244e-01	 1.4830978349e+01	 3.6587063488e+00
 4.0000000000e-01	 1.5000000000e-01	 1.5610942135e+00	 3.5069196806e-01	 1.4827535887e+01	 3.2132457063e+00
 4.0000000000e-01	 2.0000000000e-01	 1.5293811938e+00	 4.7009910034e-01	 1.4793314129e+01	 2.6038948214e+00
 4.0000000000e-01	 2.5000000000e-01	 1.4876612817e+00	 5.8895153529e-01	 1.4613643775e+01	 1.7631583111e+00
 4.0000000000e-01	 3.0000000000e-01	 1.4358010400e+00	 7.0602788439e-01	 1.4382368816e+01	 7.8905948479e-01
 4.0000000000e-01	 3.5000000000e-01	 1.3738636147e+00	 8.2006022223e-01	 1.4131717695e+01	-8.6291623478e-02
 4.0000000000e-01	 4.0000000000e-01	 1.3021216577e+00	 9.2977372977e-01	 1.3657160892e+01	-8.4558238674e-01
 4.0000000000e-01	 4.5000000000e-01	 1.2210605457e+00	 1.0339299510e+00	 1.2963790352e+01	-1.5561937821e+00
 4.0000000000e-01	 5.0000000000e-01	 1.1313708499e+00	 1.1313708499e+00	 1.2168361620e+01	-2.1678057426e+00
 4.5000000000e-01	 0.0000000000e+00	 1.6750000000e+00	 0.0000000000e+00	 1.4100854248e+01	 3.5895982292e+00
 4.5000000000e-01	 5.0000000000e-02	 1.6706926486e+00	 1.2004613290e-01	 1.4124464366e+01	 3.4638123020e+00
 4.5000000000e-01	 1.0000000000e-01	 1.6573177796e+00	 2.4274014412e-01	 1.4177714155e+01	 3.2240360305e+00
 4.5000000000e-01	 1.5000000000e-01	 1.6342705048e+00	 3.6713065406e-01	 1.4268823636e+01	 2.8801187931e+00
 4.5000000000e-01	 2.0000000000e-01	 1.6010709372e+00	 4.9213499567e-01	 1.4314220481e+01	 2.4002713952e+00
 4.5000000000e-01	 2.5000000000e-01	 1.5573954043e+00	 6.1655863851e-01	 1.4223592844e+01	 1.7041691192e+00
 4.5000000000e-01	 3.0000000000e-01	 1.5031042137e+00	 7.3912294147e-01	 1.4085350497e+01	 8.2637116510e-01
 4.5000000000e-01	 3.5000000000e-01	 1.4382634717e+00	 8.5850054515e-01	 1.3849893468e+01	-5.6609243616e-02
 4.5000000000e-01	 4.0000000000e-01	 1.3631586104e+00	 9.7335687335e-01	 1.3448582122e+01	-7.7869171674e-01
 4.5000000000e-01	 4.5000000000e-01	 1.2782977588e+00	 1.0823954175e+00	 1.2867668349e+01	-1.4554007269e+00
 4.5000000000e-01	 5.0000000000e-01	 1.1844038585e+00	 1.1844038585e+00	 1.2089433297e+01	-2.1417750966e+00
 5.0000000000e-01	 0.0000000000e+00	 1.7500000000e+00	 0.0000000000e+00	 1.3352602518e+01	 2.8788649204e+00
 5.0000000000e-01	 5.0000000000e-02	 1.7454997821e+00	 1.2542133288e-01	 1.3384579091e+01	 2.7420306868e+00
 5.0000000000e-01	 1.0000000000e-01	 1.7315260383e+00	 2.5360910580e-01	 1.3481903630e+01	 2.5322586913e+00
 5.0000000000e-01	 1.5000000000e-01	 1.7074467961e+00	 3.8356934006e-01	 1.3651966455e+01	 2.2685835420e+00
 5.0000000000e-01	 2.0000000000e-01	 1.6727606807e+00	 5.1417089099e-01	 1.3775457229e+01	 1.9147754667e+00
 5.0000000000e-01	 2.5000000000e-01	 1.6271295269e+00	 6.4416574173e-01	 1.3787502984e+01	 1.3866254962e+00
 5.0000000000e-01	 3.0000000000e-01	 1.5704073875e+00	 7.7221799856e-01	 1.3757751313e+01	 6.5892445687e-01
 5.0000000000e-01	 3.5000000000e-01	 1.5026633286e+00	 8.9694086807e-01	 1.3528221948e+01	-1.7476831593e-01
 5.0000000000e-01	 4.0000000000e-01	 1.4241955631e+00	 1.0169400169e+00	 1.3216028541e+01	-8.0362970224e-01
 5.0000000000e-01	 4.5000000000e-01	 1.3355349719e+00	 1.1308608839e+00	 1.2793119015e+01	-1.3723794441e+00
 5.0000000000e-01	 5.0000000000e-01	 1.2374368671e+00	 1.2374368671e+00	 1.2038078950e+01	-2.0727494853e+00
 0.0000000000e+00	 5.0000000000e-01	 7.0710678119e-01	 7.0710678119e-01	 1.0645492701e+01	 7.8332101578e-01
 0.0000000000e+00	 5.5000000000e-01	 6.4620621940e-01	 7.6316284108e-01	 7.6947799664e+00	 8.5435776373e-01
 0.0000000000e+00	 6.0000000000e-01	 5.8110858112e-01	 8.1382603605e-01	 4.6800407216e+00	 8.3663932497e-01
 0.0000000000e+00	 6.5000000000e-01	 5.1253763891e-01	 8.5866475921e-01	 2.3809244595e+00	 1.8363404789e-01
 0.0000000000e+00	 7.0000000000e-01	 4.4126742776e-01	 8.9737565000e-01	 1.9182742946e+00	-1.9545001231e+00
 0.0000000000e+00	 7.5000000000e-01	 3.6809470958e-01	 9.2978830106e-01	 2.0730247356e+00	-4.1775942783e+00
 0.0000000000e+00	 8.0000000000e-01	 2.9381193773e-01	 9.5586324611e-01	 2.3610348885e+00	-5.9944966683e+00
 0.0000000000e+00	 8.5000000000e-01	 2.1918248005e-01	 9.7568388346e-01	 2.5240110213e+00	-7.4794879543e+00
 0.0000000000e+00	 9.0000000000e-01	 1.4491948904e-01	 9.8944345048e-01	 2.2863102608e+00	-8.7822470206e+00
 0.0000000000e+00	 9.5000000000e-01	 7.1669333080e-02	 9.9742844691e-01	 1.3954111531e+00	-1.0013784726e+01
 0.0000000000e+00	 1.0000000000e+00	 0.0000000000e+00	 1.0000000000e+00	-3.5765525507e-01	-1.1241390952e+01
 5.0000000000e-02	 5.0000000000e-01	 7.6013978977e-01	 7.6013978977e-01	 1.0200716285e+01	 4.0476020101e-02
 5.0000000000e-02	 5.5000000000e-01	 6.9467168585e-01	 8.2040005416e-01	 7.9652067282e+00	-4.5929703562e-01
 5.0000000000e-02	 6.0000000000e-01	 6.2469172470e-01	 8.7486298875e-01	 5.4266980549e+00	-1.0629947441e+00
 5.0000000000e-02	 6.5000000000e-01	 5.5097796182e-01	 9.2306461615e-01	 2.9431883416e+00	-1.7979600754e+00
 5.0000000000e-02	 7.0000000000e-01	 4.7436248484e-01	 9.6467882374e-01	 1.0290477401e+00	-2.7702359557e+00
 5.0000000000e-02	 7.5000000000e-01	 3.9570181279e-01	 9.9952242364e-01	 1.9162200247e-02	-4.0136531043e+00
 5.0000000000e-02	 8.0000000000e-01	 3.1584783305e-01	 1.0275529896e+00	-2.9085741623e-01	-5.2349794206e+00
 5.0000000000e-02	 8.5000000000e-01	 2.3562116605e-01	 1.0488601747e+00	-3.3838845924e-01	-6.2348080672e+00
 5.0000000000e-02	 9.0000000000e-01	 1.5578845071e-01	 1.0636517093e+00	-4.9106820488e-01	-7.0367102575e+00
 5.0000000000e-02	 9.5000000000e-01	 7.7044533058e-02	 1.0722355804e+00	-9.8702514032e-01	-7.6775570139e+00
 5.0000000000e-02	 1.0000000000e+00	 0.0000000000e+00	 1.0750000000e+00	-1.9668640351e+00	-8.1666183314e+00
 1.0000000000e-01	 5.0000000000e-01	 8.1317279836e-01	 8.1317279836e-01	 1.0434347575e+01	-4.9979467079e-01
 1.0000000000e-01	 5.5000000000e-01	 7.4313715230e-01	 8.7763726724e-01	 8.5949853597e+00	-1.2169784097e+00
 1.0000000000e-01	 6.0000000000e-01	 6.6827486828e-01	 9.3589994146e-01	 6.3853209326e+00	-2.0581959870e+00
 1.0000000000e-01	 6.5000000000e-01	 5.8941828473e-01	 9.8746447309e-01	 4.0584847862e+00	-2.8633635339e+00
 1.0000000000e-01	 7.0000000000e-01	 5.0745754191e-01	 1.0319819975e+00	 2.0868803641e+00	-3.5581936534e+00
 1.0000000000e-01	 7.5000000000e-01	 4.2330891600e-01	 1.0692565462e+00	 8.2049440278e-01	-4.1110957595e+00
 1.0000000000e-01	 8.0000000000e-01	 3.3788372837e-01	 1.0992427330e+00	 3.0854761026e-01	-4.5273044950e+00
 1.0000000000e-01	 8.5000000000e-01	 2.5205985205e-01	 1.1220364660e+00	 1.8898503042e-01	-4.7945337708e+00
 1.0000000000e-01	 9.0000000000e-01	 1.6665741238e-01	 1.1378599681e+00	-3.5380065684e-02	-5.0229943125e+00
 1.0000000000e-01	 9.5000000000e-01	 8.2419733036e-02	 1.1470427139e+00	-3.8050654608e-01	-5.1680366225e+00
 1.0000000000e-01	 1.0000000000e+00	 0.0000000000e+00	 1.1500000000e+00	-6.9669297551e-01	-5.2043021715e+00
 1.5000000000e-01	 5.0000000000e-01	 8.6620580695e-01	 8.6620580695e-01	 1.0967322257e+01	-9.8913849951e-01
 1.5000000000e-01	 5.5000000000e-01	 7.9160261875e-01	 9.3487448032e-01	 9.3779081970e+00	-1.7263782333e+00
 1.5000000000e-01	 6.0000000000e-01	 7.1185801186e-01	 9.9693689416e-01	 7.4832123519e+00	-2.5104234665e+00
 1.5000000000e-01	 6.5000000000e-01	 6.2785860765e-01	 1.0518643300e+00	 5.5177748247e+00	-3.1458934110e+00
 1.5000000000e-01	 7.0000000000e-01	 5.4055259899e-01	 1.0992851712e+00	 4.0148287762e+00	-3.4745353858e+00
 1.5000000000e-01	 7.5000000000e-01	 4.5091601921e-01	 1.1389906688e+00	 3.1551156375e+00	-3.5272278995e+00
 1.5000000000e-01	 8.0000000000e-01	 3.5991962370e-01	 1.1709324765e+00	 2.4441505636e+00	-3.6000836622e+00
 1.5000000000e-01	 8.5000000000e-01	 2.6849853805e-01	 1.1952127572e+00	 1.7082761717e+00	-3.6428659434e+00
 1.5000000000e-01	 9.0000000000e-01	 1.7752637406e-01	 1.2120682268e+00	 9.4365531965e-01	-3.5980663912e+00
 1.5000000000e-01	 9.5000000000e-01	 8.7794933015e-02	 1.2218498475e+00	 3.7093240140e-01	-3.4380322306e+00
 1.5000000000e-01	 1.0000000000e+00	 0.0000000000e+00	 1.2250000000e+00	 4.1483795123e-01	-3.2481192222e+00
 2.0000000000e-01	 5.0000000000e-01	 9.1923881553e-01	 9.1923881553e-01	 1.1512645683e+01	-1.4237572338e+00
 2.0000000000e-01	 5.5000000000e-01	 8.4006808521e-01	 9.9211169340e-01	 1.0139477494e+01	-2.1040813589e+00
 2.0000000000e-01	 6.0000000000e-01	 7.5544115544e-01	 1.0579738469e+00	 8.5964021625e+00	-2.6883993287e+00
 2.0000000000e-01	 6.5000000000e-01	 6.6629893056e-01	 1.1162641870e+00	 7.2423848850e+00	-2.9478808754e+00
 2.0000000000e-01	 7.0000000000e-01	 5.7364765607e-01	 1.1665883450e+00	 6.0827824614e+00	-3.0155743567e+00
 2.0000000000e-01	 7.5000000000e-01	 4.7852312243e-01	 1.2087247914e+00	 4.9697598233e+00	-3.0392139699e+00
 2.0000000000e-01	 8.0000000000e-01	 3.8195551902e-01	 1.2426222199e+00	 3.8994506475e+00	-3.0185985371e+00
 2.0000000000e-01	 8.5000000000e-01	 2.8493722405e-01	 1.2683890485e+00	 2.7834852108e+00	-2.9442411528e+00
 2.0000000000e-01	 9.0000000000e-01	 1.8839533573e-01	 1.2862764856e+00	 1.6610316901e+00	-2.7603436157e+00
 2.0000000000e-01	 9.5000000000e-01	 9.3170132995e-02	 1.2966569810e+00	 8.5955412773e-01	-2.4325844426e+00
 2.0000000000e-01	 1.0000000000e+00	 0.0000000000e+00	 1.3000000000e+00	 1.0109837485e+00	-2.1415266745e+00
 2.5000000000e-01	 5.0000000000e-01	 9.7227182412e-01	 9.7227182412e-01	 1.1913650840e+01	-1.7740462153e+00
 2.5000000000e-01	 5.5000000000e-01	 8.8853355166e-01	 1.0493489065e+00	 1.0753078566e+01	-2.3595246745e+00
 2.5000000000e-01	 6.0000000000e-01	 7.9902429902e-01	 1.1190107996e+00	 9.6283805715e+00	-2.7096048870e+00
 2.5000000000e-01	 6.5000000000e-01	 7.0473925348e-01	 1.1806640439e+00	 8.5354910010e+00	-2.8011317289e+00
 2.5000000000e-01	 7.0000000000e-01	 6.0674271315e-01	 1.2338915187e+00	 7.2855335705e+00	-2.8516697718e+00
 2.5000000000e-01	 7.5000000000e-01	 5.0613022564e-01	 1.2784589140e+00	 6.0111678447e+00	-2.8347672792e+00
 2.5000000000e-01	 8.0000000000e-01	 4.0399141435e-01	 1.3143119634e+00	 4.7444861773e+00	-2.7202863575e+00
 2.5000000000e-01	 8.5000000000e-01	 3.0137591005e-01	 1.3415653398e+00	 3.4377169029e+00	-2.5252906252e+00
 2.5000000000e-01	 9.0000000000e-01	 1.9926429741e-01	 1.3604847444e+00	 2.1272212093e+00	-2.2674616778e+00
 2.5000000000e-01	 9.5000000000e-01	 9.8545332974e-02	 1.3714641145e+00	 1.1693215499e+00	-1.9016575413e+00
 2.5000000000e-01	 1.0000000000e+00	 0.0000000000e+00	 1.3750000000e+00	 1.2389487045e+00	-1.6226824701e+00
 3.0000000000e-01	 5.0000000000e-01	 1.0253048327e+00	 1.0253048327e+00	 1.2127393984e+01	-2.0153796146e+00
 3.0000000000e-01	 5.5000000000e-01	 9.3699901811e-01	 1.1065861196e+00	 1.1176738286e+01	-2.4895835206e+00
 3.0000000000e-01	 6.0000000000e-01	 8.4260744260e-01	 1.1800477523e+00	 1.0219095828e+01	-2.7640226088e+00
 3.0000000000e-01	 6.5000000000e-01	 7.4317957640e-01	 1.2450639008e+00	 9.1180541984e+00	-2.8719018331e+00
 3.0000000000e-01	 7.0000000000e-01	 6.3983777023e-01	 1.3011946925e+00	 7.8331206054e+00	-2.8902624345e+00
 3.0000000000e-01	 7.5000000000e-01	 5.3373732886e-01	 1.3481930365e+00	 6.4765299017e+00	-2.8362780871e+00
 3.0000000000e-01	 8.0000000000e-01	 4.2602730968e-01	 1.3860017069e+00	 5.1152720088e+00	-2.6413531352e+00
 3.0000000000e-01	 8.5000000000e-01	 3.1781459605e-01	 1.4147416310e+00	 3.7444206140e+00	-2.3110648699e+00
 3.0000000000e-01	 9.0000000000e-01	 2.1013325909e-01	 1.4346930032e+00	 2.3835182287e+00	-1.9768434694e+00
 3.0000000000e-01	 9.5000000000e-01	 1.0392053295e-01	 1.4462712480e+00	 1.3542336304e+00	-1.6373175744e+00
 3.0000000000e-01	 1.0000000000e+00	 0.0000000000e+00	 1.4500000000e+00	 1.2279672251e+00	-1.4778360410e+00
 3.5000000000e-01	 5.0000000000e-01	 1.0783378413e+00	 1.0783378413e+00	 1.2189039622e+01	-2.1398865868e+00
 3.5000000000e-01	 5.5000000000e-01	 9.8546448457e-01	 1.1638233326e+00	 1.1341100518e+01	-2.5583642350e+00
 3.5000000000e-01	 6.0000000000e-01	 8.8619058619e-01	 1.2410847050e+00	 1.0360774846e+01	-2.8626278063e+00
 3.5000000000e-01	 6.5000000000e-01	 7.8161989931e-01	 1.3094637578e+00	 9.2596591996e+00	-3.0016475083e+00
 3.5000000000e-01	 7.0000000000e-01	 6.7293282731e-01	 1.3684978662e+00	 7.9595131363e+00	-3.0170757202e+00
 3.5000000000e-01	 7.5000000000e-01	 5.6134443207e-01	 1.4179271591e+00	 6.5530026202e+00	-2.9508944234e+00
 3.5000000000e-01	 8.0000000000e-01	 4.4806320501e-01	 1.4576914503e+00	 5.1442524850e+00	-2.7098986028e+00
 3.5000000000e-01	 8.5000000000e-01	 3.3425328205e-01	 1.4879179223e+00	 3.7856792904e+00	-2.2589430139e+00
 3.5000000000e-01	 9.0000000000e-01	 2.2100222076e-01	 1.5089012620e+00	 2.5138745015e+00	-1.8008103584e+00
 3.5000000000e-01	 9.5000000000e-01	 1.0929573294e-01	 1.5210783815e+00	 1.5235899766e+00	-1.4608713890e+00
 3.5000000000e-01	 1.0000000000e+00	 0.0000000000e+00	 1.5250000000e+00	 1.1755515658e+00	-1.4551502969e+00
 4.0000000000e-01	 5.0000000000e-01	 1.1313708499e+00	 1.1313708499e+00	 1.2168361620e+01	-2.1678057426e+00
 4.0000000000e-01	 5.5000000000e-01	 1.0339299510e+00	 1.2210605457e+00	 1.1269781306e+01	-2.6163780450e+00
 4.0000000000e-01	 6.0000000000e-01	 9.2977372977e-01	 1.3021216577e+00	 1.0292381155e+01	-2.9130320953e+00
 4.0000000000e-01	 6.5000000000e-01	 8.2006022223e-01	 1.3738636147e+00	 9.2104223432e+00	-3.0653618746e+00
 4.0000000000e-01	 7.0000000000e-01	 7.0602788439e-01	 1.4358010400e+00	 7.8883525410e+00	-3.1175566976e+00
 4.0000000000e-01	 7.5000000000e-01	 5.8895153529e-01	 1.4876612817e+00	 6.4199744956e+00	-3.0752497935e+00
 4.0000000000e-01	 8.0000000000e-01	 4.7009910034e-01	 1.5293811938e+00	 5.0647387239e+00	-2.7841921948e+00
 4.0000000000e-01	 8.5000000000e-01	 3.5069196806e-01	 1.5610942135e+00	 3.9128380954e+00	-2.1810495634e+00
 4.0000000000e-01	 9.0000000000e-01	 2.3187118244e-01	 1.5831095208e+00	 2.8766131327e+00	-1.5567236911e+00
 4.0000000000e-01	 9.5000000000e-01	 1.1467093292e-01	 1.5958855150e+00	 2.0417842918e+00	-1.1616581721e+00
 4.0000000000e-01	 1.0000000000e+00	 0.0000000000e+00	 1.6000000000e+00	 1.6106209654e+00	-1.2202564185e+00
 4.5000000000e-01	 5.0000000000e-01	 1.1844038585e+00	 1.1844038585e+00	 1.2089433297e+01	-2.1417750966e+00
 4.5000000000e-01	 5.5000000000e-01	 1.0823954175e+00	 1.2782977588e+00	 1.1149142249e+01	-2.6267886280e+00
 4.5000000000e-01	 6.0000000000e-01	 9.7335687335e-01	 1.3631586104e+00	 1.0224408552e+01	-2.8502289908e+00
 4.5000000000e-01	 6.5000000000e-01	 8.5850054515e-01	 1.4382634717e+00	 9.1899805835e+00	-2.9778032636e+00
 4.5000000000e-01	 7.0000000000e-01	 7.3912294147e-01	 1.5031042137e+00	 7.8411590620e+00	-3.0776694534e+00
 4.5000000000e-01	 7.5000000000e-01	 6.1655863851e-01	 1.5573954043e+00	 6.4747719266e+00	-2.9782389924e+00
 4.5000000000e-01	 8.0000000000e-01	 4.9213499567e-01	 1.6010709372e+00	 5.3478678717e+00	-2.5783571346e+00
 4.5000000000e-01	 8.5000000000e-01	 3.6713065406e-01	 1.6342705048e+00	 4.4273017455e+00	-1.8859429615e+00
 4.5000000000e-01	 9.0000000000e-01	 2.4274014412e-01	 1.6573177796e+00	 3.6336476969e+00	-1.1576457097e+00
 4.5000000000e-01	 9.5000000000e-01	 1.2004613290e-01	 1.6706926486e+00	 3.0008208964e+00	-7.0019930763e-01
 4.5000000000e-01	 1.0000000000e+00	 0.0000000000e+00	 1.6750000000e+00	 2.5981204425e+00	-7.2138259922e-01
 5.0000000000e-01	 5.0000000000e-01	 1.2374368671e+00	 1.2374368671e+00	 1.2038078950e+01	-2.0727494853e+00
 5.0000000000e-01	 5.5000000000e-01	 1.1308608839e+00	 1.3355349719e+00	 1.1132975068e+01	-2.5577859275e+00
 5.0000000000e-01	 6.0000000000e-01	 1.0169400169e+00	 1.4241955631e+00	 1.0338995590e+01	-2.6184594159e+00
 5.0000000000e-01	 6.5000000000e-01	 8.9694086807e-01	 1.5026633286e+00	 9.3994445856e+00	-2.6639062895e+00
 5.0000000000e-01	 7.0000000000e-01	 7.7221799856e-01	 1.5704073875e+00	 8.1638823107e+00	-2.7062238565e+00
 5.0000000000e-01	 7.5000000000e-01	 6.4416574173e-01	 1.6271295269e+00	 7.0198869578e+00	-2.4869228714e+00
 5.0000000000e-01	 8.0000000000e-01	 5.1417089099e-01	 1.6727606807e+00	 6.1505449601e+00	-1.9911680035e+00
 5.0000000000e-01	 8.5000000000e-01	 3.8356934006e-01	 1.7074467961e+00	 5.4522193896e+00	-1.2841727120e+00
 5.0000000000e-01	 9.0000000000e-01	 2.5360910580e-01	 1.7315260383e+00	 4.8717150922e+00	-5.5387845489e-01
 5.0000000000e-01	 9.5000000000e-01	 1.2542133288e-01	 1.7454997821e+00	 4.4381527500e+00	-5.8077607786e-02
 5.0000000000e-01	 1.0000000000e+00	 0.0000000000e+00	 1.7500000000e+00	 4.1447066015e+00	 4.0627788772e-02
 5.0000000000e-01	 0.0000000000e+00	 1.7500000000e+00	 0.0000000000e+00	 1.3352602518e+01	 2.8788649204e+00
 5.0000000000e-01	 5.0000000000e-02	 1.7454997821e+00	 1.2542133288e-01	 1.3384579091e+01	 2.7420306868e+00
 5.0000000000e-01	 1.0000000000e-01	 1.7315260383e+00	 2.5360910580e-01	 1.3481903630e+01	 2.5322586913e+00
 5.0000000000e-01	 1.5000000000e-01	 1.7074467961e+00	 3.8356934006e-01	 1.3651966455e+01	 2.2685835420e+00
 5.0000000000e-01	 2.0000000000e-01	 1.6727606807e+00	 5.1417089099e-01	 1.3775457229e+01	 1.9147754667e+00
 5.0000000000e-01	 2.5000000000e-01	 1.6271295269e+00	 6.4416574173e-01	 1.3787502984e+01	 1.3866254962e+00
 5.0000000000e-01	 3.0000000000e-01	 1.5704073875e+00	 7.7221799856e-01	 1.3757751313e+01	 6.5892445687e-01
 5.0000000000e-01	 3.5000000000e-01	 1.5026633286e+00	 8.9694086807e-01	 1.3528221948e+01	-1.7476831593e-01
 5.0000000000e-01	 4.0000000000e-01	 1.4241955631e+00	 1.0169400169e+00	 1.3216028541e+01	-8.0362970224e-01
 5.0000000000e-01	 4.5000000000e-01	 1.3355349719e+00	 1.1308608839e+00	 1.2793119015e+01	-1.3723794441e+00
 5.0000000000e-01	 5.0000000000e-01	 1.2374368671e+00	 1.2374368671e+00	 1.2038078950e+01	-2.0727494853e+00
 5.5000000000e-01	 0.0000000000e+00	 1.8250000000e+00	 0.0000000000e+00	 1.2779476733e+01	 2.4117998776e+00
 5.5000000000e-01	 5.0000000000e-02	 1.8203069156e+00	 1.3079653286e-01	 1.2826632515e+01	 2.2813395739e+00
 5.5000000000e-01	 1.0000000000e-01	 1.8057342971e+00	 2.6447806748e-01	 1.2934466091e+01	 2.0370639052e+00
 5.5000000000e-01	 1.5000000000e-01	 1.7806230873e+00	 4.0000802607e-01	 1.3132564675e+01	 1.7523628604e+00
 5.5000000000e-01	 2.0000000000e-01	 1.7444504241e+00	 5.3620678632e-01	 1.3297180147e+01	 1.4350160121e+00
 5.5000000000e-01	 2.5000000000e-01	 1.6968636494e+00	 6.7177284495e-01	 1.3392955567e+01	 1.0174036981e+00
 5.5000000000e-01	 3.0000000000e-01	 1.6377105612e+00	 8.0531305564e-01	 1.3434663240e+01	 3.9545435503e-01
 5.5000000000e-01	 3.5000000000e-01	 1.5670631856e+00	 9.3538119099e-01	 1.3228674811e+01	-3.7959521932e-01
 5.5000000000e-01	 4.0000000000e-01	 1.4852325158e+00	 1.0605231605e+00	 1.3001451527e+01	-9.3040216896e-01
 5.5000000000e-01	 4.5000000000e-01	 1.3927721850e+00	 1.1793263504e+00	 1.2717120734e+01	-1.3686215718e+00
 5.5000000000e-01	 5.0000000000e-01	 1.2904698757e+00	 1.2904698757e+00	 1.2028234527e+01	-2.0156017050e+00
 6.0000000000e-01	 0.0000000000e+00	 1.9000000000e+00	 0.0000000000e+00	 1.2532872647e+01	 2.5416617096e+00
 6.0000000000e-01	 5.0000000000e-02	 1.8951140491e+00	 1.3617173284e-01	 1.2618206070e+01	 2.4556389583e+00
 6.0000000000e-01	 1.0000000000e-01	 1.8799425559e+00	 2.7534702915e-01	 1.2718544717e+01	 2.1490489768e+00
 6.0000000000e-01	 1.5000000000e-01	 1.8537993786e+00	 4.1644671207e-01	 1.2876130902e+01	 1.7155464043e+00
 6.0000000000e-01	 2.0000000000e-01	 1.8161401676e+00	 5.5824268165e-01	 1.3008139112e+01	 1.2666385698e+00
 6.0000000000e-01	 2.5000000000e-01	 1.7665977720e+00	 6.9937994816e-01	 1.3140546964e+01	 8.3453895179e-01
 6.0000000000e-01	 3.0000000000e-01	 1.7050137350e+00	 8.3840811272e-01	 1.3200279321e+01	 2.2731319302e-01
 6.0000000000e-01	 3.5000000000e-01	 1.6314630425e+00	 9.7382151390e-01	 1.3012159265e+01	-5.3046223540e-01
 6.0000000000e-01	 4.0000000000e-01	 1.5462694685e+00	 1.1041063041e+00	 1.2863137841e+01	-1.0518648635e+00
 6.0000000000e-01	 4.5000000000e-01	 1.4500093981e+00	 1.2277918168e+00	 1.2634098026e+01	-1.4190037512e+00
 6.0000000000e-01	 5.0000000000e-01	 1.3435028842e+00	 1.3435028842e+00	 1.2026137328e+01	-1.9953161415e+00
 6.5000000000e-01	 0.0000000000e+00	 1.9750000000e+00	 0.0000000000e+00	 1.2355181986e+01	 2.6817733932e+00
 6.5000000000e-01	 5.0000000000e-02	 1.9699211826e+00	 1.4154693282e-01	 1.2486358650e+01	 2.6443161096e+00
 6.5000000000e-01	 1.0000000000e-01	 1.9541508147e+00	 2.8621599083e-01	 1.2592251604e+01	 2.3312102013e+00
 6.5000000000e-01	 1.5000000000e-01	 1.9269756698e+00	 4.3288539807e-01	 1.2728032963e+01	 1.8498587879e+00
 6.5000000000e-01	 2.0000000000e-01	 1.8878299111e+00	 5.8027857698e-01	 1.2837747495e+01	 1.3148859830e+00
 6.5000000000e-01	 2.5000000000e-01	 1.8363318946e+00	 7.2698705138e-01	 1.2981130675e+01	 7.9710295008e-01
 6.5000000000e-01	 3.0000000000e-01	 1.7723169087e+00	 8.7150316980e-01	 1.3026791792e+01	 1.5183892945e-01
 6.5000000000e-01	 3.5000000000e-01	 1.6958628994e+00	 1.0122618368e+00	 1.2859413694e+01	-6.0772101202e-01
 6.5000000000e-01	 4.0000000000e-01	 1.6073064212e+00	 1.1476894477e+00	 1.2781538541e+01	-1.1031537277e+00
 6.5000000000e-01	 4.5000000000e-01	 1.5072466111e+00	 1.2762572833e+00	 1.2538895560e+01	-1.4645370687e+00
 6.5000000000e-01	 5.0000000000e-01	 1.3965358928e+00	 1.3965358928e+00	 1.2030873155e+01	-1.9572890494e+00
 7.0000000000e-01	 0.0000000000e+00	 2.0500000000e+00	 0.0000000000e+00	 1.2209886857e+01	 2.7745629863e+00
 7.0000000000e-01	 5.0000000000e-02	 2.0447283162e+00	 1.4692213280e-01	 1.2378772994e+01	 2.7672812572e+00
 7.0000000000e-01	 1.0000000000e-01	 2.0283590735e+00	 2.9708495251e-01	 1.2478555349e+01	 2.4483594418e+00
 7.0000000000e-01	 1.5000000000e-01	 2.0001519611e+00	 4.4932408408e-01	 1.2570063244e+01	 1.9185587021e+00
 7.0000000000e-01	 2.0000000000e-01	 1.9595196545e+00	 6.0231447231e-01	 1.2660293892e+01	 1.3345535350e+00
 7.0000000000e-01	 2.5000000000e-01	 1.9060660172e+00	 7.5459415460e-01	 1.2853029829e+01	 8.2831731542e-01
 7.0000000000e-01	 3.0000000000e-01	 1.8396200825e+00	 9.0459822688e-01	 1.2895428898e+01	 1.7907833532e-01
 7.0000000000e-01	 3.5000000000e-01	 1.7602627564e+00	 1.0507021597e+00	 1.2755299656e+01	-5.9071902009e-01
 7.0000000000e-01	 4.0000000000e-01	 1.6683433739e+00	 1.1912725913e+00	 1.2694050825e+01	-1.0848413145e+00
 7.0000000000e-01	 4.5000000000e-01	 1.5644838242e+00	 1.3247227497e+00	 1.2425996116e+01	-1.4458330728e+00
 7.0000000000e-01	 5.0000000000e-01	 1.4495689014e+00	 1.4495689014e+00	 1.2019655794e+01	-1.8688685001e+00
 7.5000000000e-01	 0.0000000000e+00	 2.1250000000e+00	 0.0000000000e+00	 1.2084516574e+01	 2.8146927602e+00
 7.5000000000e-01	 5.0000000000e-02	 2.1195354497e+00	 1.5229733278e-01	 1.2276004313e+01	 2.8191082232e+00
 7.5000000000e-01	 1.0000000000e-01	 2.1025673323e+00	 3.0795391418e-01	 1.2364635334e+01	 2.5063639351e+00
 7.5000000000e-01	 1.5000000000e-01	 2.0733282524e+00	 4.6576277008e-01	 1.2406099556e+01	 1.9424346767e+00
 7.5000000000e-01	 2.0000000000e-01	 2.0312093980e+00	 6.2435036764e-01	 1.2472639138e+01	 1.3138543441e+00
 7.5000000000e-01	 2.5000000000e-01	 1.9758001398e+00	 7.8220125781e-01	 1.2694949864e+01	 8.1501767186e-01
 7.5000000000e-01	 3.0000000000e-01	 1.9069232562e+00	 9.3769328396e-01	 1.2770627413e+01	 2.6270613555e-01
 7.5000000000e-01	 3.5000000000e-01	 1.8246626133e+00	 1.0891424827e+00	 1.2685514609e+01	-4.6636644033e-01
 7.5000000000e-01	 4.0000000000e-01	 1.7293803266e+00	 1.2348557349e+00	 1.2583413411e+01	-1.0051070735e+00
 7.5000000000e-01	 4.5000000000e-01	 1.6217210373e+00	 1.3731882162e+00	 1.2266868979e+01	-1.3875292342e+00
 7.5000000000e-01	 5.0000000000e-01	 1.5026019100e+00	 1.5026019100e+00	 1.1944954181e+01	-1.7404909250e+00
 8.0000000000e-01	 0.0000000000e+00	 2.2000000000e+00	 0.0000000000e+00	 1.1968403500e+01	 2.7976630259e+00
 8.0000000000e-01	 5.0000000000e-02	 2.1943425832e+00	 1.5767253276e-01	 1.2159912502e+01	 2.7949768236e+00
 8.0000000000e-01	 1.0000000000e-01	 2.1767755911e+00	 3.1882287586e-01	 1.2242174103e+01	 2.5126555446e+00
 8.0000000000e-01	 1.5000000000e-01	 2.1465045436e+00	 4.8220145608e-01	 1.2246781405e+01	 1.9435424176e+00
 8.0000000000e-01	 2.0000000000e-01	 2.1028991414e+00	 6.4638626297e-01	 1.2294229246e+01	 1.2790353564e+00
 8.0000000000e-01	 2.5000000000e-01	 2.0455342623e+00	 8.0980836103e-01	 1.2522836973e+01	 7.6943366683e-01
 8.0000000000e-01	 3.0000000000e-01	 1.9742264300e+00	 9.7078834104e-01	 1.2609584359e+01	 2.8513389609e-01
 8.0000000000e-01	 3.5000000000e-01	 1.8890624703e+00	 1.1275828056e+00	 1.2615934275e+01	-2.7613254732e-01
 8.0000000000e-01	 4.0000000000e-01	 1.7904172793e+00	 1.2784388784e+00	 1.2448636449e+01	-8.8599036684e-01
 8.0000000000e-01	 4.5000000000e-01	 1.6789582504e+00	 1.4216536827e+00	 1.2046829152e+01	-1.3323508067e+00
 8.0000000000e-01	 5.0000000000e-01	 1.5556349186e+00	 1.5556349186e+00	 1.1760736280e+01	-1.6528749516e+00
 8.5000000000e-01	 0.0000000000e+00	 2.2750000000e+00	 0.0000000000e+00	 1.1837414993e+01	 2.6841600864e+00
 8.5000000000e-01	 5.0000000000e-02	 2.2691497167e+00	 1.6304773274e-01	 1.2003312075e+01	 2.6642163993e+00
 8.5000000000e-01	 1.0000000000e-01	 2.2509838498e+00	 3.2969183754e-01	 1.2101275661e+01	 2.4607587492e+00
 8.5000000000e-01	 1.5000000000e-01	 2.2196808349e+00	 4.9864014208e-01	 1.2108239892e+01	 1.9449258868e+00
 8.5000000000e-01	 2.0000000000e-01	 2.1745888849e+00	 6.6842215829e-01	 1.2146600992e+01	 1.2534153846e+00
 8.5000000000e-01	 2.5000000000e-01	 2.1152683849e+00	 8.3741546424e-01	 1.2356048627e+01	 7.0059827461e-01
 8.5000000000e-01	 3.0000000000e-01	 2.0415296037e+00	 1.0038833981e+00	 1.2427507808e+01	 2.3525735146e-01
 8.5000000000e-01	 3.5000000000e-01	 1.9534623272e+00	 1.1660231285e+00	 1.2467544279e+01	-2.0937222298e-01
 8.5000000000e-01	 4.0000000000e-01	 1.8514542320e+00	 1.3220220220e+00	 1.2315359614e+01	-7.5159434455e-01
 8.5000000000e-01	 4.5000000000e-01	 1.7361954635e+00	 1.4701191491e+00	 1.1781805405e+01	-1.3160810743e+00
 8.5000000000e-01	 5.0000000000e-01	 1.6086679272e+00	 1.6086679272e+00	 1.1549567355e+01	-1.6219152295e+00
 9.0000000000e-01	 0.0000000000e+00	 2.3500000000e+00	 0.0000000000e+00	 1.1643164116e+01	 2.3703632380e+00
 9.0000000000e-01	 5.0000000000e-02	 2.3439568502e+00	 1.6842293272e-01	 1.1763842878e+01	 2.3283049959e+00
 9.0000000000e-01	 1.0000000000e-01	 2.3251921086e+00	 3.4056079921e-01	 1.1885604727e+01	 2.2055319757e+00
 9.0000000000e-01	 1.5000000000e-01	 2.2928571261e+00	 5.1507882808e-01	 1.1954201367e+01	 1.8322293303e+00
 9.0000000000e-01	 2.0000000000e-01	 2.2462786283e+00	 6.9045805362e-01	 1.2044052686e+01	 1.2383594562e+00
 9.0000000000e-01	 2.5000000000e-01	 2.1850025075e+00	 8.6502256746e-01	 1.2215718240e+01	 6.1144637759e-01
 9.0000000000e-01	 3.0000000000e-01	 2.1088327775e+00	 1.0369784552e+00	 1.2249641822e+01	 1.0446164386e-01
 9.0000000000e-01	 3.5000000000e-01	 2.0178621841e+00	 1.2044634514e+00	 1.2293457579e+01	-2.8332859216e-01
 9.0000000000e-01	 4.0000000000e-01	 1.9124911847e+00	 1.3656051656e+00	 1.2213215798e+01	-6.9189067807e-01
 9.0000000000e-01	 4.5000000000e-01	 1.7934326765e+00	 1.5185846156e+00	 1.1569679426e+01	-1.3355337285e+00
 9.0000000000e-01	 5.0000000000e-01	 1.6617009358e+00	 1.6617009358e+00	 1.1447256167e+01	-1.6115165504e+00
 9.5000000000e-01	 0.0000000000e+00	 2.4250000000e+00	 0.0000000000e+00	 1.1380891107e+01	 1.8489779315e+00
 9.5000000000e-01	 5.0000000000e-02	 2.4187639837e+00	 1.7379813270e-01	 1.1449282632e+01	 1.7827332816e+00
 9.5000000000e-01	 1.0000000000e-01	 2.3994003674e+00	 3.5142976088e-01	 1.1595298321e+01	 1.7135233006e+00
 9.5000000000e-01	 1.5000000000e-01	 2.3660334174e+00	 5.3151751408e-01	 1.1736462140e+01	 1.4600618497e+00
 9.5000000000e-01	 2.0000000000e-01	 2.3179683718e+00	 7.1249394894e-01	 1.1909551228e+01	 1.0162519658e+00
 9.5000000000e-01	 2.5000000000e-01	 2.2547366301e+00	 8.9262967067e-01	 1.2116462970e+01	 4.7445901680e-01
 9.5000000000e-01	 3.0000000000e-01	 2.1761359512e+00	 1.0700735123e+00	 1.2114067733e+01	-1.1244120834e-01
 9.5000000000e-01	 3.5000000000e-01	 2.0822620411e+00	 1.2429037743e+00	 1.2178848547e+01	-4.7925783718e-01
 9.5000000000e-01	 4.0000000000e-01	 1.9735281374e+00	 1.4091883092e+00	 1.2210628946e+01	-7.5726326498e-01
 9.5000000000e-01	 4.5000000000e-01	 1.8506698896e+00	 1.5670500820e+00	 1.1626805834e+01	-1.3196608246e+00
 9.5000000000e-01	 5.0000000000e-01	 1.7147339444e+00	 1.7147339444e+00	 1.1601762300e+01	-1.5644888793e+00
 1.0000000000e+00	 0.0000000000e+00	 2.5000000000e+00	 0.0000000000e+00	 1.1049440942e+01	 1.1194437487e+00
 1.0000000000e+00	 5.0000000000e-02	 2.4935711173e+00	 1.7917333268e-01	 1.1073310674e+01	 1.0330279867e+00
 1.0000000000e+00	 1.0000000000e-01	 2.4736086262e+00	 3.6229872256e-01	 1.1246751473e+01	 9.8980554514e-01
 1.0000000000e+00	 1.5000000000e-01	 2.4392097087e+00	 5.4795620008e-01	 1.1468019223e+01	 8.3448111356e-01
 1.0000000000e+00	 2.0000000000e-01	 2.3896581153e+00	 7.3452984426e-01	 1.1730066005e+01	 5.2931418183e-01
 1.0000000000e+00	 2.5000000000e-01	 2.3244707527e+00	 9.2023677388e-01	 1.2015874477e+01	 1.1554170403e-01
 1.0000000000e+00	 3.0000000000e-01	 2.2434391250e+00	 1.1031685694e+00	 1.2073248355e+01	-4.1892137532e-01
 1.0000000000e+00	 3.5000000000e-01	 2.1466618980e+00	 1.2813440972e+00	 1.2210090332e+01	-7.7285446457e-01
 1.0000000000e+00	 4.0000000000e-01	 2.0345650901e+00	 1.4527714528e+00	 1.2413275903e+01	-9.0307543725e-01
 1.0000000000e+00	 4.5000000000e-01	 1.9079071027e+00	 1.6155155485e+00	 1.2067447310e+01	-1.2594472636e+00
 1.0000000000e+00	 5.0000000000e-01	 1.7677669529e+00	 1.7677669529e+00	 1.2147319203e+01	-1.4252384284e+00
 5.0000000000e-01	 5.0000000000e-01	 1.2374368671e+00	 1.2374368671e+00	 1.2038078950e+01	-2.0727494853e+00
 5.0000000000e-01	 5.5000000000e-01	 1.1308608839e+00	 1.3355349719e+00	 1.1132975068e+01	-2.5577859275e+00
 5.0000000000e-01	 6.0000000000e-01	 1.0169400169e+00	 1.4241955631e+00	 1.0338995590e+01	-2.6184594159e+00
 5.0000000000e-01	 6.5000000000e-01	 8.9694086807e-01	 1.5026633286e+00	 9.3994445856e+00	-2.6639062895e+00
 5.0000000000e-01	 7.0000000000e-01	 7.7221799856e-01	 1.5704073875e+00	 8.1638823107e+00	-2.7062238565e+00
 5.0000000000e-01	 7.5000000000e-01	 6.4416574173e-01	 1.6271295269e+00	 7.0198869578e+00	-2.4869228714e+00
 5.0000000000e-01	 8.0000000000e-01	 5.1417089099e-01	 1.6727606807e+00	 6.1505449601e+00	-1.9911680035e+00
 5.0000000000e-01	 8.5000000000e-01	 3.8356934006e-01	 1.7074467961e+00	 5.4522193896e+00	-1.2841727120e+00
 5.0000000000e-01	 9.0000000000e-01	 2.5360910580e-01	 1.7315260383e+00	 4.8717150922e+00	-5.5387845489e-01
 5.0000000000e-01	 9.5000000000e-01	 1.2542133288e-01	 1.7454997821e+00	 4.4381527500e+00	-5.8077607786e-02
 5.0000000000e-01	 1.0000000000e+00	 0.0000000000e+00	 1.7500000000e+00	 4.1447066015e+00	 4.0627788772e-02
 5.5000000000e-01	 5.0000000000e-01	 1.2904698757e+00	 1.2904698757e+00	 1.2028234527e+01	-2.0156017050e+00
 5.5000000000e-01	 5.5000000000e-01	 1.1793263504e+00	 1.3927721850e+00	 1.1221138067e+01	-2.4549769531e+00
 5.5000000000e-01	 6.0000000000e-01	 1.0605231605e+00	 1.4852325158e+00	 1.0584851258e+01	-2.3675927840e+00
 5.5000000000e-01	 6.5000000000e-01	 9.3538119099e-01	 1.5670631856e+00	 9.7407268311e+00	-2.2934365706e+00
 5.5000000000e-01	 7.0000000000e-01	 8.0531305564e-01	 1.6377105612e+00	 8.6455469865e+00	-2.2527038109e+00
 5.5000000000e-01	 7.5000000000e-01	 6.7177284495e-01	 1.6968636494e+00	 7.7062083724e+00	-1.9311838732e+00
 5.5000000000e-01	 8.0000000000e-01	 5.3620678632e-01	 1.7444504241e+00	 7.0228920296e+00	-1.3828780849e+00
 5.5000000000e-01	 8.5000000000e-01	 4.0000802607e-01	 1.7806230873e+00	 6.4091144749e+00	-7.4509698737e-01
 5.5000000000e-01	 9.0000000000e-01	 2.6447806748e-01	 1.8057342971e+00	 5.8426766748e+00	-1.3000871902e-01
 5.5000000000e-01	 9.5000000000e-01	 1.3079653286e-01	 1.8203069156e+00	 5.4335953366e+00	 3.5620535483e-01
 5.5000000000e-01	 1.0000000000e+00	 0.0000000000e+00	 1.8250000000e+00	 5.2249381538e+00	 6.0490715912e-01
 6.0000000000e-01	 5.0000000000e-01	 1.3435028842e+00	 1.3435028842e+00	 1.2026137328e+01	-1.9953161415e+00
 6.0000000000e-01	 5.5000000000e-01	 1.2277918168e+00	 1.4500093981e+00	 1.1341337587e+01	-2.3747716266e+00
 6.0000000000e-01	 6.0000000000e-01	 1.1041063041e+00	 1.5462694685e+00	 1.0778527349e+01	-2.2350702590e+00
 6.0000000000e-01	 6.5000000000e-01	 9.7382151390e-01	 1.6314630425e+00	 9.9638525673e+00	-2.0751091893e+00
 6.0000000000e-01	 7.0000000000e-01	 8.3840811272e-01	 1.7050137350e+00	 8.9443102885e+00	-1.9982825118e+00
 6.0000000000e-01	 7.5000000000e-01	 6.9937994816e-01	 1.7665977720e+00	 8.1030741867e+00	-1.6307986763e+00
 6.0000000000e-01	 8.0000000000e-01	 5.5824268165e-01	 1.8161401676e+00	 7.4270603183e+00	-1.0938943228e+00
 6.0000000000e-01	 8.5000000000e-01	 4.1644671207e-01	 1.8537993786e+00	 6.6269494325e+00	-6.2023415811e-01
 6.0000000000e-01	 9.0000000000e-01	 2.7534702915e-01	 1.8799425559e+00	 5.8119010319e+00	-2.0988808397e-01
 6.0000000000e-01	 9.5000000000e-01	 1.3617173284e-01	 1.8951140491e+00	 5.2796817388e+00	 2.3198396627e-01
 6.0000000000e-01	 1.0000000000e+00	 0.0000000000e+00	 1.9000000000e+00	 5.1157060756e+00	 6.0622442126e-01
 6.5000000000e-01	 5.0000000000e-01	 1.3965358928e+00	 1.3965358928e+00	 1.2030873155e+01	-1.9572890494e+00
 6.5000000000e-01	 5.5000000000e-01	 1.2762572833e+00	 1.5072466111e+00	 1.1494530718e+01	-2.2507517438e+00
 6.5000000000e-01	 6.0000000000e-01	 1.1476894477e+00	 1.6073064212e+00	 1.0884000594e+01	-2.1416312309e+00
 6.5000000000e-01	 6.5000000000e-01	 1.0122618368e+00	 1.6958628994e+00	 1.0057897140e+01	-1.9623917029e+00
 6.5000000000e-01	 7.0000000000e-01	 8.7150316980e-01	 1.7723169087e+00	 9.0619985432e+00	-1.8910663874e+00
 6.5000000000e-01	 7.5000000000e-01	 7.2698705138e-01	 1.8363318946e+00	 8.2264898447e+00	-1.5270601848e+00
 6.5000000000e-01	 8.0000000000e-01	 5.8027857698e-01	 1.8878299111e+00	 7.4503485223e+00	-1.0200807214e+00
 6.5000000000e-01	 8.5000000000e-01	 4.3288539807e-01	 1.9269756698e+00	 6.5486011850e+00	-6.2963286739e-01
 6.5000000000e-01	 9.0000000000e-01	 2.8621599083e-01	 1.9541508147e+00	 5.6572799677e+00	-3.3052114049e-01
 6.5000000000e-01	 9.5000000000e-01	 1.4154693282e-01	 1.9699211826e+00	 5.0904945889e+00	 7.6153731010e-02
 6.5000000000e-01	 1.0000000000e+00	 0.0000000000e+00	 1.9750000000e+00	 4.9657020129e+00	 5.1928105344e-01
 7.0000000000e-01	 5.0000000000e-01	 1.4495689014e+00	 1.4495689014e+00	 1.2019655794e+01	-1.8688685001e+00
 7.0000000000e-01	 5.5000000000e-01	 1.3247227497e+00	 1.5644838242e+00	 1.1569770949e+01	-2.0944591174e+00
 7.0000000000e-01	 6.0000000000e-01	 1.1912725913e+00	 1.6683433739e+00	 1.0893913765e+01	-2.0302573572e+00
 7.0000000000e-01	 6.5000000000e-01	 1.0507021597e+00	 1.7602627564e+00	 1.0006192129e+01	-1.9228130623e+00
 7.0000000000e-01	 7.0000000000e-01	 9.0459822688e-01	 1.8396200825e+00	 8.9939889895e+00	-1.8912100813e+00
 7.0000000000e-01	 7.5000000000e-01	 7.5459415460e-01	 1.9060660172e+00	 8.1867848801e+00	-1.5296992503e+00
 7.0000000000e-01	 8.0000000000e-01	 6.0231447231e-01	 1.9595196545e+00	 7.4693710492e+00	-9.5288922414e-01
 7.0000000000e-01	 8.5000000000e-01	 4.4932408408e-01	 2.0001519611e+00	 6.5301413335e+00	-5.9597351150e-01
 7.0000000000e-01	 9.0000000000e-01	 2.9708495251e-01	 2.0283590735e+00	 5.5788376682e+00	-3.9607954372e-01
 7.0000000000e-01	 9.5000000000e-01	 1.4692213280e-01	 2.0447283162e+00	 4.9878619400e+00	-4.9214434617e-02
 7.0000000000e-01	 1.0000000000e+00	 0.0000000000e+00	 2.0500000000e+00	 4.8841719399e+00	 4.0547665378e-01
 7.5000000000e-01	 5.0000000000e-01	 1.5026019100e+00	 1.5026019100e+00	 1.1944954181e+01	-1.7404909250e+00
 7.5000000000e-01	 5.5000000000e-01	 1.3731882162e+00	 1.6217210373e+00	 1.1537235624e+01	-1.9377084306e+00
 7.5000000000e-01	 6.0000000000e-01	 1.2348557349e+00	 1.7293803266e+00	 1.0779084145e+01	-1.9288459290e+00
 7.5000000000e-01	 6.5000000000e-01	 1.0891424827e+00	 1.8246626133e+00	 9.7860852583e+00	-1.9437498794e+00
 7.5000000000e-01	 7.0000000000e-01	 9.3769328396e-01	 1.9069232562e+00	 8.8318136011e+00	-1.9324456662e+00
 7.5000000000e-01	 7.5000000000e-01	 7.8220125781e-01	 1.9758001398e+00	 8.1919329718e+00	-1.5182529677e+00
 7.5000000000e-01	 8.0000000000e-01	 6.2435036764e-01	 2.0312093980e+00	 7.5020578000e+00	-8.9222827189e-01
 7.5000000000e-01	 8.5000000000e-01	 4.6576277008e-01	 2.0733282524e+00	 6.5204925668e+00	-5.6015664743e-01
 7.5000000000e-01	 9.0000000000e-01	 3.0795391418e-01	 2.1025673323e+00	 5.5402658988e+00	-4.3180310295e-01
 7.5000000000e-01	 9.5000000000e-01	 1.5229733278e-01	 2.1195354497e+00	 4.9585245902e+00	-1.4528190153e-01
 7.5000000000e-01	 1.0000000000e+00	 0.0000000000e+00	 2.1250000000e+00	 4.8792640871e+00	 2.8419474397e-01
 8.0000000000e-01	 5.0000000000e-01	 1.5556349186e+00	 1.5556349186e+00	 1.1760736280e+01	-1.6528749516e+00
 8.0000000000e-01	 5.5000000000e-01	 1.4216536827e+00	 1.6789582504e+00	 1.1411016510e+01	-1.8130402300e+00
 8.0000000000e-01	 6.0000000000e-01	 1.2784388784e+00	 1.7904172793e+00	 1.0523157465e+01	-1.8787117074e+00
 8.0000000000e-01	 6.5000000000e-01	 1.1275828056e+00	 1.8890624703e+00	 9.4413277950e+00	-2.0080016391e+00
 8.0000000000e-01	 7.0000000000e-01	 9.7078834104e-01	 1.9742264300e+00	 8.7842962540e+00	-1.9199320090e+00
 8.0000000000e-01	 7.5000000000e-01	 8.0980836103e-01	 2.0455342623e+00	 8.2379798707e+00	-1.4887570352e+00
 8.0000000000e-01	 8.0000000000e-01	 6.4638626297e-01	 2.1028991414e+00	 7.5078185893e+00	-8.6500723804e-01
 8.0000000000e-01	 8.5000000000e-01	 4.8220145608e-01	 2.1465045436e+00	 6.4712173519e+00	-5.6077435625e-01
 8.0000000000e-01	 9.0000000000e-01	 3.1882287586e-01	 2.1767755911e+00	 5.5050863532e+00	-4.6603664291e-01
 8.0000000000e-01	 9.5000000000e-01	 1.5767253276e-01	 2.1943425832e+00	 4.9891686898e+00	-2.1542537937e-01
 8.0000000000e-01	 1.0000000000e+00	 0.0000000000e+00	 2.2000000000e+00	 4.9595595206e+00	 1.7567371723e-01
 8.5000000000e-01	 5.0000000000e-01	 1.6086679272e+00	 1.6086679272e+00	 1.1549567355e+01	-1.6219152295e+00
 8.5000000000e-01	 5.5000000000e-01	 1.4701191491e+00	 1.7361954635e+00	 1.1241814174e+01	-1.7412951992e+00
 8.5000000000e-01	 6.0000000000e-01	 1.3220220220e+00	 1.8514542320e+00	 1.0133991955e+01	-1.9157378220e+00
 8.5000000000e-01	 6.5000000000e-01	 1.1660231285e+00	 1.9534623272e+00	 9.3019149257e+00	-1.9932622826e+00
 8.5000000000e-01	 7.0000000000e-01	 1.0038833981e+00	 2.0415296037e+00	 8.8915466917e+00	-1.8336549979e+00
 8.5000000000e-01	 7.5000000000e-01	 8.3741546424e-01	 2.1152683849e+00	 8.3250331222e+00	-1.4347348398e+00
 8.5000000000e-01	 8.0000000000e-01	 6.6842215829e-01	 2.1745888849e+00	 7.4541290163e+00	-8.8938410147e-01
 8.5000000000e-01	 8.5000000000e-01	 4.9864014208e-01	 2.2196808349e+00	 6.3364704534e+00	-6.3334823795e-01
 8.5000000000e-01	 9.0000000000e-01	 3.2969183754e-01	 2.2509838498e+00	 5.4821896329e+00	-5.0839953282e-01
 8.5000000000e-01	 9.5000000000e-01	 1.6304773274e-01	 2.2691497167e+00	 5.1490082965e+00	-2.2887053634e-01
 8.5000000000e-01	 1.0000000000e+00	 0.0000000000e+00	 2.2750000000e+00	 5.2024879019e+00	 1.2938727592e-01
 9.0000000000e-01	 5.0000000000e-01	 1.6617009358e+00	 1.6617009358e+00	 1.1447256167e+01	-1.6115165504e+00
 9.0000000000e-01	 5.5000000000e-01	 1.5185846156e+00	 1.7934326765e+00	 1.1125287393e+01	-1.7125238048e+00
 9.0000000000e-01	 6.0000000000e-01	 1.3656051656e+00	 1.9124911847e+00	 9.9103773931e+00	-1.9333172955e+00
 9.0000000000e-01	 6.5000000000e-01	 1.2044634514e+00	 2.0178621841e+00	 9.4825942887e+00	-1.8577617739e+00
 9.0000000000e-01	 7.0000000000e-01	 1.0369784552e+00	 2.1088327775e+00	 9.2045775319e+00	-1.6470910210e+00
 9.0000000000e-01	 7.5000000000e-01	 8.6502256746e-01	 2.1850025075e+00	 8.4666359135e+00	-1.3414446036e+00
 9.0000000000e-01	 8.0000000000e-01	 6.9045805362e-01	 2.2462786283e+00	 7.3640034017e+00	-9.5086729372e-01
 9.0000000000e-01	 8.5000000000e-01	 5.1507882808e-01	 2.2928571261e+00	 6.4378029817e+00	-6.3207790096e-01
 9.0000000000e-01	 9.0000000000e-01	 3.4056079921e-01	 2.3251921086e+00	 5.8975847900e+00	-3.7362440379e-01
 9.0000000000e-01	 9.5000000000e-01	 1.6842293272e-01	 2.3439568502e+00	 5.7383577474e+00	-5.4981916836e-02
 9.0000000000e-01	 1.0000000000e+00	 0.0000000000e+00	 2.3500000000e+00	 5.8092928160e+00	 2.3977341816e-01
 9.5000000000e-01	 5.0000000000e-01	 1.7147339444e+00	 1.7147339444e+00	 1.1601762300e+01	-1.5644888793e+00
 9.5000000000e-01	 5.5000000000e-01	 1.5670500820e+00	 1.8506698896e+00	 1.1207457896e+01	-1.6616204445e+00
 9.5000000000e-01	 6.0000000000e-01	 1.4091883092e+00	 1.9735281374e+00	 1.0204606434e+01	-1.7688745196e+00
 9.5000000000e-01	 6.5000000000e-01	 1.2429037743e+00	 2.0822620411e+00	 1.0078444492e+01	-1.5567929139e+00
 9.5000000000e-01	 7.0000000000e-01	 1.0700735123e+00	 2.1761359512e+00	 9.7909829758e+00	-1.3260625306e+00
 9.5000000000e-01	 7.5000000000e-01	 8.9262967067e-01	 2.2547366301e+00	 8.7654159300e+00	-1.1504878307e+00
 9.5000000000e-01	 8.0000000000e-01	 7.1249394894e-01	 2.3179683718e+00	 7.8251142569e+00	-7.5206363172e-01
 9.5000000000e-01	 8.5000000000e-01	 5.3151751408e-01	 2.3660334174e+00	 7.1865512019e+00	-3.5393404793e-01
 9.5000000000e-01	 9.0000000000e-01	 3.5142976088e-01	 2.3994003674e+00	 6.8680449911e+00	-7.7969884804e-03
 9.5000000000e-01	 9.5000000000e-01	 1.7379813270e-01	 2.4187639837e+00	 6.7848810926e+00	 3.1845955768e-01
 9.5000000000e-01	 1.0000000000e+00	 0.0000000000e+00	 2.4250000000e+00	 6.7939970414e+00	 5.1648580880e-01
 1.0000000000e+00	 5.0000000000e-01	 1.7677669529e+00	 1.7677669529e+00	 1.2147319203e+01	-1.4252384284e+00
 1.0000000000e+00	 5.5000000000e-01	 1.6155155485e+00	 1.9079071027e+00	 1.1791786206e+01	-1.4439382002e+00
 1.0000000000e+00	 6.0000000000e-01	 1.4527714528e+00	 2.0345650901e+00	 1.1102498129e+01	-1.3779135626e+00
 1.0000000000e+00	 6.5000000000e-01	 1.2813440972e+00	 2.1466618980e+00	 1.1191798791e+01	-1.0447974617e+00
 1.0000000000e+00	 7.0000000000e-01	 1.1031685694e+00	 2.2434391250e+00	 1.0754255189e+01	-8.2370910037e-01
 1.0000000000e+00	 7.5000000000e-01	 9.2023677388e-01	 2.3244707527e+00	 9.7541792206e+00	-6.1366482251e-01
 1.0000000000e+00	 8.0000000000e-01	 7.3452984426e-01	 2.3896581153e+00	 9.0294439449e+00	-2.0162347629e-01
 1.0000000000e+00	 8.5000000000e-01	 5.4795620008e-01	 2.4392097087e+00	 8.6023760602e+00	 2.1253343180e-01
 1.0000000000e+00	 9.0000000000e-01	 3.6229872256e-01	 2.4736086262e+00	 8.4029167068e+00	 5.9340524068e-01
 1.0000000000e+00	 9.5000000000e-01	 1.7917333268e-01	 2.4935711173e+00	 8.2889275447e+00	 8.9038541662e-01
 1.0000000000e+00	 1.0000000000e+00	 0.0000000000e+00	 2.5000000000e+00	 8.1586494352e+00	 9.6430624178e-01
