patch_n	x	y	disp_x	disp_y
1	 1.000000000000000e+00	 0.000000000000000e+00	-4.714274727506602e-05	 0.000000000000000e+00
1	 9.974284469059532e-01	 7.166933307989243e-02	-4.695391516887421e-05	 9.793732504209266e-06
1	 9.894434504816298e-01	 1.449194890387739e-01	-4.648771388572551e-05	 1.975805601087827e-05
1	 9.756838834611086e-01	 2.191824800515997e-01	-4.576322240917710e-05	 2.986111357103050e-05
1	 9.558632461068471e-01	 2.938119377281626e-01	-4.478853334293298e-05	 4.004323008046888e-05
1	 9.297883010623589e-01	 3.680947095758919e-01	-4.356555796849695e-05	 5.018957348052240e-05
1	 8.973756499953162e-01	 4.412674277632060e-01	-4.208552516114711e-05	 6.012514563383093e-05
1	 8.586647592086445e-01	 5.125376389107853e-01	-4.031022443970932e-05	 6.970920225109485e-05
1	 8.138260360508662e-01	 5.811085811189265e-01	-3.821063749235622e-05	 7.885887794162861e-05
1	 7.631628410841520e-01	 6.462062193992625e-01	-3.578749218346184e-05	 8.755615881921399e-05
1	 7.071067811868699e-01	 7.071067811868699e-01	-3.307886569512465e-05	 9.583005142504975e-05
1	 6.462062193992625e-01	 7.631628410841519e-01	-3.016347035075304e-05	 1.036206410274619e-04
1	 5.811085811189264e-01	 8.138260360508661e-01	-2.710599802315664e-05	 1.107083770539958e-04
1	 5.125376389107852e-01	 8.586647592086446e-01	-2.393570625388583e-05	 1.168920531313985e-04
1	 4.412674277632058e-01	 8.973756499953163e-01	-2.067221927238291e-05	 1.220858397907947e-04
1	 3.680947095758915e-01	 9.297883010623589e-01	-1.732845431405258e-05	 1.263252484364935e-04
1	 2.938119377281621e-01	 9.558632461068473e-01	-1.391597278814610e-05	 1.297274895803015e-04
1	 2.191824800515992e-01	 9.756838834611086e-01	-1.045425432314904e-05	 1.324081388098996e-04
1	 1.449194890387733e-01	 9.894434504816300e-01	-6.966052260668906e-06	 1.344228546605303e-04
1	 7.166933307989184e-02	 9.974284469059531e-01	-3.474080459771486e-06	 1.357781298273570e-04
1	 0.000000000000000e+00	 1.000000000000000e+00	 0.000000000000000e+00	 1.364505840761411e-04
1	 1.075000000000000e+00	 0.000000000000000e+00	-5.066112134984479e-05	 0.000000000000000e+00
1	 1.072235580423897e+00	 7.704453305765518e-02	-5.050482489258949e-05	 8.750568991221724e-06
1	 1.063651709267727e+00	 1.557884507110800e-01	-4.981702129054217e-05	 1.768793627716339e-05
1	 1.048860174720603e+00	 2.356211660483044e-01	-4.864357454692793e-05	 2.683454168547241e-05
1	 1.027552989564645e+00	 3.158478330497876e-01	-4.702766503626877e-05	 3.619047764028180e-05
1	 9.995224236416065e-01	 3.957018127859281e-01	-4.501659850512014e-05	 4.569477842773717e-05
1	 9.646788237442117e-01	 4.743624848376666e-01	-4.264350846486669e-05	 5.520875528127369e-05
1	 9.230646161480831e-01	 5.509779618221077e-01	-3.991842131116667e-05	 6.458628356184044e-05
1	 8.748629887528598e-01	 6.246917246969276e-01	-3.687396679043149e-05	 7.372743509136923e-05
1	 8.204000541628570e-01	 6.946716858494774e-01	-3.358053127577907e-05	 8.260862247801855e-05
1	 7.601397897723038e-01	 7.601397897723037e-01	-3.015307958366479e-05	 9.126354939093014e-05
1	 6.946716858494775e-01	 8.204000541628572e-01	-2.671331236428340e-05	 9.966048867820778e-05
1	 6.246917246969276e-01	 8.748629887528601e-01	-2.332160940973161e-05	 1.075232647312732e-04
1	 5.509779618221076e-01	 9.230646161480829e-01	-2.001641210669340e-05	 1.145515170618386e-04
1	 4.743624848376664e-01	 9.646788237442120e-01	-1.681791393154275e-05	 1.205899947987326e-04
1	 3.957018127859278e-01	 9.995224236416067e-01	-1.373164011095180e-05	 1.256348423882813e-04
1	 3.158478330497873e-01	 1.027552989564645e+00	-1.075532866017427e-05	 1.297753642517311e-04
1	 2.356211660483039e-01	 1.048860174720603e+00	-7.891608513883215e-06	 1.330677881645496e-04
1	 1.557884507110794e-01	 1.063651709267727e+00	-5.144784739244857e-06	 1.354812096506964e-04
1	 7.704453305765459e-02	 1.072235580423897e+00	-2.514794274027421e-06	 1.369395726927293e-04
1	 0.000000000000000e+00	 1.075000000000000e+00	 0.000000000000000e+00	 1.373476584985115e-04
1	 1.150000000000000e+00	 0.000000000000000e+00	-5.332818119128804e-05	 0.000000000000000e+00
1	 1.147042713941840e+00	 8.241973303606141e-02	-5.315237440050356e-05	 7.933129452035351e-06
1	 1.137859968053828e+00	 1.666574123845024e-01	-5.227079741869543e-05	 1.605840794943809e-05
1	 1.122036465980114e+00	 2.520598520464369e-01	-5.074047124746034e-05	 2.443527458620660e-05
1	 1.099242733022485e+00	 3.378837283730043e-01	-4.863049068732448e-05	 3.311845385612054e-05
1	 1.069256546220940e+00	 4.233089159975895e-01	-4.602596239697587e-05	 4.211308555355166e-05
1	 1.031981997493258e+00	 5.074575419136776e-01	-4.298716842030221e-05	 5.130984144481196e-05
1	 9.874644730877626e-01	 5.894182847348221e-01	-3.956358484429034e-05	 6.054729106320617e-05
1	 9.358999414552172e-01	 6.682748682761077e-01	-3.583358337597635e-05	 6.970178650355219e-05
1	 8.776372672420815e-01	 7.431371523006348e-01	-3.191912307979688e-05	 7.873899624589889e-05
1	 8.131727983584517e-01	 8.131727983584517e-01	-2.798065043941101e-05	 8.767738637740650e-05
1	 7.431371523006347e-01	 8.776372672420815e-01	-2.415199983100870e-05	 9.644099943766708e-05
1	 6.682748682761077e-01	 9.358999414552172e-01	-2.050531685810096e-05	 1.047853793893967e-04
1	 5.894182847348219e-01	 9.874644730877628e-01	-1.709194420634297e-05	 1.123650678167955e-04
1	 5.074575419136773e-01	 1.031981997493258e+00	-1.393588330966934e-05	 1.189782801827166e-04
1	 4.233089159975891e-01	 1.069256546220940e+00	-1.103941328494762e-05	 1.246036772052302e-04
1	 3.378837283730039e-01	 1.099242733022485e+00	-8.393140092846665e-06	 1.293149951710995e-04
1	 2.520598520464364e-01	 1.122036465980114e+00	-5.986659170276000e-06	 1.331260286884207e-04
1	 1.666574123845018e-01	 1.137859968053828e+00	-3.804780127444784e-06	 1.359086452009858e-04
1	 8.241973303606075e-02	 1.147042713941841e+00	-1.819188419926512e-06	 1.375138583913126e-04
1	 0.000000000000000e+00	 1.150000000000000e+00	 0.000000000000000e+00	 1.378042824644465e-04
1	 1.225000000000000e+00	 0.000000000000000e+00	-5.543807545339045e-05	 0.000000000000000e+00
1	 1.221849847459785e+00	 8.779493301503960e-02	-5.521502591617029e-05	 7.348266474011076e-06
1	 1.212068226839934e+00	 1.775263740589171e-01	-5.418888178774419e-05	 1.489230457432813e-05
1	 1.195212757239641e+00	 2.684985380458384e-01	-5.240756221582065e-05	 2.270941043433195e-05
1	 1.170932476480365e+00	 3.599196236976357e-01	-4.993851216624531e-05	 3.088820423647590e-05
1	 1.138990668800349e+00	 4.509160192106954e-01	-4.687892982130404e-05	 3.948782668227006e-05
1	 1.099285171242437e+00	 5.405525989910663e-01	-4.332310112966347e-05	 4.843753061519394e-05
1	 1.051864330027657e+00	 6.278586076487742e-01	-3.937638718974126e-05	 5.758533372278108e-05
1	 9.969368941578959e-01	 7.118580118563361e-01	-3.515278115361032e-05	 6.678050014695427e-05
1	 9.348744803217679e-01	 7.916026187526299e-01	-3.080643311900049e-05	 7.596613484527200e-05
1	 8.662058069452333e-01	 8.662058069452333e-01	-2.650086140835425e-05	 8.510635900015338e-05
1	 7.916026187526300e-01	 9.348744803217679e-01	-2.238130605816479e-05	 9.410891594633075e-05
1	 7.118580118563360e-01	 9.969368941578959e-01	-1.853026921466622e-05	 1.027339395248299e-04
1	 6.278586076487739e-01	 1.051864330027657e+00	-1.501705192964680e-05	 1.106796355401018e-04
1	 5.405525989910660e-01	 1.099285171242437e+00	-1.187260637564812e-05	 1.177320356335101e-04
1	 4.509160192106950e-01	 1.138990668800349e+00	-9.100450608261258e-06	 1.238654367493703e-04
1	 3.599196236976353e-01	 1.170932476480365e+00	-6.694279577241304e-06	 1.290698424010641e-04
1	 2.684985380458378e-01	 1.195212757239642e+00	-4.633755455853122e-06	 1.332795250303668e-04
1	 1.775263740589164e-01	 1.212068226839934e+00	-2.874458435288192e-06	 1.363237162858284e-04
1	 8.779493301503889e-02	 1.221849847459785e+00	-1.351234400363558e-06	 1.380521194500357e-04
1	 0.000000000000000e+00	 1.225000000000000e+00	 0.000000000000000e+00	 1.383395942254500e-04
1	 1.300000000000000e+00	 0.000000000000000e+00	-5.709342771825758e-05	 0.000000000000000e+00
1	 1.296656980977730e+00	 9.317013299451823e-02	-5.680812992461011e-05	 6.968834545166975e-06
1	 1.286276485626044e+00	 1.883953357341998e-01	-5.568544730371561e-05	 1.413805700034907e-05
1	 1.268389048499183e+00	 2.849372240463505e-01	-5.375390220355112e-05	 2.158862828139707e-05
1	 1.242622219938277e+00	 3.819555190235049e-01	-5.106929413399664e-05	 2.942977072975159e-05
1	 1.208724791379824e+00	 4.785231224250655e-01	-4.771845740668593e-05	 3.774973513606613e-05
1	 1.166588344991733e+00	 5.736476560696609e-01	-4.379454479945690e-05	 4.650731123100462e-05
1	 1.116264186967738e+00	 6.662989305638091e-01	-3.943949880286978e-05	 5.559301848072628e-05
1	 1.057973846860858e+00	 7.554411554374821e-01	-3.484601563056885e-05	 6.485448748265486e-05
1	 9.921116934018577e-01	 8.400680852053579e-01	-3.019088077839626e-05	 7.417173746588566e-05
1	 9.192388155325706e-01	 9.192388155325706e-01	-2.562249344802321e-05	 8.345596807531564e-05
1	 8.400680852053579e-01	 9.921116934018575e-01	-2.128366481175791e-05	 9.262384119985975e-05
1	 7.554411554374822e-01	 1.057973846860858e+00	-1.725808797163069e-05	 1.014460646710156e-04
1	 6.662989305638090e-01	 1.116264186967739e+00	-1.363597535329712e-05	 1.096846278354746e-04
1	 5.736476560696607e-01	 1.166588344991733e+00	-1.047034085413904e-05	 1.171424345825154e-04
1	 4.785231224250650e-01	 1.208724791379825e+00	-7.777744889768909e-06	 1.236689183456224e-04
1	 3.819555190235043e-01	 1.242622219938277e+00	-5.544461142106922e-06	 1.291767466102365e-04
1	 2.849372240463498e-01	 1.268389048499183e+00	-3.736840537734586e-06	 1.335941375485066e-04
1	 1.883953357341991e-01	 1.286276485626044e+00	-2.280039781894281e-06	 1.367671436252179e-04
1	 9.317013299451750e-02	 1.296656980977730e+00	-1.068531532943386e-06	 1.385754634109046e-04
1	 0.000000000000000e+00	 1.300000000000000e+00	 0.000000000000000e+00	 1.389405801209347e-04
1	 1.375000000000000e+00	 0.000000000000000e+00	-5.838921301194506e-05	 0.000000000000000e+00
1	 1.371464114495675e+00	 9.854533297442584e-02	-5.803791419220618e-05	 6.757258758307947e-06
1	 1.360484744412158e+00	 1.992642974102268e-01	-5.685627907341807e-05	 1.372155789837588e-05
1	 1.341565339758736e+00	 3.013759100478144e-01	-5.484786190360689e-05	 2.096579515956936e-05
1	 1.314311963396217e+00	 4.039914143504350e-01	-5.205158955055159e-05	 2.860420755212506e-05
1	 1.278458913959357e+00	 5.061302256405186e-01	-4.853676767298396e-05	 3.673320023378640e-05
1	 1.233891518741129e+00	 6.067427131492892e-01	-4.439140331387000e-05	 4.534669805039738e-05
1	 1.180664043907980e+00	 7.047392534797717e-01	-3.976473734293844e-05	 5.438459268262585e-05
1	 1.119010799564061e+00	 7.990242990194144e-01	-3.488285313715685e-05	 6.372489883921026e-05
1	 1.049348906482294e+00	 8.885335516587144e-01	-2.999209169287104e-05	 7.316403003127505e-05
1	 9.722718241203830e-01	 9.722718241203829e-01	-2.523334976524622e-05	 8.256326076762333e-05
1	 8.885335516587143e-01	 1.049348906482294e+00	-2.072233301564759e-05	 9.185797968957336e-05
1	 7.990242990194144e-01	 1.119010799564061e+00	-1.653691847052439e-05	 1.008645159032122e-04
1	 7.047392534797717e-01	 1.180664043907981e+00	-1.279770373977794e-05	 1.093765974427670e-04
1	 6.067427131492888e-01	 1.233891518741129e+00	-9.606877004733300e-06	 1.171120959777389e-04
1	 5.061302256405180e-01	 1.278458913959357e+00	-6.966111266185095e-06	 1.238716925941982e-04
1	 4.039914143504345e-01	 1.314311963396218e+00	-4.846408145029107e-06	 1.295403467321891e-04
1	 3.013759100478138e-01	 1.341565339758737e+00	-3.206531084064653e-06	 1.340342032901376e-04
1	 1.992642974102260e-01	 1.360484744412158e+00	-1.948604996845948e-06	 1.372377847200352e-04
1	 9.854533297442503e-02	 1.371464114495676e+00	-9.267475001604602e-07	 1.390859998579400e-04
1	 0.000000000000000e+00	 1.375000000000000e+00	 0.000000000000000e+00	 1.395729824836304e-04
1	 1.450000000000000e+00	 0.000000000000000e+00	-5.942038720250668e-05	 0.000000000000000e+00
1	 1.446271248013621e+00	 1.039205329546909e-01	-5.901109005635875e-05	 6.666826152887793e-06
1	 1.434693003198274e+00	 2.101332590868739e-01	-5.779607688875457e-05	 1.355174518985387e-05
1	 1.414741631018299e+00	 3.178145960500714e-01	-5.575518682698793e-05	 2.071376007265471e-05
1	 1.386001706854183e+00	 4.260273096782494e-01	-5.291159740074664e-05	 2.825522379825479e-05
1	 1.348193036538937e+00	 5.337373288568749e-01	-4.931772581397925e-05	 3.626471821765087e-05
1	 1.301194692490608e+00	 6.398377702297785e-01	-4.505222788471305e-05	 4.477284087617748e-05
1	 1.245063900848356e+00	 7.431795763965081e-01	-4.025990590241805e-05	 5.377160594501327e-05
1	 1.180047752267466e+00	 8.426074426020015e-01	-3.518597194249686e-05	 6.316598362248419e-05
1	 1.106586119563019e+00	 9.369990181125943e-01	-3.011474855959515e-05	 7.272840058204736e-05
1	 1.025304832708592e+00	 1.025304832708592e+00	-2.521095838187461e-05	 8.224244663378673e-05
1	 9.369990181125946e-01	 1.106586119563019e+00	-2.055070172138638e-05	 9.165328215464394e-05
1	 8.426074426020014e-01	 1.180047752267466e+00	-1.621635082175199e-05	 1.008329552309797e-04
1	 7.431795763965079e-01	 1.245063900848357e+00	-1.239045004655032e-05	 1.095328340467858e-04
1	 6.398377702297781e-01	 1.301194692490608e+00	-9.180008815038961e-06	 1.174368141729304e-04
1	 5.337373288568743e-01	 1.348193036538938e+00	-6.567846352563118e-06	 1.243249457927235e-04
1	 4.260273096782488e-01	 1.386001706854183e+00	-4.509476062952534e-06	 1.300658846956660e-04
1	 3.178145960500708e-01	 1.414741631018299e+00	-2.959341116278264e-06	 1.345618385640245e-04
1	 2.101332590868731e-01	 1.434693003198274e+00	-1.809140628215176e-06	 1.377363936555936e-04
1	 1.039205329546901e-01	 1.446271248013622e+00	-8.802264461316507e-07	 1.395915901162652e-04
1	 0.000000000000000e+00	 1.450000000000000e+00	 0.000000000000000e+00	 1.402025016595680e-04
1	 1.525000000000000e+00	 0.000000000000000e+00	-6.028154605008414e-05	 0.000000000000000e+00
1	 1.521078381531567e+00	 1.092957329352419e-01	-5.983404051942433e-05	 6.643112458698221e-06
1	 1.508901261984392e+00	 2.210022207640170e-01	-5.859820046870453e-05	 1.352254654429456e-05
1	 1.487917922277870e+00	 3.342532820529632e-01	-5.653960775131538e-05	 2.068963626300031e-05
1	 1.457691450312167e+00	 4.480632050067711e-01	-5.367592336973553e-05	 2.822134241044635e-05
1	 1.417927159118556e+00	 5.613444320739530e-01	-5.005041230215127e-05	 3.618064482493518e-05
1	 1.368497866240154e+00	 6.729328273109567e-01	-4.572699641269396e-05	 4.462538003984679e-05
1	 1.309463757788840e+00	 7.816198993138632e-01	-4.083236297862577e-05	 5.359813835642759e-05
1	 1.241084704971033e+00	 8.861905861851129e-01	-3.564090185400671e-05	 6.301980443147169e-05
1	 1.163823332643974e+00	 9.854644845668933e-01	-3.045763378383235e-05	 7.267272522961526e-05
1	 1.078337841297118e+00	 1.078337841297118e+00	-2.543558429965578e-05	 8.232013340221756e-05
1	 9.854644845668933e-01	 1.163823332643974e+00	-2.063209215107843e-05	 9.185113677453523e-05
1	 8.861905861851129e-01	 1.241084704971033e+00	-1.619016112136743e-05	 1.011426610696685e-04
1	 7.816198993138629e-01	 1.309463757788840e+00	-1.231478859527467e-05	 1.099544919387281e-04
1	 6.729328273109563e-01	 1.368497866240154e+00	-9.093014111712562e-06	 1.179613023316125e-04
1	 5.613444320739526e-01	 1.417927159118556e+00	-6.490426101039019e-06	 1.249116655818947e-04
1	 4.480632050067705e-01	 1.457691450312167e+00	-4.448420693950849e-06	 1.306719735545884e-04
1	 3.342532820529625e-01	 1.487917922277871e+00	-2.917996565079525e-06	 1.351391419735563e-04
1	 2.210022207640163e-01	 1.508901261984393e+00	-1.793682082092649e-06	 1.382656019365434e-04
1	 1.092957329352411e-01	 1.521078381531567e+00	-8.832105076788891e-07	 1.401079526303908e-04
1	 0.000000000000000e+00	 1.525000000000000e+00	 0.000000000000000e+00	 1.408007840333326e-04
1	 1.600000000000000e+00	 0.000000000000000e+00	-6.106156882059901e-05	 0.000000000000000e+00
1	 1.595885515049513e+00	 1.146709329160075e-01	-6.059874082164780e-05	 6.652551034548337e-06
1	 1.583109520770513e+00	 2.318711824415323e-01	-5.934576244217456e-05	 1.355803214005185e-05
1	 1.561094213537447e+00	 3.506919680563308e-01	-5.726294724299276e-05	 2.076976953983813e-05
1	 1.529381193770165e+00	 4.700991003358233e-01	-5.437484943135924e-05	 2.835229854600694e-05
1	 1.487661281698202e+00	 5.889515352915732e-01	-5.073359756634189e-05	 3.633736819407804e-05
1	 1.435801039989750e+00	 7.060278843926517e-01	-4.638434345374978e-05	 4.477482718733260e-05
1	 1.373863614729403e+00	 8.200602222316823e-01	-4.142443784307240e-05	 5.374282307025091e-05
1	 1.302121657674719e+00	 9.297737297686171e-01	-3.616708329197269e-05	 6.317779236383444e-05
1	 1.221060545725103e+00	 1.033929951021506e+00	-3.092308233025083e-05	 7.288953501203825e-05
1	 1.131370849885882e+00	 1.131370849885883e+00	-2.580584980425533e-05	 8.266043257658366e-05
1	 1.033929951021506e+00	 1.221060545725103e+00	-2.088482932021763e-05	 9.230327657583354e-05
1	 9.297737297686171e-01	 1.302121657674719e+00	-1.637540922934663e-05	 1.016567948783075e-04
1	 8.200602222316820e-01	 1.373863614729403e+00	-1.248002882267643e-05	 1.105256030205163e-04
1	 7.060278843926514e-01	 1.435801039989750e+00	-9.256445358128854e-06	 1.185902794415642e-04
1	 5.889515352915726e-01	 1.487661281698203e+00	-6.646826252141418e-06	 1.255574119648246e-04
1	 4.700991003358226e-01	 1.529381193770165e+00	-4.583146829045601e-06	 1.313068955317581e-04
1	 3.506919680563301e-01	 1.561094213537447e+00	-3.015791858598722e-06	 1.357600774929627e-04
1	 2.318711824415315e-01	 1.583109520770513e+00	-1.851720179939401e-06	 1.388723570453379e-04
1	 1.146709329160066e-01	 1.595885515049514e+00	-9.066034999149161e-07	 1.407110129584992e-04
1	 0.000000000000000e+00	 1.600000000000000e+00	 0.000000000000000e+00	 1.414359267163907e-04
1	 1.675000000000000e+00	 0.000000000000000e+00	-6.184470975082732e-05	 0.000000000000000e+00
1	 1.670692648567460e+00	 1.200461328969160e-01	-6.138327635919001e-05	 6.687247929442622e-06
1	 1.657317779556635e+00	 2.427401441192957e-01	-6.011093316790377e-05	 1.364114710514272e-05
1	 1.634270504797028e+00	 3.671306540600157e-01	-5.798934743827452e-05	 2.092017560907009e-05
1	 1.601070937228173e+00	 4.921349956652292e-01	-5.505687206457868e-05	 2.858032430755500e-05
1	 1.557395404277869e+00	 6.165586385095544e-01	-5.138740791158151e-05	 3.663499246821220e-05
1	 1.503104213739380e+00	 7.391229414746914e-01	-4.701937224292900e-05	 4.512660431094964e-05
1	 1.438263471670020e+00	 8.585005451498104e-01	-4.202100562918341e-05	 5.412067526246807e-05
1	 1.363158610378488e+00	 9.733568733523841e-01	-3.672943371031255e-05	 6.356826057888830e-05
1	 1.278297758806347e+00	 1.082395417476329e+00	-3.145350276436974e-05	 7.332463362326203e-05
1	 1.184403858474805e+00	 1.184403858474805e+00	-2.626583247627165e-05	 8.318895463301038e-05
1	 1.082395417476329e+00	 1.278297758806347e+00	-2.126205382767968e-05	 9.292560355321824e-05
1	 9.733568733523839e-01	 1.363158610378488e+00	-1.670839211746780e-05	 1.023193096903975e-04
1	 8.585005451498103e-01	 1.438263471670020e+00	-1.281194797640939e-05	 1.112120279884748e-04
1	 7.391229414746907e-01	 1.503104213739380e+00	-9.591009444370486e-06	 1.192957623238261e-04
1	 6.165586385095539e-01	 1.557395404277869e+00	-6.955500977772156e-06	 1.262611777645372e-04
1	 4.921349956652285e-01	 1.601070937228173e+00	-4.841313480141584e-06	 1.320260167970494e-04
1	 3.671306540600148e-01	 1.634270504797028e+00	-3.202369501007966e-06	 1.365187109164556e-04
1	 2.427401441192949e-01	 1.657317779556636e+00	-1.954618562394811e-06	 1.396701853364537e-04
1	 1.200461328969151e-01	 1.670692648567460e+00	-9.387331489298736e-07	 1.415293260301696e-04
1	 0.000000000000000e+00	 1.675000000000000e+00	 0.000000000000000e+00	 1.422542542422209e-04
1	 1.750000000000000e+00	 0.000000000000000e+00	-6.271510206937808e-05	 0.000000000000000e+00
1	 1.745499782085407e+00	 1.254213328778960e-01	-6.226494746802039e-05	 6.742582155691765e-06
1	 1.731526038342757e+00	 2.536091057971830e-01	-6.097013106793212e-05	 1.376335278063332e-05
1	 1.707446796056611e+00	 3.835693400638593e-01	-5.879528588570042e-05	 2.112790960817376e-05
1	 1.672760680686186e+00	 5.141708909948119e-01	-5.579558235092814e-05	 2.888730923223513e-05
1	 1.627129526857544e+00	 6.441657417277161e-01	-5.207401673804552e-05	 3.704118848643214e-05
1	 1.570407387489025e+00	 7.722179985569031e-01	-4.767033045294946e-05	 4.562669022618675e-05
1	 1.502663328610663e+00	 8.969408680680937e-01	-4.264940692731505e-05	 5.467835754309658e-05
1	 1.424195563082296e+00	 1.016940016936282e+00	-3.733410552977535e-05	 6.414935606384547e-05
1	 1.335534971887649e+00	 1.130860883931256e+00	-3.203406809496407e-05	 7.395420581330491e-05
1	 1.237436867063807e+00	 1.237436867063807e+00	-2.680258087347010e-05	 8.389152274096544e-05
1	 1.130860883931256e+00	 1.335534971887649e+00	-2.173545453676875e-05	 9.370124259029010e-05
1	 1.016940016936282e+00	 1.424195563082296e+00	-1.714213022883855e-05	 1.031426987907496e-04
1	 8.969408680680935e-01	 1.502663328610664e+00	-1.325401701443721e-05	 1.120521338659608e-04
1	 7.722179985569027e-01	 1.570407387489026e+00	-1.002275759621627e-05	 1.201411383212601e-04
1	 6.441657417277156e-01	 1.627129526857544e+00	-7.335416432365289e-06	 1.271389804795726e-04
1	 5.141708909948112e-01	 1.672760680686186e+00	-5.152081616720192e-06	 1.329667382169891e-04
1	 3.835693400638585e-01	 1.707446796056611e+00	-3.427275001716426e-06	 1.375492651072490e-04
1	 2.536091057971822e-01	 1.731526038342757e+00	-2.075456195614685e-06	 1.407872600052899e-04
1	 1.254213328778950e-01	 1.745499782085407e+00	-9.708770098207542e-07	 1.426929860046650e-04
1	 0.000000000000000e+00	 1.750000000000000e+00	 0.000000000000000e+00	 1.434043658980623e-04
1	 1.825000000000000e+00	 0.000000000000000e+00	-6.371020575461788e-05	 0.000000000000000e+00
1	 1.820306915603353e+00	 1.307965328588760e-01	-6.327502377790078e-05	 6.817814546339427e-06
1	 1.805734297128880e+00	 2.644780674750705e-01	-6.196242170500634e-05	 1.392312835396602e-05
1	 1.780623087316193e+00	 4.000080260677027e-01	-5.973232857777441e-05	 2.138721572562579e-05
1	 1.744450424144199e+00	 5.362067863243947e-01	-5.665175835044781e-05	 2.926018000871841e-05
1	 1.696863649437219e+00	 6.717728449458781e-01	-5.285607266566539e-05	 3.753615811145755e-05
1	 1.637710561238671e+00	 8.053130556391148e-01	-4.840106464655758e-05	 4.624715695865152e-05
1	 1.567063185551308e+00	 9.353811909863771e-01	-4.335819666861045e-05	 5.538654272651018e-05
1	 1.485232515786104e+00	 1.060523160520179e+00	-3.801269256098891e-05	 6.490418235056050e-05
1	 1.392772184968951e+00	 1.179326350386183e+00	-3.268114982061763e-05	 7.477037889148206e-05
1	 1.290469875652809e+00	 1.290469875652809e+00	-2.741387887271400e-05	 8.477648475048470e-05
1	 1.179326350386184e+00	 1.392772184968951e+00	-2.229057295045422e-05	 9.465720872974396e-05
1	 1.060523160520179e+00	 1.485232515786104e+00	-1.765403121502486e-05	 1.041726794218786e-04
1	 9.353811909863766e-01	 1.567063185551308e+00	-1.376438522452866e-05	 1.131178628729345e-04
1	 8.053130556391142e-01	 1.637710561238671e+00	-1.048736436787018e-05	 1.212341736668521e-04
1	 6.717728449458775e-01	 1.696863649437219e+00	-7.720279953346330e-06	 1.283040427307818e-04
1	 5.362067863243939e-01	 1.744450424144199e+00	-5.457626121717435e-06	 1.342381498955674e-04
1	 4.000080260677019e-01	 1.780623087316193e+00	-3.649636237864427e-06	 1.389414647118966e-04
1	 2.644780674750695e-01	 1.805734297128879e+00	-2.196168142592472e-06	 1.422852370328898e-04
1	 1.307965328588750e-01	 1.820306915603354e+00	-1.001380734477331e-06	 1.442464505921454e-04
1	 0.000000000000000e+00	 1.825000000000000e+00	 0.000000000000000e+00	 1.449429122826635e-04
1	 1.900000000000000e+00	 0.000000000000000e+00	-6.469027640237178e-05	 0.000000000000000e+00
1	 1.895114049121300e+00	 1.361717328397846e-01	-6.426783850104875e-05	 6.920209970977236e-06
1	 1.879942555915001e+00	 2.753470291528338e-01	-6.296077985361141e-05	 1.413489982603111e-05
1	 1.853799378575775e+00	 4.164467120713877e-01	-6.070854835207690e-05	 2.171230912935948e-05
1	 1.816140167602207e+00	 5.582426816538009e-01	-5.756917914865731e-05	 2.970616602914133e-05
1	 1.766597772016885e+00	 6.993799481638593e-01	-5.370542830421951e-05	 3.811939643892561e-05
1	 1.705013734988301e+00	 8.384081127211545e-01	-4.920800715741252e-05	 4.697855508548098e-05
1	 1.631463042491925e+00	 9.738215139045051e-01	-4.415251732102720e-05	 5.623338602261091e-05
1	 1.546269468489872e+00	 1.104106304103946e+00	-3.878399839927469e-05	 6.583544171583617e-05
1	 1.450009398050195e+00	 1.227791816841006e+00	-3.341523451393484e-05	 7.576724106953885e-05
1	 1.343502884241732e+00	 1.343502884241732e+00	-2.811186746598457e-05	 8.583994727154887e-05
1	 1.227791816841006e+00	 1.450009398050194e+00	-2.294096988762122e-05	 9.579971671555074e-05
1	 1.104106304103946e+00	 1.546269468489872e+00	-1.826942316681402e-05	 1.054041506334297e-04
1	 9.738215139045050e-01	 1.631463042491925e+00	-1.434107744441263e-05	 1.143930402084313e-04
1	 8.384081127211539e-01	 1.705013734988301e+00	-1.098407968848483e-05	 1.225451423456101e-04
1	 6.993799481638587e-01	 1.766597772016886e+00	-8.109758341565104e-06	 1.296950580617678e-04
1	 5.582426816537996e-01	 1.816140167602207e+00	-5.760207579310678e-06	 1.357359237382292e-04
1	 4.164467120713868e-01	 1.853799378575775e+00	-3.877855709251273e-06	 1.405299473724983e-04
1	 2.753470291528328e-01	 1.879942555915001e+00	-2.334923830561861e-06	 1.439278791532086e-04
1	 1.361717328397835e-01	 1.895114049121300e+00	-1.049483254012688e-06	 1.459045967831805e-04
1	 0.000000000000000e+00	 1.900000000000000e+00	 0.000000000000000e+00	 1.465776150929144e-04
1	 1.975000000000000e+00	 0.000000000000000e+00	-6.559022016979993e-05	 0.000000000000000e+00
1	 1.969921182639246e+00	 1.415469328205501e-01	-6.517025113663196e-05	 7.051834734353910e-06
1	 1.954150814701122e+00	 2.862159908303491e-01	-6.387818244823092e-05	 1.440581497880750e-05
1	 1.926975669835351e+00	 4.328853980747553e-01	-6.163244849367645e-05	 2.211508989530197e-05
1	 1.887829911060205e+00	 5.802785769828528e-01	-5.847836229636399e-05	 3.023247804313647e-05
1	 1.836331894596532e+00	 7.269870513814793e-01	-5.458224583761233e-05	 3.878828675494084e-05
1	 1.772316908737897e+00	 8.715031698028494e-01	-5.006992798614145e-05	 4.780870700404767e-05
1	 1.695862899432489e+00	 1.012261836822325e+00	-4.501831800128614e-05	 5.720282804033233e-05
1	 1.607306421193559e+00	 1.147689447687451e+00	-3.963923577755641e-05	 6.692718017381814e-05
1	 1.507246611131324e+00	 1.276257283295619e+00	-3.423541925329853e-05	 7.693446588216937e-05
1	 1.396535892830496e+00	 1.396535892830496e+00	-2.889374687115320e-05	 8.706913074173065e-05
1	 1.276257283295619e+00	 1.507246611131323e+00	-2.368639649389456e-05	 9.712168497683894e-05
1	 1.147689447687451e+00	 1.607306421193560e+00	-1.898054736374978e-05	 1.068089114353269e-04
1	 1.012261836822324e+00	 1.695862899432489e+00	-1.498291483101495e-05	 1.158335809831583e-04
1	 8.715031698028489e-01	 1.772316908737897e+00	-1.151959253521281e-05	 1.240134733742116e-04
1	 7.269870513814788e-01	 1.836331894596532e+00	-8.516144677009914e-06	 1.312224603517646e-04
1	 5.802785769828521e-01	 1.887829911060206e+00	-6.074648700214545e-06	 1.373249140861763e-04
1	 4.328853980747543e-01	 1.926975669835352e+00	-4.127180530682628e-06	 1.421445722079592e-04
1	 2.862159908303480e-01	 1.954150814701121e+00	-2.505054839503680e-06	 1.455469094820609e-04
1	 1.415469328205490e-01	 1.969921182639246e+00	-1.124637490619899e-06	 1.475155627863921e-04
1	 0.000000000000000e+00	 1.975000000000000e+00	 0.000000000000000e+00	 1.481652843539252e-04
1	 2.050000000000000e+00	 0.000000000000000e+00	-6.642863932004175e-05	 0.000000000000000e+00
1	 2.044728316157192e+00	 1.469221328011012e-01	-6.600515822437233e-05	 7.207781229878002e-06
1	 2.028359073487240e+00	 2.970849525074922e-01	-6.473355810063460e-05	 1.472507549969216e-05
1	 2.000151961094923e+00	 4.493240840776471e-01	-6.250914572679173e-05	 2.258293155874309e-05
1	 1.959519654518189e+00	 6.023144723113747e-01	-5.936130659301511e-05	 3.083125735401609e-05
1	 1.906066017176151e+00	 7.545941545985581e-01	-5.545991941616182e-05	 3.953131206555591e-05
1	 1.839620082487442e+00	 9.045982268840275e-01	-5.096176394004644e-05	 4.871655112669534e-05
1	 1.760262756372972e+00	 1.050702159739680e+00	-4.593180099418694e-05	 5.826994404602867e-05
1	 1.668343373897126e+00	 1.191272591270562e+00	-4.054936612683270e-05	 6.814406849784079e-05
1	 1.564483824212279e+00	 1.324722749749918e+00	-3.511404161194387e-05	 7.824007968571282e-05
1	 1.449568901419023e+00	 1.449568901419023e+00	-2.973469642797662e-05	 8.843834745048575e-05
1	 1.324722749749918e+00	 1.564483824212279e+00	-2.449475218829389e-05	 9.859359889124551e-05
1	 1.191272591270562e+00	 1.668343373897126e+00	-1.975277139778720e-05	 1.083471715617547e-04
1	 1.050702159739679e+00	 1.760262756372972e+00	-1.567565839641164e-05	 1.173906115566891e-04
1	 9.045982268840272e-01	 1.839620082487443e+00	-1.208884611799641e-05	 1.255805221050775e-04
1	 7.545941545985573e-01	 1.906066017176150e+00	-8.945723688699632e-06	 1.328182669034649e-04
1	 6.023144723113738e-01	 1.959519654518190e+00	-6.408770987358547e-06	 1.389539991303641e-04
1	 4.493240840776461e-01	 2.000151961094923e+00	-4.398168474028276e-06	 1.437749186645397e-04
1	 2.970849525074912e-01	 2.028359073487241e+00	-2.701711441319588e-06	 1.471564362671185e-04
1	 1.469221328011000e-01	 2.044728316157192e+00	-1.222921978071641e-06	 1.491025035149640e-04
1	 0.000000000000000e+00	 2.050000000000000e+00	 0.000000000000000e+00	 1.497290091838002e-04
1	 2.125000000000000e+00	 0.000000000000000e+00	-6.722579596227188e-05	 0.000000000000000e+00
1	 2.119535449675138e+00	 1.522973327813662e-01	-6.679746639861235e-05	 7.382270606155081e-06
1	 2.102567332273357e+00	 3.079539141841394e-01	-6.554981836543978e-05	 1.507935690578539e-05
1	 2.073328252354485e+00	 4.657627700799043e-01	-6.335919314684712e-05	 2.309817464872856e-05
1	 2.031209397976154e+00	 6.243503676391891e-01	-6.023546413996959e-05	 3.148581103616235e-05
1	 1.975800139755730e+00	 7.822012578149141e-01	-5.633977184053585e-05	 4.033329034971887e-05
1	 1.906923256236922e+00	 9.376932839645170e-01	-5.185491273328765e-05	 4.967527659392877e-05
1	 1.824662613313348e+00	 1.089142482656416e+00	-4.686005713624693e-05	 5.940214356157631e-05
1	 1.729380326600531e+00	 1.234855734853149e+00	-4.147958758061084e-05	 6.944224052969347e-05
1	 1.621721037293004e+00	 1.373188216203798e+00	-3.601480177220235e-05	 7.963421771062895e-05
1	 1.502601910007232e+00	 1.502601910007232e+00	-3.059613224013272e-05	 8.990314844451148e-05
1	 1.373188216203798e+00	 1.621721037293004e+00	-2.532478731514471e-05	 1.001626127075699e-04
1	 1.234855734853149e+00	 1.729380326600531e+00	-2.054998686789055e-05	 1.099682726758937e-04
1	 1.089142482656416e+00	 1.824662613313348e+00	-1.639633183980873e-05	 1.190073733738060e-04
1	 9.376932839645163e-01	 1.906923256236921e+00	-1.267793679158496e-05	 1.271908652674434e-04
1	 7.822012578149131e-01	 1.975800139755730e+00	-9.402091056658825e-06	 1.344687229531564e-04
1	 6.243503676391881e-01	 2.031209397976155e+00	-6.767147737229654e-06	 1.406322031310869e-04
1	 4.657627700799032e-01	 2.073328252354486e+00	-4.690208226515704e-06	 1.454330551259693e-04
1	 3.079539141841383e-01	 2.102567332273357e+00	-2.919037749462531e-06	 1.487733934450213e-04
1	 1.522973327813650e-01	 2.119535449675138e+00	-1.339190056433015e-06	 1.506888455159358e-04
1	 0.000000000000000e+00	 2.125000000000000e+00	 0.000000000000000e+00	 1.512951763234177e-04
1	 2.200000000000000e+00	 0.000000000000000e+00	-6.800195220570838e-05	 0.000000000000000e+00
1	 2.194342583193083e+00	 1.576725327612739e-01	-6.757110398182115e-05	 7.568820210492027e-06
1	 2.176775591059471e+00	 3.188228758601663e-01	-6.634573365181947e-05	 1.545428655171898e-05
1	 2.146504543614039e+00	 4.822014560813682e-01	-6.419641359883276e-05	 2.364445993324613e-05
1	 2.102899141434095e+00	 6.463862629661192e-01	-6.111253215988659e-05	 3.218323322342904e-05
1	 2.045534262335263e+00	 8.098083610303674e-01	-5.723088576124695e-05	 4.118385426550515e-05
1	 1.974226429986318e+00	 9.707883410441449e-01	-5.274478214009233e-05	 5.067134301023375e-05
1	 1.889062470253590e+00	 1.127582805572379e+00	-4.776768433205253e-05	 6.056199235501798e-05
1	 1.790417279303735e+00	 1.278438878435081e+00	-4.240215831710477e-05	 7.077863768189286e-05
1	 1.678958250373440e+00	 1.421653682657154e+00	-3.691334393078543e-05	 8.107060402285664e-05
1	 1.555634918595044e+00	 1.555634918595044e+00	-3.144968616256027e-05	 9.140455109496574e-05
1	 1.421653682657154e+00	 1.678958250373440e+00	-2.615243737249463e-05	 1.017761422583914e-04
1	 1.278438878435082e+00	 1.790417279303735e+00	-2.134889624601830e-05	 1.116187409964408e-04
1	 1.127582805572378e+00	 1.889062470253590e+00	-1.712111077057794e-05	 1.206222575802933e-04
1	 9.707883410441444e-01	 1.974226429986318e+00	-1.328221042862993e-05	 1.288354306852164e-04
1	 8.098083610303667e-01	 2.045534262335264e+00	-9.889704670407708e-06	 1.361796424944843e-04
1	 6.463862629661183e-01	 2.102899141434096e+00	-7.157044599526768e-06	 1.423591925450762e-04
1	 4.822014560813671e-01	 2.146504543614040e+00	-5.005256528433404e-06	 1.471169397283204e-04
1	 3.188228758601652e-01	 2.176775591059471e+00	-3.151809501280515e-06	 1.504037573955679e-04
1	 1.576725327612726e-01	 2.194342583193083e+00	-1.467558919659813e-06	 1.522929293142904e-04
1	 0.000000000000000e+00	 2.200000000000000e+00	 0.000000000000000e+00	 1.528901725137513e-04
1	 2.275000000000000e+00	 0.000000000000000e+00	-6.877963031663157e-05	 0.000000000000000e+00
1	 2.269149716711028e+00	 1.630477327407525e-01	-6.835037242594205e-05	 7.760672419795668e-06
1	 2.250983849845581e+00	 3.296918375354492e-01	-6.713622035315505e-05	 1.583497827452258e-05
1	 2.219680834873580e+00	 4.986401420818802e-01	-6.502803505670458e-05	 2.420743258030929e-05
1	 2.174588884892009e+00	 6.684221582919886e-01	-6.199809880696738e-05	 3.291552908893105e-05
1	 2.115268384914739e+00	 8.374154642447373e-01	-5.814044642729191e-05	 4.207994348701388e-05
1	 2.041529603735614e+00	 1.003883398122740e+00	-5.364356070347565e-05	 5.170666358674015e-05
1	 1.953462327193672e+00	 1.166023128487414e+00	-4.865274603392305e-05	 6.173331719181966e-05
1	 1.851454232006696e+00	 1.322022022016228e+00	-4.330439801636907e-05	 7.212013651946803e-05
1	 1.736195463453530e+00	 1.470119149109883e+00	-3.780418826947876e-05	 8.251859745298388e-05
1	 1.608667927182382e+00	 1.608667927182381e+00	-3.229839168636612e-05	 9.290809563427406e-05
1	 1.470119149109883e+00	 1.736195463453530e+00	-2.697584852370574e-05	 1.033974796066822e-04
1	 1.322022022016228e+00	 1.851454232006696e+00	-2.214543554579205e-05	 1.132543290478800e-04
1	 1.166023128487413e+00	 1.953462327193672e+00	-1.784564922050692e-05	 1.222276736924490e-04
1	 1.003883398122739e+00	 2.041529603735614e+00	-1.390568847842612e-05	 1.305376435097552e-04
1	 8.374154642447366e-01	 2.115268384914740e+00	-1.041470121120759e-05	 1.379577009091421e-04
1	 6.684221582919875e-01	 2.174588884892009e+00	-7.588437036858789e-06	 1.441255719025059e-04
1	 4.986401420818791e-01	 2.219680834873581e+00	-5.347946274837937e-06	 1.488115378387718e-04
1	 3.296918375354480e-01	 2.250983849845581e+00	-3.395789753490550e-06	 1.520441779316924e-04
1	 1.630477327407512e-01	 2.269149716711028e+00	-1.601805837262818e-06	 1.539326067916905e-04
1	 0.000000000000000e+00	 2.275000000000000e+00	 0.000000000000000e+00	 1.545447608450955e-04
1	 2.350000000000001e+00	 0.000000000000000e+00	-6.960435016397187e-05	 0.000000000000000e+00
1	 2.343956850228973e+00	 1.684229327197307e-01	-6.917891398479587e-05	 7.956772218092932e-06
1	 2.325192108631687e+00	 3.405607992098638e-01	-6.795494416698766e-05	 1.621756878051601e-05
1	 2.292857126133108e+00	 5.150788280812819e-01	-6.586659324344864e-05	 2.478038324548190e-05
1	 2.246278628349887e+00	 6.904580536166198e-01	-6.289393661364012e-05	 3.368028163236681e-05
1	 2.185002507494149e+00	 8.650225674578433e-01	-5.907792882493759e-05	 4.302673641519302e-05
1	 2.108832777484793e+00	 1.036978455200129e+00	-5.457227061398830e-05	 5.279635101012036e-05
1	 2.017862184133566e+00	 1.204463451401366e+00	-4.954989675787286e-05	 6.293631016204395e-05
1	 1.912491184709375e+00	 1.365605165596456e+00	-4.419832385597996e-05	 7.346389848977864e-05
1	 1.793432676533217e+00	 1.518584615561878e+00	-3.870300933212695e-05	 8.397895536973420e-05
1	 1.661700935769163e+00	 1.661700935769163e+00	-3.316578582948959e-05	 9.443378506168247e-05
1	 1.518584615561878e+00	 1.793432676533216e+00	-2.781466118670347e-05	 1.050256634412689e-04
1	 1.365605165596456e+00	 1.912491184709376e+00	-2.295623267135181e-05	 1.148734635860256e-04
1	 1.204463451401365e+00	 2.017862184133566e+00	-1.858471692079107e-05	 1.238888761494046e-04
1	 1.036978455200128e+00	 2.108832777484793e+00	-1.455605700312919e-05	 1.323426610325806e-04
1	 8.650225674578425e-01	 2.185002507494149e+00	-1.098521958035097e-05	 1.398176306337331e-04
1	 6.904580536166188e-01	 2.246278628349887e+00	-8.073555087956500e-06	 1.459180496388184e-04
1	 5.150788280812806e-01	 2.292857126133109e+00	-5.724283114075865e-06	 1.505220603490529e-04
1	 3.405607992098625e-01	 2.325192108631687e+00	-3.649636725699713e-06	 1.537497199783395e-04
1	 1.684229327197294e-01	 2.343956850228973e+00	-1.739040041534670e-06	 1.556849765728940e-04
1	 0.000000000000000e+00	 2.350000000000001e+00	 0.000000000000000e+00	 1.563342347389738e-04
1	 2.425000000000001e+00	 0.000000000000000e+00	-7.053504787558626e-05	 0.000000000000000e+00
1	 2.418763983746917e+00	 1.737981326981369e-01	-7.011485123037238e-05	 8.161395981360630e-06
1	 2.399400367417789e+00	 3.514297608832863e-01	-6.886556580074453e-05	 1.661529048619867e-05
1	 2.366033417392620e+00	 5.315175140794144e-01	-6.677231811065326e-05	 2.538204531934409e-05
1	 2.317968371807728e+00	 7.124939489398363e-01	-6.383011241427931e-05	 3.449153152942747e-05
1	 2.254736630073483e+00	 8.926296706695047e-01	-6.005949326790796e-05	 4.403934436988940e-05
1	 2.176135951233839e+00	 1.070073512276140e+00	-5.556241430243351e-05	 5.397182811244682e-05
1	 2.082262041073245e+00	 1.242903774314080e+00	-5.050607021818167e-05	 6.422181946872546e-05
1	 1.973528137411732e+00	 1.409188309175636e+00	-4.513386463445663e-05	 7.487646253225550e-05
1	 1.850669889612441e+00	 1.567050082013035e+00	-3.964395427767361e-05	 8.551427664717021e-05
1	 1.714733944355311e+00	 1.714733944355311e+00	-3.408594066200138e-05	 9.606231390957543e-05
1	 1.567050082013035e+00	 1.850669889612441e+00	-2.870382118531708e-05	 1.067302689338915e-04
1	 1.409188309175636e+00	 1.973528137411732e+00	-2.380890703080850e-05	 1.165915398320174e-04
1	 1.242903774314080e+00	 2.082262041073246e+00	-1.935777900799283e-05	 1.257153171042793e-04
1	 1.070073512276139e+00	 2.176135951233839e+00	-1.524407510636397e-05	 1.343244299703144e-04
1	 8.926296706695038e-01	 2.254736630073483e+00	-1.161101994346605e-05	 1.417920389164101e-04
1	 7.124939489398354e-01	 2.317968371807728e+00	-8.617805819294041e-06	 1.478050474772287e-04
1	 5.315175140794132e-01	 2.366033417392621e+00	-6.135044981327249e-06	 1.523897125257552e-04
1	 3.514297608832849e-01	 2.399400367417789e+00	-3.914538724602438e-06	 1.556654244587460e-04
1	 1.737981326981355e-01	 2.418763983746917e+00	-1.878927925387555e-06	 1.576723921835718e-04
1	 0.000000000000000e+00	 2.425000000000001e+00	 0.000000000000000e+00	 1.583598655617759e-04
1	 2.500000000000000e+00	 0.000000000000000e+00	-7.163082721609294e-05	 0.000000000000000e+00
1	 2.493571117264860e+00	 1.791733326758997e-01	-7.121693721515209e-05	 8.380406397035678e-06
1	 2.473608626203884e+00	 3.622987225555924e-01	-6.993535044446625e-05	 1.704568345863024e-05
1	 2.439209708652113e+00	 5.479562000761188e-01	-6.782001836804352e-05	 2.604076800257779e-05
1	 2.389658115265525e+00	 7.345298442614614e-01	-6.488272411163091e-05	 3.538489835588897e-05
1	 2.324470752652729e+00	 9.202367738795407e-01	-6.113555080481834e-05	 4.515394877994405e-05
1	 2.243439124982734e+00	 1.103168569350600e+00	-5.665638133699813e-05	 5.528460702381227e-05
1	 2.146661898012684e+00	 1.281344097225402e+00	-5.157581991431757e-05	 6.567198117828322e-05
1	 2.034565090113726e+00	 1.452771452753637e+00	-4.617162347525055e-05	 7.646833191262739e-05
1	 1.907907102691146e+00	 1.615515548463250e+00	-4.067079876230706e-05	 8.725528448630571e-05
1	 1.767766952940745e+00	 1.767766952940745e+00	-3.509651745276011e-05	 9.793043128929123e-05
1	 1.615515548463250e+00	 1.907907102691145e+00	-2.967988723718248e-05	 1.086621807344388e-04
1	 1.452771452753637e+00	 2.034565090113726e+00	-2.472952799193915e-05	 1.185879370546563e-04
1	 1.281344097225402e+00	 2.146661898012684e+00	-2.018477381246977e-05	 1.278598177566305e-04
1	 1.103168569350599e+00	 2.243439124982734e+00	-1.598251700970321e-05	 1.365923589127994e-04
1	 9.202367738795398e-01	 2.324470752652729e+00	-1.229336553977624e-05	 1.440126568091336e-04
1	 7.345298442614605e-01	 2.389658115265525e+00	-9.212491201197792e-06	 1.499846752795836e-04
1	 5.479562000761176e-01	 2.439209708652114e+00	-6.576534899561242e-06	 1.545987004271469e-04
1	 3.622987225555909e-01	 2.473608626203884e+00	-4.191080348645830e-06	 1.579463677539530e-04
1	 1.791733326758982e-01	 2.493571117264860e+00	-2.021143994919307e-06	 1.600195168504325e-04
1	 0.000000000000000e+00	 2.500000000000000e+00	 0.000000000000000e+00	 1.607232492754788e-04
