2

206000  3.000000e-01

1

16

2     2

7     7

4     4

0   1   2   3   4   5   6   7   8   9   10  11  12  13  14  15

8     0     1

0.0000000000000000e+00  0.0000000000000000e+00  0.0000000000000000e+00  5.0000000000000000e-01  1.0000000000000000e+00  1.0000000000000000e+00  1.0000000000000000e+00
0.0000000000000000e+00  0.0000000000000000e+00  0.0000000000000000e+00  5.0000000000000000e-01  1.0000000000000000e+00  1.0000000000000000e+00  1.0000000000000000e+00

0    0.0000000000000000e+00  0.0000000000000000e+00  1.0000000000000000e+00
1    1.0000000000000000e+00  0.0000000000000000e+00  1.0000000000000000e+00
2    3.0000000000000000e+00  0.0000000000000000e+00  1.0000000000000000e+00
3    4.0000000000000000e+00  0.0000000000000000e+00  1.0000000000000000e+00
4    0.0000000000000000e+00  1.0000000000000000e+00  1.0000000000000000e+00
5    1.0000000000000000e+00  1.0000000000000000e+00  1.0000000000000000e+00
6    3.0000000000000000e+00  1.0000000000000000e+00  1.0000000000000000e+00
7    4.0000000000000000e+00  1.0000000000000000e+00  1.0000000000000000e+00
8    0.0000000000000000e+00  3.0000000000000000e+00  1.0000000000000000e+00
9    1.0000000000000000e+00  3.0000000000000000e+00  1.0000000000000000e+00
10   3.0000000000000000e+00  3.0000000000000000e+00  1.0000000000000000e+00
11   4.0000000000000000e+00  3.0000000000000000e+00  1.0000000000000000e+00
12   0.0000000000000000e+00  4.0000000000000000e+00  1.0000000000000000e+00
13   1.0000000000000000e+00  4.0000000000000000e+00  1.0000000000000000e+00
14   3.0000000000000000e+00  4.0000000000000000e+00  1.0000000000000000e+00
15   4.0000000000000000e+00  4.0000000000000000e+00  1.0000000000000000e+00

0   0   0.000000e+00
4   0   0.000000e+00
8   0   0.000000e+00
12  0   0.000000e+00
0   1   0.000000e+00
1   1   0.000000e+00
2   1   0.000000e+00
3   1   0.000000e+00

1     0     0     1.000000e+00  0.000000e+00  1.000000e+00  1.000000e+01  0.000000e+00  0.000000e+00