0:  0.000000e+00  0.000000e+00	 0.000000e+00 0.000000e+00 
1:  1.960784e-01  0.000000e+00	 3.728821e-07 0.000000e+00 
2:  5.882353e-01  0.000000e+00	 -1.569373e-06 0.000000e+00 
3:  1.176471e+00  0.000000e+00	 3.739487e-06 0.000000e+00 
4:  1.764706e+00  0.000000e+00	 -3.807220e-05 0.000000e+00 
5:  2.352941e+00  0.000000e+00	 -7.252411e-05 0.000000e+00 
6:  2.941176e+00  0.000000e+00	 -7.654321e-05 0.000000e+00 
7:  3.529412e+00  0.000000e+00	 -8.684694e-05 0.000000e+00 
8:  4.117647e+00  0.000000e+00	 -9.593373e-05 0.000000e+00 
9:  4.705882e+00  0.000000e+00	 -1.061652e-04 0.000000e+00 
10:  5.294118e+00  0.000000e+00	 -1.164544e-04 0.000000e+00 
11:  5.882353e+00  0.000000e+00	 -1.270248e-04 0.000000e+00 
12:  6.470588e+00  0.000000e+00	 -1.377318e-04 0.000000e+00 
13:  7.058824e+00  0.000000e+00	 -1.485377e-04 0.000000e+00 
14:  7.647059e+00  0.000000e+00	 -1.594182e-04 0.000000e+00 
15:  8.235294e+00  0.000000e+00	 -1.703321e-04 0.000000e+00 
16:  8.823529e+00  0.000000e+00	 -1.812568e-04 0.000000e+00 
17:  9.411765e+00  0.000000e+00	 -1.921521e-04 0.000000e+00 
18:  9.803922e+00  0.000000e+00	 -1.993658e-04 0.000000e+00 
19:  1.000000e+01  0.000000e+00	 -2.029480e-04 0.000000e+00 
20:  0.000000e+00  1.960784e-01	 0.000000e+00 -9.649518e-07 
21:  1.960784e-01  1.960784e-01	 6.244185e-07 -1.329752e-06 
22:  5.882353e-01  1.960784e-01	 -4.558111e-06 -3.188597e-07 
23:  1.176471e+00  1.960784e-01	 6.475083e-06 1.184644e-06 
24:  1.764706e+00  1.960784e-01	 -4.944989e-05 9.588968e-06 
25:  2.352941e+00  1.960784e-01	 -7.145398e-05 9.475128e-06 
26:  2.941176e+00  1.960784e-01	 -7.691037e-05 8.708577e-06 
27:  3.529412e+00  1.960784e-01	 -8.669098e-05 9.040523e-06 
28:  4.117647e+00  1.960784e-01	 -9.601064e-05 8.707174e-06 
29:  4.705882e+00  1.960784e-01	 -1.061334e-04 8.858594e-06 
30:  5.294118e+00  1.960784e-01	 -1.164683e-04 8.730768e-06 
31:  5.882353e+00  1.960784e-01	 -1.270206e-04 8.756262e-06 
32:  6.470588e+00  1.960784e-01	 -1.377332e-04 8.701448e-06 
33:  7.058824e+00  1.960784e-01	 -1.485379e-04 8.679895e-06 
34:  7.647059e+00  1.960784e-01	 -1.594180e-04 8.636581e-06 
35:  8.235294e+00  1.960784e-01	 -1.703325e-04 8.592644e-06 
36:  8.823529e+00  1.960784e-01	 -1.812567e-04 8.535191e-06 
37:  9.411765e+00  1.960784e-01	 -1.921524e-04 8.462465e-06 
38:  9.803922e+00  1.960784e-01	 -1.993657e-04 8.397369e-06 
39:  1.000000e+01  1.960784e-01	 -2.029481e-04 8.358491e-06 
40:  0.000000e+00  5.882353e-01	 0.000000e+00 4.090665e-06 
41:  1.960784e-01  5.882353e-01	 9.893110e-08 5.415989e-06 
42:  5.882353e-01  5.882353e-01	 3.716666e-06 3.199982e-06 
43:  1.176471e+00  5.882353e-01	 2.024337e-06 -1.009834e-05 
44:  1.764706e+00  5.882353e-01	 -5.915921e-05 2.694849e-05 
45:  2.352941e+00  5.882353e-01	 -6.662745e-05 2.836885e-05 
46:  2.941176e+00  5.882353e-01	 -7.600509e-05 2.642295e-05 
47:  3.529412e+00  5.882353e-01	 -8.556460e-05 2.685635e-05 
48:  4.117647e+00  5.882353e-01	 -9.543784e-05 2.632875e-05 
49:  4.705882e+00  5.882353e-01	 -1.057186e-04 2.644520e-05 
50:  5.294118e+00  5.882353e-01	 -1.161344e-04 2.626849e-05 
51:  5.882353e+00  5.882353e-01	 -1.267900e-04 2.622881e-05 
52:  6.470588e+00  5.882353e-01	 -1.375248e-04 2.612451e-05 
53:  7.058824e+00  5.882353e-01	 -1.483732e-04 2.603040e-05 
54:  7.647059e+00  5.882353e-01	 -1.592656e-04 2.591391e-05 
55:  8.235294e+00  5.882353e-01	 -1.701964e-04 2.577627e-05 
56:  8.823529e+00  5.882353e-01	 -1.811272e-04 2.560626e-05 
57:  9.411765e+00  5.882353e-01	 -1.920294e-04 2.538714e-05 
58:  9.803922e+00  5.882353e-01	 -1.992461e-04 2.519216e-05 
59:  1.000000e+01  5.882353e-01	 -2.028308e-04 2.507554e-05 
60:  0.000000e+00  1.176471e+00	 0.000000e+00 -9.601640e-06 
61:  1.960784e-01  1.176471e+00	 -5.286130e-07 -1.097392e-05 
62:  5.882353e-01  1.176471e+00	 -4.676225e-06 -1.518346e-05 
63:  1.176471e+00  1.176471e+00	 -1.040754e-05 4.454273e-05 
64:  1.764706e+00  1.176471e+00	 -4.320164e-05 6.648888e-05 
65:  2.352941e+00  1.176471e+00	 -5.811635e-05 5.682589e-05 
66:  2.941176e+00  1.176471e+00	 -7.058096e-05 5.528220e-05 
67:  3.529412e+00  1.176471e+00	 -8.206777e-05 5.383361e-05 
68:  4.117647e+00  1.176471e+00	 -9.302280e-05 5.341459e-05 
69:  4.705882e+00  1.176471e+00	 -1.039699e-04 5.301096e-05 
70:  5.294118e+00  1.176471e+00	 -1.148261e-04 5.277296e-05 
71:  5.882353e+00  1.176471e+00	 -1.257436e-04 5.254817e-05 
72:  6.470588e+00  1.176471e+00	 -1.366719e-04 5.233326e-05 
73:  7.058824e+00  1.176471e+00	 -1.476353e-04 5.211312e-05 
74:  7.647059e+00  1.176471e+00	 -1.586127e-04 5.186574e-05 
75:  8.235294e+00  1.176471e+00	 -1.695944e-04 5.158330e-05 
76:  8.823529e+00  1.176471e+00	 -1.805608e-04 5.123919e-05 
77:  9.411765e+00  1.176471e+00	 -1.914868e-04 5.080608e-05 
78:  9.803922e+00  1.176471e+00	 -1.987195e-04 5.042443e-05 
79:  1.000000e+01  1.176471e+00	 -2.023140e-04 5.019846e-05 
80:  0.000000e+00  1.764706e+00	 0.000000e+00 8.414832e-05 
81:  1.960784e-01  1.764706e+00	 -6.257428e-06 1.135352e-04 
82:  5.882353e-01  1.764706e+00	 -3.384154e-06 1.370809e-04 
83:  1.176471e+00  1.764706e+00	 -1.734139e-05 1.145051e-04 
84:  1.764706e+00  1.764706e+00	 -3.505837e-05 9.812212e-05 
85:  2.352941e+00  1.764706e+00	 -5.033959e-05 8.837571e-05 
86:  2.941176e+00  1.764706e+00	 -6.497224e-05 8.458053e-05 
87:  3.529412e+00  1.764706e+00	 -7.770499e-05 8.207315e-05 
88:  4.117647e+00  1.764706e+00	 -8.991835e-05 8.089453e-05 
89:  4.705882e+00  1.764706e+00	 -1.015109e-04 8.006253e-05 
90:  5.294118e+00  1.764706e+00	 -1.129367e-04 7.951300e-05 
91:  5.882353e+00  1.764706e+00	 -1.241820e-04 7.906477e-05 
92:  6.470588e+00  1.764706e+00	 -1.353654e-04 7.867001e-05 
93:  7.058824e+00  1.764706e+00	 -1.464919e-04 7.828712e-05 
94:  7.647059e+00  1.764706e+00	 -1.575841e-04 7.788698e-05 
95:  8.235294e+00  1.764706e+00	 -1.686414e-04 7.744330e-05 
96:  8.823529e+00  1.764706e+00	 -1.796581e-04 7.692330e-05 
97:  9.411765e+00  1.764706e+00	 -1.906206e-04 7.628299e-05 
98:  9.803922e+00  1.764706e+00	 -1.978770e-04 7.573240e-05 
99:  1.000000e+01  1.764706e+00	 -2.014866e-04 7.540976e-05 
100:  0.000000e+00  2.352941e+00	 0.000000e+00 1.630169e-04 
101:  1.960784e-01  2.352941e+00	 -2.256021e-06 1.600944e-04 
102:  5.882353e-01  2.352941e+00	 -6.784801e-06 1.519936e-04 
103:  1.176471e+00  2.352941e+00	 -1.683520e-05 1.391299e-04 
104:  1.764706e+00  2.352941e+00	 -3.062505e-05 1.275059e-04 
105:  2.352941e+00  2.352941e+00	 -4.591473e-05 1.193767e-04 
106:  2.941176e+00  2.352941e+00	 -6.037273e-05 1.139949e-04 
107:  3.529412e+00  2.352941e+00	 -7.390859e-05 1.108011e-04 
108:  4.117647e+00  2.352941e+00	 -8.668289e-05 1.087926e-04 
109:  4.705882e+00  2.352941e+00	 -9.889529e-05 1.074562e-04 
110:  5.294118e+00  2.352941e+00	 -1.107346e-04 1.065186e-04 
111:  5.882353e+00  2.352941e+00	 -1.223239e-04 1.057752e-04 
112:  6.470588e+00  2.352941e+00	 -1.337443e-04 1.051515e-04 
113:  7.058824e+00  2.352941e+00	 -1.450464e-04 1.045686e-04 
114:  7.647059e+00  2.352941e+00	 -1.562602e-04 1.039901e-04 
115:  8.235294e+00  2.352941e+00	 -1.674011e-04 1.033719e-04 
116:  8.823529e+00  2.352941e+00	 -1.784753e-04 1.026731e-04 
117:  9.411765e+00  2.352941e+00	 -1.894808e-04 1.018385e-04 
118:  9.803922e+00  2.352941e+00	 -1.967665e-04 1.011413e-04 
119:  1.000000e+01  2.352941e+00	 -2.003943e-04 1.007391e-04 
120:  0.000000e+00  2.941176e+00	 0.000000e+00 1.713981e-04 
121:  1.960784e-01  2.941176e+00	 -2.173817e-06 1.723441e-04 
122:  5.882353e-01  2.941176e+00	 -7.258232e-06 1.716738e-04 
123:  1.176471e+00  2.941176e+00	 -1.758026e-05 1.643350e-04 
124:  1.764706e+00  2.941176e+00	 -3.014444e-05 1.557242e-04 
125:  2.352941e+00  2.941176e+00	 -4.363886e-05 1.483887e-04 
126:  2.941176e+00  2.941176e+00	 -5.744933e-05 1.431046e-04 
127:  3.529412e+00  2.941176e+00	 -7.093691e-05 1.393860e-04 
128:  4.117647e+00  2.941176e+00	 -8.389875e-05 1.368398e-04 
129:  4.705882e+00  2.941176e+00	 -9.639860e-05 1.350322e-04 
130:  5.294118e+00  2.941176e+00	 -1.085169e-04 1.336941e-04 
131:  5.882353e+00  2.941176e+00	 -1.203454e-04 1.326409e-04 
132:  6.470588e+00  2.941176e+00	 -1.319587e-04 1.317522e-04 
133:  7.058824e+00  2.941176e+00	 -1.434072e-04 1.309496e-04 
134:  7.647059e+00  2.941176e+00	 -1.547293e-04 1.301727e-04 
135:  8.235294e+00  2.941176e+00	 -1.659475e-04 1.293718e-04 
136:  8.823529e+00  2.941176e+00	 -1.770773e-04 1.284953e-04 
137:  9.411765e+00  2.941176e+00	 -1.881270e-04 1.274832e-04 
138:  9.803922e+00  2.941176e+00	 -1.954439e-04 1.266651e-04 
139:  1.000000e+01  2.941176e+00	 -1.990912e-04 1.262020e-04 
140:  0.000000e+00  3.529412e+00	 0.000000e+00 1.951740e-04 
141:  1.960784e-01  3.529412e+00	 -3.259611e-06 1.947782e-04 
142:  5.882353e-01  3.529412e+00	 -9.105954e-06 1.930067e-04 
143:  1.176471e+00  3.529412e+00	 -1.868761e-05 1.880900e-04 
144:  1.764706e+00  3.529412e+00	 -2.999599e-05 1.820308e-04 
145:  2.352941e+00  3.529412e+00	 -4.264701e-05 1.762339e-04 
146:  2.941176e+00  3.529412e+00	 -5.574222e-05 1.713716e-04 
147:  3.529412e+00  3.529412e+00	 -6.882382e-05 1.676052e-04 
148:  4.117647e+00  3.529412e+00	 -8.168370e-05 1.647594e-04 
149:  4.705882e+00  3.529412e+00	 -9.421689e-05 1.626050e-04 
150:  5.294118e+00  3.529412e+00	 -1.064421e-04 1.609322e-04 
151:  5.882353e+00  3.529412e+00	 -1.183957e-04 1.595794e-04 
152:  6.470588e+00  3.529412e+00	 -1.301255e-04 1.584311e-04 
153:  7.058824e+00  3.529412e+00	 -1.416741e-04 1.574000e-04 
154:  7.647059e+00  3.529412e+00	 -1.530747e-04 1.564205e-04 
155:  8.235294e+00  3.529412e+00	 -1.643536e-04 1.554350e-04 
156:  8.823529e+00  3.529412e+00	 -1.755299e-04 1.543881e-04 
157:  9.411765e+00  3.529412e+00	 -1.866200e-04 1.532180e-04 
158:  9.803922e+00  3.529412e+00	 -1.939671e-04 1.523052e-04 
159:  1.000000e+01  3.529412e+00	 -1.976330e-04 1.517994e-04 
160:  0.000000e+00  4.117647e+00	 0.000000e+00 2.159893e-04 
161:  1.960784e-01  4.117647e+00	 -2.873243e-06 2.161704e-04 
162:  5.882353e-01  4.117647e+00	 -9.129517e-06 2.154978e-04 
163:  1.176471e+00  4.117647e+00	 -1.937288e-05 2.122515e-04 
164:  1.764706e+00  4.117647e+00	 -3.047576e-05 2.078294e-04 
165:  2.352941e+00  4.117647e+00	 -4.234399e-05 2.031750e-04 
166:  2.941176e+00  4.117647e+00	 -5.477014e-05 1.989256e-04 
167:  3.529412e+00  4.117647e+00	 -6.740291e-05 1.953323e-04 
168:  4.117647e+00  4.117647e+00	 -7.998214e-05 1.924053e-04 
169:  4.705882e+00  4.117647e+00	 -9.239464e-05 1.900435e-04 
170:  5.294118e+00  4.117647e+00	 -1.045864e-04 1.881210e-04 
171:  5.882353e+00  4.117647e+00	 -1.165581e-04 1.865168e-04 
172:  6.470588e+00  4.117647e+00	 -1.283281e-04 1.851315e-04 
173:  7.058824e+00  4.117647e+00	 -1.399220e-04 1.838845e-04 
174:  7.647059e+00  4.117647e+00	 -1.513659e-04 1.827091e-04 
175:  8.235294e+00  4.117647e+00	 -1.626822e-04 1.815470e-04 
176:  8.823529e+00  4.117647e+00	 -1.738920e-04 1.803421e-04 
177:  9.411765e+00  4.117647e+00	 -1.850151e-04 1.790359e-04 
178:  9.803922e+00  4.117647e+00	 -1.923888e-04 1.780528e-04 
179:  1.000000e+01  4.117647e+00	 -1.960710e-04 1.775198e-04 
180:  0.000000e+00  4.705882e+00	 0.000000e+00 2.396554e-04 
181:  1.960784e-01  4.705882e+00	 -3.407116e-06 2.395820e-04 
182:  5.882353e-01  4.705882e+00	 -9.897498e-06 2.389965e-04 
183:  1.176471e+00  4.705882e+00	 -1.997974e-05 2.366146e-04 
184:  1.764706e+00  4.705882e+00	 -3.077971e-05 2.332726e-04 
185:  2.352941e+00  4.705882e+00	 -4.227148e-05 2.295536e-04 
186:  2.941176e+00  4.705882e+00	 -5.422365e-05 2.259103e-04 
187:  3.529412e+00  4.705882e+00	 -6.642108e-05 2.225992e-04 
188:  4.117647e+00  4.705882e+00	 -7.868699e-05 2.197228e-04 
189:  4.705882e+00  4.705882e+00	 -9.088780e-05 2.172720e-04 
190:  5.294118e+00  4.705882e+00	 -1.029575e-04 2.151855e-04 
191:  5.882353e+00  4.705882e+00	 -1.148659e-04 2.133881e-04 
192:  6.470588e+00  4.705882e+00	 -1.266103e-04 2.118040e-04 
193:  7.058824e+00  4.705882e+00	 -1.382004e-04 2.103656e-04 
194:  7.647059e+00  4.705882e+00	 -1.496517e-04 2.090124e-04 
195:  8.235294e+00  4.705882e+00	 -1.609820e-04 2.076893e-04 
196:  8.823529e+00  4.705882e+00	 -1.722100e-04 2.063439e-04 
197:  9.411765e+00  4.705882e+00	 -1.833569e-04 2.049238e-04 
198:  9.803922e+00  4.705882e+00	 -1.907522e-04 2.038907e-04 
199:  1.000000e+01  4.705882e+00	 -1.944473e-04 2.033429e-04 
200:  0.000000e+00  5.294118e+00	 0.000000e+00 2.633965e-04 
201:  1.960784e-01  5.294118e+00	 -3.264505e-06 2.634253e-04 
202:  5.882353e-01  5.294118e+00	 -9.982104e-06 2.629866e-04 
203:  1.176471e+00  5.294118e+00	 -2.033542e-05 2.612450e-04 
204:  1.764706e+00  5.294118e+00	 -3.109210e-05 2.586630e-04 
205:  2.352941e+00  5.294118e+00	 -4.228739e-05 2.556316e-04 
206:  2.941176e+00  5.294118e+00	 -5.387208e-05 2.524894e-04 
207:  3.529412e+00  5.294118e+00	 -6.571046e-05 2.494802e-04 
208:  4.117647e+00  5.294118e+00	 -7.766323e-05 2.467240e-04 
209:  4.705882e+00  5.294118e+00	 -8.962512e-05 2.442624e-04 
210:  5.294118e+00  5.294118e+00	 -1.015223e-04 2.420842e-04 
211:  5.882353e+00  5.294118e+00	 -1.133151e-04 2.401497e-04 
212:  6.470588e+00  5.294118e+00	 -1.249859e-04 2.384097e-04 
213:  7.058824e+00  5.294118e+00	 -1.365324e-04 2.368120e-04 
214:  7.647059e+00  5.294118e+00	 -1.479613e-04 2.353059e-04 
215:  8.235294e+00  5.294118e+00	 -1.592841e-04 2.338432e-04 
216:  8.823529e+00  5.294118e+00	 -1.705164e-04 2.323776e-04 
217:  9.411765e+00  5.294118e+00	 -1.816774e-04 2.308650e-04 
218:  9.803922e+00  5.294118e+00	 -1.890882e-04 2.297977e-04 
219:  1.000000e+01  5.294118e+00	 -1.927924e-04 2.292433e-04 
220:  0.000000e+00  5.882353e+00	 0.000000e+00 2.878497e-04 
221:  1.960784e-01  5.882353e+00	 -3.443846e-06 2.878418e-04 
222:  5.882353e-01  5.882353e+00	 -1.023110e-05 2.875387e-04 
223:  1.176471e+00  5.882353e+00	 -2.059250e-05 2.861409e-04 
224:  1.764706e+00  5.882353e+00	 -3.125811e-05 2.840532e-04 
225:  2.352941e+00  5.882353e+00	 -4.227349e-05 2.815205e-04 
226:  2.941176e+00  5.882353e+00	 -5.358981e-05 2.787928e-04 
227:  3.529412e+00  5.882353e+00	 -6.513033e-05 2.760575e-04 
228:  4.117647e+00  5.882353e+00	 -7.680326e-05 2.734452e-04 
229:  4.705882e+00  5.882353e+00	 -8.852436e-05 2.710200e-04 
230:  5.294118e+00  5.882353e+00	 -1.002304e-04 2.688011e-04 
231:  5.882353e+00  5.882353e+00	 -1.118787e-04 2.667781e-04 
232:  6.470588e+00  5.882353e+00	 -1.234457e-04 2.649231e-04 
233:  7.058824e+00  5.882353e+00	 -1.349214e-04 2.632002e-04 
234:  7.647059e+00  5.882353e+00	 -1.463055e-04 2.615697e-04 
235:  8.235294e+00  5.882353e+00	 -1.576041e-04 2.599918e-04 
236:  8.823529e+00  5.882353e+00	 -1.688286e-04 2.584277e-04 
237:  9.411765e+00  5.882353e+00	 -1.799949e-04 2.568421e-04 
238:  9.803922e+00  5.882353e+00	 -1.874155e-04 2.557515e-04 
239:  1.000000e+01  5.882353e+00	 -1.911253e-04 2.551948e-04 
240:  0.000000e+00  6.470588e+00	 0.000000e+00 3.126249e-04 
241:  1.960784e-01  6.470588e+00	 -3.411259e-06 3.126264e-04 
242:  5.882353e-01  6.470588e+00	 -1.028461e-05 3.123493e-04 
243:  1.176471e+00  6.470588e+00	 -2.070350e-05 3.112276e-04 
244:  1.764706e+00  6.470588e+00	 -3.132970e-05 3.094898e-04 
245:  2.352941e+00  6.470588e+00	 -4.219434e-05 3.073224e-04 
246:  2.941176e+00  6.470588e+00	 -5.329677e-05 3.049056e-04 
247:  3.529412e+00  6.470588e+00	 -6.459072e-05 3.024036e-04 
248:  4.117647e+00  6.470588e+00	 -7.601608e-05 2.999314e-04 
249:  4.705882e+00  6.470588e+00	 -8.751144e-05 2.975644e-04 
250:  5.294118e+00  6.470588e+00	 -9.902493e-05 2.953392e-04 
251:  5.882353e+00  6.470588e+00	 -1.105183e-04 2.932647e-04 
252:  6.470588e+00  6.470588e+00	 -1.219663e-04 2.913309e-04 
253:  7.058824e+00  6.470588e+00	 -1.333554e-04 2.895154e-04 
254:  7.647059e+00  6.470588e+00	 -1.446807e-04 2.877896e-04 
255:  8.235294e+00  6.470588e+00	 -1.559437e-04 2.861218e-04 
256:  8.823529e+00  6.470588e+00	 -1.671516e-04 2.844809e-04 
257:  9.411765e+00  6.470588e+00	 -1.783161e-04 2.828392e-04 
258:  9.803922e+00  6.470588e+00	 -1.857416e-04 2.817317e-04 
259:  1.000000e+01  6.470588e+00	 -1.894539e-04 2.811740e-04 
260:  0.000000e+00  7.058824e+00	 0.000000e+00 3.376608e-04 
261:  1.960784e-01  7.058824e+00	 -3.449651e-06 3.376619e-04 
262:  5.882353e-01  7.058824e+00	 -1.032505e-05 3.374491e-04 
263:  1.176471e+00  7.058824e+00	 -2.072956e-05 3.364811e-04 
264:  1.764706e+00  7.058824e+00	 -3.127948e-05 3.349794e-04 
265:  2.352941e+00  7.058824e+00	 -4.201660e-05 3.330670e-04 
266:  2.941176e+00  7.058824e+00	 -5.293807e-05 3.308886e-04 
267:  3.529412e+00  7.058824e+00	 -6.402228e-05 3.285717e-04 
268:  4.117647e+00  7.058824e+00	 -7.523004e-05 3.262244e-04 
269:  4.705882e+00  7.058824e+00	 -8.651911e-05 3.239217e-04 
270:  5.294118e+00  7.058824e+00	 -9.784973e-05 3.217106e-04 
271:  5.882353e+00  7.058824e+00	 -1.091897e-04 3.196123e-04 
272:  6.470588e+00  7.058824e+00	 -1.205158e-04 3.176295e-04 
273:  7.058824e+00  7.058824e+00	 -1.318128e-04 3.157510e-04 
274:  7.647059e+00  7.058824e+00	 -1.430730e-04 3.139572e-04 
275:  8.235294e+00  7.058824e+00	 -1.542947e-04 3.122241e-04 
276:  8.823529e+00  7.058824e+00	 -1.654810e-04 3.105267e-04 
277:  9.411765e+00  7.058824e+00	 -1.766388e-04 3.088435e-04 
278:  9.803922e+00  7.058824e+00	 -1.840656e-04 3.077223e-04 
279:  1.000000e+01  7.058824e+00	 -1.877782e-04 3.071624e-04 
280:  0.000000e+00  7.647059e+00	 0.000000e+00 3.628978e-04 
281:  1.960784e-01  7.647059e+00	 -3.426909e-06 3.628967e-04 
282:  5.882353e-01  7.647059e+00	 -1.029150e-05 3.626976e-04 
283:  1.176471e+00  7.647059e+00	 -2.064418e-05 3.618505e-04 
284:  1.764706e+00  7.647059e+00	 -3.111079e-05 3.605105e-04 
285:  2.352941e+00  7.647059e+00	 -4.171623e-05 3.587815e-04 
286:  2.941176e+00  7.647059e+00	 -5.247268e-05 3.567743e-04 
287:  3.529412e+00  7.647059e+00	 -6.336895e-05 3.546018e-04 
288:  4.117647e+00  7.647059e+00	 -7.438337e-05 3.523582e-04 
289:  4.705882e+00  7.647059e+00	 -8.548676e-05 3.501184e-04 
290:  5.294118e+00  7.647059e+00	 -9.665015e-05 3.479328e-04 
291:  5.882353e+00  7.647059e+00	 -1.078475e-04 3.458307e-04 
292:  6.470588e+00  7.647059e+00	 -1.190579e-04 3.438230e-04 
293:  7.058824e+00  7.647059e+00	 -1.302662e-04 3.419069e-04 
294:  7.647059e+00  7.647059e+00	 -1.414629e-04 3.400698e-04 
295:  8.235294e+00  7.647059e+00	 -1.526431e-04 3.382936e-04 
296:  8.823529e+00  7.647059e+00	 -1.638063e-04 3.365583e-04 
297:  9.411765e+00  7.647059e+00	 -1.749551e-04 3.348460e-04 
298:  9.803922e+00  7.647059e+00	 -1.823810e-04 3.337126e-04 
299:  1.000000e+01  7.647059e+00	 -1.860929e-04 3.331484e-04 
300:  0.000000e+00  8.235294e+00	 0.000000e+00 3.882488e-04 
301:  1.960784e-01  8.235294e+00	 -3.403207e-06 3.882499e-04 
302:  5.882353e-01  8.235294e+00	 -1.020516e-05 3.880754e-04 
303:  1.176471e+00  8.235294e+00	 -2.045979e-05 3.872989e-04 
304:  1.764706e+00  8.235294e+00	 -3.080189e-05 3.860690e-04 
305:  2.352941e+00  8.235294e+00	 -4.126334e-05 3.844647e-04 
306:  2.941176e+00  8.235294e+00	 -5.185517e-05 3.825831e-04 
307:  3.529412e+00  8.235294e+00	 -6.257733e-05 3.805192e-04 
308:  4.117647e+00  8.235294e+00	 -7.341708e-05 3.783609e-04 
309:  4.705882e+00  8.235294e+00	 -8.435611e-05 3.761790e-04 
310:  5.294118e+00  8.235294e+00	 -9.537261e-05 3.740259e-04 
311:  5.882353e+00  8.235294e+00	 -1.064454e-04 3.719347e-04 
312:  6.470588e+00  8.235294e+00	 -1.175553e-04 3.699216e-04 
313:  7.058824e+00  8.235294e+00	 -1.286870e-04 3.679892e-04 
314:  7.647059e+00  8.235294e+00	 -1.398288e-04 3.661300e-04 
315:  8.235294e+00  8.235294e+00	 -1.509731e-04 3.643302e-04 
316:  8.823529e+00  8.235294e+00	 -1.621159e-04 3.625732e-04 
317:  9.411765e+00  8.235294e+00	 -1.732560e-04 3.608426e-04 
318:  9.803922e+00  8.235294e+00	 -1.806805e-04 3.596983e-04 
319:  1.000000e+01  8.235294e+00	 -1.843914e-04 3.591278e-04 
320:  0.000000e+00  8.823529e+00	 0.000000e+00 4.136721e-04 
321:  1.960784e-01  8.823529e+00	 -3.349704e-06 4.136715e-04 
322:  5.882353e-01  8.823529e+00	 -1.005096e-05 4.135057e-04 
323:  1.176471e+00  8.823529e+00	 -2.014523e-05 4.127817e-04 
324:  1.764706e+00  8.823529e+00	 -3.032404e-05 4.116263e-04 
325:  2.352941e+00  8.823529e+00	 -4.061394e-05 4.101118e-04 
326:  2.941176e+00  8.823529e+00	 -5.103338e-05 4.083210e-04 
327:  3.529412e+00  8.823529e+00	 -6.158661e-05 4.063419e-04 
328:  4.117647e+00  8.823529e+00	 -7.226885e-05 4.042547e-04 
329:  4.705882e+00  8.823529e+00	 -8.306676e-05 4.021277e-04 
330:  5.294118e+00  8.823529e+00	 -9.396285e-05 4.000126e-04 
331:  5.882353e+00  8.823529e+00	 -1.049375e-04 3.979442e-04 
332:  6.470588e+00  8.823529e+00	 -1.159715e-04 3.959414e-04 
333:  7.058824e+00  8.823529e+00	 -1.270474e-04 3.940100e-04 
334:  7.647059e+00  8.823529e+00	 -1.381511e-04 3.921459e-04 
335:  8.235294e+00  8.823529e+00	 -1.492715e-04 3.903382e-04 
336:  8.823529e+00  8.823529e+00	 -1.604013e-04 3.885723e-04 
337:  9.411765e+00  8.823529e+00	 -1.715356e-04 3.868326e-04 
338:  9.803922e+00  8.823529e+00	 -1.789592e-04 3.856800e-04 
339:  1.000000e+01  8.823529e+00	 -1.826699e-04 3.851028e-04 
340:  0.000000e+00  9.411765e+00	 0.000000e+00 4.390927e-04 
341:  1.960784e-01  9.411765e+00	 -3.270626e-06 4.390933e-04 
342:  5.882353e-01  9.411765e+00	 -9.811110e-06 4.389375e-04 
343:  1.176471e+00  9.411765e+00	 -1.967203e-05 4.382493e-04 
344:  1.764706e+00  9.411765e+00	 -2.962467e-05 4.371505e-04 
345:  2.352941e+00  9.411765e+00	 -3.970509e-05 4.357042e-04 
346:  2.941176e+00  9.411765e+00	 -4.993427e-05 4.339879e-04 
347:  3.529412e+00  9.411765e+00	 -6.032204e-05 4.320814e-04 
348:  4.117647e+00  9.411765e+00	 -7.086530e-05 4.300607e-04 
349:  4.705882e+00  9.411765e+00	 -8.155224e-05 4.279901e-04 
350:  5.294118e+00  9.411765e+00	 -9.236400e-05 4.259200e-04 
351:  5.882353e+00  9.411765e+00	 -1.032785e-04 4.238850e-04 
352:  6.470588e+00  9.411765e+00	 -1.142727e-04 4.219052e-04 
353:  7.058824e+00  9.411765e+00	 -1.253249e-04 4.199881e-04 
354:  7.647059e+00  9.411765e+00	 -1.364164e-04 4.181314e-04 
355:  8.235294e+00  9.411765e+00	 -1.475320e-04 4.163265e-04 
356:  8.823529e+00  9.411765e+00	 -1.586608e-04 4.145606e-04 
357:  9.411765e+00  9.411765e+00	 -1.697955e-04 4.128183e-04 
358:  9.803922e+00  9.411765e+00	 -1.772192e-04 4.116613e-04 
359:  1.000000e+01  9.411765e+00	 -1.809307e-04 4.110799e-04 
360:  0.000000e+00  9.803922e+00	 0.000000e+00 4.559901e-04 
361:  1.960784e-01  9.803922e+00	 -3.191287e-06 4.559900e-04 
362:  5.882353e-01  9.803922e+00	 -9.573977e-06 4.558391e-04 
363:  1.176471e+00  9.803922e+00	 -1.920803e-05 4.551753e-04 
364:  1.764706e+00  9.803922e+00	 -2.895686e-05 4.541131e-04 
365:  2.352941e+00  9.803922e+00	 -3.886145e-05 4.527133e-04 
366:  2.941176e+00  9.803922e+00	 -4.894895e-05 4.510482e-04 
367:  3.529412e+00  9.803922e+00	 -5.922941e-05 4.491940e-04 
368:  4.117647e+00  9.803922e+00	 -6.969884e-05 4.472225e-04 
369:  4.705882e+00  9.803922e+00	 -8.034091e-05 4.451959e-04 
370:  5.294118e+00  9.803922e+00	 -9.113163e-05 4.431627e-04 
371:  5.882353e+00  9.803922e+00	 -1.020426e-04 4.411569e-04 
372:  6.470588e+00  9.803922e+00	 -1.130450e-04 4.391987e-04 
373:  7.058824e+00  9.803922e+00	 -1.241117e-04 4.372963e-04 
374:  7.647059e+00  9.803922e+00	 -1.352196e-04 4.354488e-04 
375:  8.235294e+00  9.803922e+00	 -1.463502e-04 4.336486e-04 
376:  8.823529e+00  9.803922e+00	 -1.574900e-04 4.318844e-04 
377:  9.411765e+00  9.803922e+00	 -1.686305e-04 4.301422e-04 
378:  9.803922e+00  9.803922e+00	 -1.760555e-04 4.289841e-04 
379:  1.000000e+01  9.803922e+00	 -1.797677e-04 4.284032e-04 
380:  0.000000e+00  1.000000e+01	 0.000000e+00 4.644076e-04 
381:  1.960784e-01  1.000000e+01	 -3.142426e-06 4.644077e-04 
382:  5.882353e-01  1.000000e+01	 -9.427431e-06 4.642603e-04 
383:  1.176471e+00  1.000000e+01	 -1.892412e-05 4.636108e-04 
384:  1.764706e+00  1.000000e+01	 -2.855142e-05 4.625711e-04 
385:  2.352941e+00  1.000000e+01	 -3.835662e-05 4.611992e-04 
386:  2.941176e+00  1.000000e+01	 -4.836875e-05 4.595648e-04 
387:  3.529412e+00  1.000000e+01	 -5.859831e-05 4.577414e-04 
388:  4.117647e+00  1.000000e+01	 -6.903861e-05 4.557990e-04 
389:  4.705882e+00  1.000000e+01	 -7.966979e-05 4.537977e-04 
390:  5.294118e+00  1.000000e+01	 -9.046313e-05 4.517854e-04 
391:  5.882353e+00  1.000000e+01	 -1.013857e-04 4.497957e-04 
392:  6.470588e+00  1.000000e+01	 -1.124045e-04 4.478489e-04 
393:  7.058824e+00  1.000000e+01	 -1.234888e-04 4.459540e-04 
394:  7.647059e+00  1.000000e+01	 -1.346131e-04 4.441106e-04 
395:  8.235294e+00  1.000000e+01	 -1.457570e-04 4.423121e-04 
396:  8.823529e+00  1.000000e+01	 -1.569062e-04 4.405478e-04 
397:  9.411765e+00  1.000000e+01	 -1.680511e-04 4.388046e-04 
398:  9.803922e+00  1.000000e+01	 -1.754755e-04 4.376457e-04 
399:  1.000000e+01  1.000000e+01	 -1.791875e-04 4.370650e-04 
